#     log(t)    Mwd   log(Teff)log(L/Lo) F435W F475W  F502N  F550M  F555W  F606W  F625W  F658N  F660N  F775W  F814W  F850LP F892N
  6.47321843 0.5400000  4.7824  0.7359  7.703  7.863  7.976  8.078  8.016  8.079  8.170  8.112  8.186  8.343  8.384  8.539  8.552
  6.47677421 0.5400000  4.7861  0.7539  7.687  7.847  7.960  8.062  8.000  8.063  8.154  8.096  8.170  8.327  8.368  8.523  8.537
  6.47913218 0.5400000  4.7869  0.7559  7.688  7.848  7.962  8.063  8.002  8.065  8.156  8.098  8.171  8.329  8.370  8.525  8.538
  6.48264506 0.5400000  4.7860  0.7492  7.698  7.858  7.972  8.073  8.012  8.075  8.165  8.107  8.181  8.338  8.379  8.535  8.548
  6.48786167 0.5400000  4.7830  0.7318  7.718  7.878  7.991  8.093  8.031  8.094  8.185  8.127  8.201  8.358  8.399  8.554  8.567
  6.49142985 0.5400000  4.7806  0.7183  7.733  7.893  8.006  8.107  8.046  8.109  8.199  8.142  8.216  8.372  8.413  8.568  8.582
  6.49457222 0.5400000  4.7783  0.7058  7.747  7.906  8.019  8.120  8.059  8.122  8.212  8.156  8.229  8.385  8.426  8.581  8.594
  6.49756391 0.5400000  4.7761  0.6936  7.760  7.919  8.032  8.133  8.072  8.135  8.225  8.169  8.242  8.398  8.439  8.594  8.607
  6.50048550 0.5400000  4.7739  0.6815  7.773  7.932  8.045  8.146  8.085  8.148  8.238  8.182  8.255  8.411  8.451  8.606  8.619
  6.50337467 0.5400000  4.7717  0.6696  7.785  7.945  8.057  8.158  8.097  8.160  8.250  8.194  8.267  8.423  8.463  8.618  8.631
  6.50625716 0.5400000  4.7694  0.6577  7.798  7.957  8.070  8.170  8.110  8.172  8.262  8.207  8.279  8.435  8.476  8.631  8.643
  6.50914537 0.5400000  4.7672  0.6458  7.811  7.970  8.082  8.182  8.122  8.185  8.274  8.220  8.292  8.447  8.488  8.643  8.656
  6.51204742 0.5400000  4.7650  0.6340  7.823  7.982  8.094  8.194  8.134  8.197  8.286  8.232  8.304  8.459  8.499  8.654  8.667
  6.51496567 0.5400000  4.7628  0.6221  7.836  7.994  8.106  8.206  8.146  8.209  8.298  8.244  8.316  8.471  8.511  8.666  8.679
  6.51790872 0.5400000  4.7605  0.6103  7.848  8.006  8.118  8.218  8.158  8.221  8.310  8.256  8.328  8.482  8.523  8.678  8.691
  6.52086990 0.5400000  4.7583  0.5985  7.860  8.019  8.130  8.230  8.170  8.233  8.322  8.269  8.340  8.494  8.535  8.690  8.703
  6.52384967 0.5400000  4.7561  0.5867  7.873  8.031  8.142  8.242  8.182  8.245  8.334  8.281  8.352  8.506  8.547  8.701  8.714
  6.52685805 0.5400000  4.7538  0.5748  7.885  8.043  8.154  8.254  8.194  8.257  8.346  8.293  8.365  8.517  8.558  8.713  8.726
  6.52989217 0.5400000  4.7516  0.5630  7.897  8.055  8.166  8.266  8.206  8.268  8.358  8.305  8.377  8.529  8.570  8.725  8.738
  6.53295492 0.5400000  4.7493  0.5512  7.910  8.067  8.178  8.277  8.218  8.280  8.369  8.317  8.389  8.541  8.582  8.736  8.749
  6.53604817 0.5400000  4.7470  0.5394  7.922  8.079  8.189  8.289  8.230  8.292  8.381  8.329  8.401  8.552  8.593  8.748  8.761
  6.53916480 0.5400000  4.7448  0.5276  7.934  8.091  8.201  8.300  8.241  8.304  8.393  8.341  8.412  8.564  8.605  8.759  8.773
  6.54230860 0.5400000  4.7425  0.5158  7.946  8.103  8.213  8.312  8.253  8.315  8.404  8.353  8.424  8.575  8.616  8.771  8.784
  6.54547959 0.5400000  4.7402  0.5040  7.958  8.114  8.224  8.324  8.265  8.327  8.416  8.365  8.436  8.586  8.628  8.782  8.795
  6.54867298 0.5400000  4.7379  0.4921  7.970  8.126  8.236  8.335  8.276  8.339  8.427  8.377  8.448  8.598  8.639  8.794  8.807
  6.55189213 0.5400000  4.7356  0.4804  7.982  8.138  8.248  8.347  8.288  8.350  8.439  8.389  8.459  8.609  8.650  8.805  8.818
  6.55514322 0.5400000  4.7333  0.4685  7.994  8.150  8.259  8.358  8.300  8.362  8.450  8.401  8.471  8.621  8.662  8.816  8.830
  6.55842054 0.5400000  4.7310  0.4567  8.006  8.162  8.271  8.370  8.311  8.373  8.462  8.413  8.483  8.632  8.673  8.828  8.841
  6.56172648 0.5400000  4.7287  0.4449  8.018  8.173  8.282  8.381  8.322  8.385  8.473  8.425  8.494  8.643  8.684  8.839  8.852
  6.56506007 0.5400000  4.7264  0.4331  8.030  8.185  8.294  8.392  8.334  8.396  8.484  8.436  8.506  8.654  8.695  8.850  8.863
  6.56841464 0.5400000  4.7241  0.4212  8.042  8.197  8.305  8.404  8.345  8.407  8.496  8.448  8.518  8.666  8.707  8.861  8.874
  6.57178304 0.5400000  4.7218  0.4094  8.053  8.208  8.317  8.415  8.357  8.419  8.507  8.460  8.529  8.677  8.718  8.872  8.885
  6.57517528 0.5400000  4.7194  0.3976  8.065  8.220  8.328  8.426  8.368  8.430  8.518  8.471  8.540  8.688  8.729  8.883  8.896
  6.57859423 0.5400000  4.7171  0.3858  8.077  8.232  8.339  8.438  8.379  8.441  8.529  8.483  8.552  8.699  8.740  8.894  8.907
  6.58203940 0.5400000  4.7148  0.3740  8.089  8.243  8.351  8.449  8.391  8.453  8.541  8.495  8.563  8.710  8.751  8.905  8.918
  6.58551128 0.5400000  4.7124  0.3621  8.100  8.255  8.362  8.460  8.402  8.464  8.552  8.506  8.575  8.721  8.762  8.916  8.929
  6.58900461 0.5400000  4.7101  0.3503  8.112  8.266  8.373  8.471  8.413  8.475  8.563  8.518  8.586  8.732  8.773  8.927  8.940
  6.59251559 0.5400000  4.7077  0.3384  8.124  8.278  8.384  8.483  8.424  8.486  8.574  8.529  8.597  8.743  8.784  8.938  8.950
  6.59603944 0.5400000  4.7054  0.3266  8.135  8.289  8.396  8.494  8.436  8.497  8.585  8.541  8.608  8.754  8.795  8.948  8.961
  6.59958666 0.5400000  4.7030  0.3148  8.147  8.300  8.407  8.505  8.447  8.508  8.596  8.552  8.619  8.765  8.805  8.959  8.972
  6.60315391 0.5400000  4.7006  0.3029  8.158  8.312  8.418  8.516  8.458  8.519  8.607  8.564  8.631  8.776  8.816  8.970  8.983
  6.60674071 0.5400000  4.6982  0.2911  8.170  8.323  8.429  8.527  8.469  8.530  8.618  8.575  8.642  8.787  8.827  8.981  8.993
  6.61035088 0.5400000  4.6958  0.2793  8.181  8.334  8.440  8.538  8.480  8.541  8.629  8.586  8.653  8.798  8.838  8.991  9.004
  6.61398441 0.5400000  4.6935  0.2675  8.193  8.346  8.451  8.549  8.491  8.552  8.640  8.598  8.664  8.808  8.848  9.002  9.014
  6.61763892 0.5400000  4.6911  0.2556  8.205  8.357  8.462  8.560  8.502  8.564  8.651  8.610  8.676  8.820  8.859  9.013  9.025
  6.62131585 0.5400000  4.6887  0.2438  8.216  8.369  8.473  8.571  8.513  8.575  8.662  8.621  8.687  8.830  8.870  9.024  9.036
  6.62501280 0.5400000  4.6862  0.2319  8.228  8.380  8.484  8.582  8.525  8.586  8.673  8.632  8.698  8.841  8.881  9.035  9.047
  6.62870928 0.5400000  4.6838  0.2201  8.239  8.391  8.495  8.593  8.536  8.597  8.684  8.644  8.709  8.852  8.892  9.045  9.058
  6.63242483 0.5400000  4.6814  0.2082  8.251  8.403  8.507  8.604  8.547  8.608  8.695  8.655  8.721  8.863  8.903  9.056  9.068
  6.63616280 0.5400000  4.6790  0.1964  8.262  8.414  8.518  8.615  8.558  8.619  8.706  8.667  8.732  8.874  8.913  9.067  9.079
  6.63992270 0.5400000  4.6766  0.1846  8.274  8.425  8.528  8.625  8.569  8.630  8.717  8.678  8.743  8.884  8.924  9.077  9.090
  6.64370263 0.5400000  4.6741  0.1727  8.285  8.437  8.540  8.636  8.580  8.641  8.728  8.690  8.754  8.895  8.935  9.088  9.100
  6.64750211 0.5400000  4.6717  0.1609  8.297  8.448  8.551  8.647  8.591  8.652  8.738  8.701  8.765  8.906  8.945  9.099  9.111
  6.65132162 0.5400000  4.6692  0.1491  8.308  8.459  8.561  8.658  8.602  8.663  8.749  8.712  8.776  8.916  8.956  9.109  9.121
  6.65515448 0.5400000  4.6668  0.1372  8.320  8.470  8.572  8.669  8.613  8.674  8.760  8.724  8.787  8.927  8.967  9.120  9.132
  6.65900689 0.5400000  4.6643  0.1254  8.331  8.481  8.583  8.679  8.624  8.684  8.771  8.735  8.798  8.938  8.977  9.130  9.142
  6.66286884 0.5400000  4.6618  0.1135  8.343  8.493  8.594  8.690  8.635  8.695  8.781  8.746  8.809  8.948  8.988  9.141  9.153
  6.66673461 0.5400000  4.6593  0.1016  8.354  8.504  8.605  8.701  8.646  8.706  8.792  8.757  8.820  8.959  8.998  9.152  9.163
  6.67061373 0.5400000  4.6568  0.0897  8.366  8.515  8.616  8.712  8.657  8.717  8.803  8.769  8.831  8.969  9.009  9.162  9.174
  6.67449238 0.5400000  4.6543  0.0778  8.377  8.526  8.627  8.722  8.667  8.728  8.814  8.780  8.842  8.980  9.019  9.173  9.184
  6.67836768 0.5400000  4.6518  0.0659  8.388  8.537  8.637  8.733  8.678  8.738  8.824  8.791  8.853  8.990  9.030  9.183  9.194
  6.68223680 0.5400000  4.6493  0.0541  8.399  8.548  8.648  8.743  8.689  8.749  8.835  8.802  8.864  9.001  9.040  9.193  9.205
  6.68613929 0.5400000  4.6467  0.0423  8.411  8.559  8.659  8.754  8.699  8.760  8.845  8.813  8.875  9.011  9.050  9.204  9.215
  6.69006610 0.5400000  4.6442  0.0305  8.422  8.570  8.669  8.765  8.710  8.770  8.856  8.824  8.886  9.021  9.061  9.214  9.225
  6.69402772 0.5400000  4.6417  0.0187  8.433  8.581  8.680  8.775  8.721  8.781  8.866  8.836  8.897  9.032  9.071  9.224  9.236
  6.69802654 0.5400000  4.6392  0.0069  8.445  8.592  8.691  8.786  8.732  8.792  8.877  8.847  8.908  9.042  9.082  9.235  9.246
  6.70204539 0.5400000  4.6367 -0.0049  8.456  8.603  8.702  8.797  8.743  8.803  8.888  8.858  8.919  9.053  9.092  9.245  9.256
  6.70609285 0.5400000  4.6341 -0.0167  8.468  8.615  8.712  8.807  8.753  8.813  8.898  8.869  8.929  9.063  9.102  9.255  9.266
  6.71015986 0.5400000  4.6316 -0.0285  8.479  8.626  8.723  8.818  8.764  8.824  8.909  8.881  8.941  9.074  9.113  9.266  9.277
  6.71426026 0.5400000  4.6291 -0.0403  8.491  8.637  8.734  8.829  8.775  8.835  8.920  8.892  8.951  9.084  9.123  9.276  9.287
  6.71838402 0.5400000  4.6265 -0.0521  8.502  8.648  8.745  8.840  8.786  8.846  8.930  8.904  8.963  9.095  9.134  9.287  9.298
  6.72254307 0.5400000  4.6240 -0.0640  8.514  8.660  8.756  8.851  8.797  8.857  8.941  8.915  8.974  9.105  9.145  9.298  9.308
  6.72672501 0.5400000  4.6215 -0.0758  8.525  8.671  8.767  8.861  8.808  8.868  8.952  8.927  8.985  9.116  9.155  9.308  9.319
  6.73093508 0.5400000  4.6189 -0.0875  8.537  8.682  8.778  8.872  8.819  8.879  8.963  8.938  8.996  9.126  9.166  9.319  9.329
  6.73518045 0.5400000  4.6164 -0.0993  8.549  8.694  8.789  8.883  8.830  8.890  8.974  8.950  9.007  9.137  9.176  9.329  9.339
  6.73947064 0.5400000  4.6139 -0.1111  8.560  8.705  8.800  8.894  8.841  8.901  8.985  8.961  9.018  9.148  9.187  9.340  9.350
  6.74379278 0.5400000  4.6113 -0.1229  8.572  8.717  8.811  8.905  8.852  8.912  8.996  8.973  9.030  9.158  9.198  9.350  9.360
  6.74814496 0.5400000  4.6087 -0.1347  8.584  8.728  8.822  8.916  8.863  8.923  9.006  8.984  9.041  9.169  9.208  9.361  9.371
  6.75250764 0.5400000  4.6062 -0.1466  8.596  8.740  8.833  8.927  8.874  8.934  9.018  8.996  9.052  9.180  9.219  9.372  9.382
  6.75689369 0.5400000  4.6037 -0.1584  8.608  8.751  8.844  8.938  8.885  8.945  9.029  9.008  9.064  9.190  9.230  9.383  9.392
  6.76131025 0.5400000  4.6011 -0.1702  8.619  8.763  8.855  8.949  8.897  8.956  9.040  9.020  9.075  9.201  9.241  9.393  9.403
  6.76575496 0.5400000  4.5985 -0.1820  8.632  8.775  8.867  8.960  8.908  8.967  9.051  9.032  9.087  9.212  9.252  9.404  9.414
  6.77022780 0.5400000  4.5960 -0.1938  8.644  8.786  8.878  8.972  8.920  8.979  9.062  9.044  9.099  9.223  9.263  9.415  9.425
  6.77472877 0.5400000  4.5934 -0.2055  8.656  8.798  8.889  8.983  8.931  8.990  9.074  9.056  9.110  9.234  9.274  9.426  9.436
  6.77928030 0.5400000  4.5909 -0.2173  8.669  8.810  8.901  8.994  8.943  9.002  9.085  9.068  9.122  9.245  9.285  9.437  9.447
  6.78386855 0.5400000  4.5883 -0.2291  8.681  8.823  8.913  9.006  8.954  9.014  9.096  9.081  9.134  9.257  9.296  9.448  9.458
  6.78848493 0.5400000  4.5857 -0.2409  8.694  8.835  8.924  9.017  8.966  9.025  9.108  9.093  9.146  9.268  9.307  9.460  9.469
  6.79312516 0.5400000  4.5832 -0.2527  8.706  8.847  8.936  9.029  8.978  9.037  9.119  9.106  9.158  9.279  9.319  9.471  9.480
  6.79778780 0.5400000  4.5806 -0.2645  8.719  8.859  8.948  9.041  8.990  9.049  9.131  9.118  9.170  9.291  9.330  9.482  9.491
  6.80247286 0.5400000  4.5781 -0.2763  8.732  8.871  8.960  9.052  9.002  9.061  9.143  9.131  9.182  9.302  9.342  9.493  9.502
  6.80719321 0.5400000  4.5755 -0.2881  8.745  8.884  8.972  9.064  9.014  9.073  9.154  9.144  9.195  9.313  9.353  9.505  9.514
  6.81194027 0.5400000  4.5729 -0.2998  8.757  8.896  8.984  9.076  9.026  9.084  9.166  9.156  9.207  9.325  9.364  9.516  9.525
  6.81674408 0.5400000  4.5704 -0.3116  8.770  8.909  8.996  9.088  9.038  9.097  9.178  9.169  9.219  9.336  9.376  9.528  9.536
  6.82159939 0.5400000  4.5678 -0.3234  8.784  8.921  9.008  9.100  9.050  9.109  9.190  9.182  9.232  9.348  9.388  9.539  9.548
  6.82649476 0.5400000  4.5652 -0.3351  8.796  8.934  9.020  9.112  9.062  9.121  9.202  9.195  9.244  9.360  9.399  9.551  9.559
  6.83142066 0.5400000  4.5626 -0.3470  8.810  8.947  9.032  9.124  9.075  9.133  9.214  9.208  9.257  9.372  9.411  9.563  9.571
  6.83637230 0.5400000  4.5601 -0.3587  8.823  8.959  9.044  9.136  9.087  9.145  9.226  9.221  9.269  9.383  9.423  9.574  9.582
  6.84135686 0.5400000  4.5575 -0.3705  8.836  8.972  9.057  9.148  9.099  9.158  9.238  9.235  9.282  9.395  9.435  9.586  9.594
  6.84637241 0.5400000  4.5549 -0.3823  8.850  8.985  9.069  9.160  9.112  9.170  9.250  9.248  9.295  9.407  9.447  9.598  9.606
  6.85143900 0.5400000  4.5524 -0.3940  8.863  8.998  9.081  9.172  9.124  9.182  9.262  9.261  9.307  9.419  9.458  9.609  9.617
  6.85656710 0.5400000  4.5498 -0.4058  8.877  9.011  9.094  9.185  9.137  9.195  9.274  9.275  9.320  9.431  9.470  9.621  9.629
  6.86173479 0.5400000  4.5472 -0.4175  8.890  9.024  9.106  9.197  9.149  9.207  9.286  9.288  9.333  9.443  9.482  9.633  9.641
  6.86693872 0.5400000  4.5446 -0.4293  8.904  9.037  9.119  9.209  9.162  9.220  9.299  9.302  9.346  9.455  9.494  9.645  9.653
  6.87217270 0.5400000  4.5420 -0.4411  8.918  9.051  9.132  9.222  9.175  9.233  9.312  9.316  9.359  9.468  9.507  9.657  9.665
  6.87743339 0.5400000  4.5395 -0.4529  8.933  9.065  9.146  9.236  9.189  9.247  9.325  9.331  9.374  9.481  9.520  9.670  9.678
  6.88272508 0.5400000  4.5369 -0.4647  8.948  9.080  9.160  9.249  9.203  9.261  9.339  9.346  9.388  9.494  9.533  9.683  9.691
  6.88805779 0.5400000  4.5343 -0.4764  8.963  9.094  9.173  9.263  9.217  9.274  9.352  9.360  9.402  9.507  9.546  9.696  9.704
  6.89342865 0.5400000  4.5317 -0.4882  8.978  9.109  9.187  9.277  9.231  9.288  9.366  9.376  9.417  9.520  9.560  9.710  9.717
  6.89883528 0.5400000  4.5291 -0.5000  8.994  9.124  9.202  9.291  9.245  9.303  9.380  9.391  9.431  9.534  9.573  9.723  9.730
  6.90428341 0.5400000  4.5265 -0.5117  9.009  9.139  9.216  9.304  9.259  9.317  9.394  9.406  9.446  9.547  9.587  9.736  9.743
  6.90977446 0.5400000  4.5239 -0.5235  9.025  9.154  9.230  9.319  9.274  9.331  9.408  9.422  9.461  9.561  9.600  9.750  9.757
  6.91530414 0.5400000  4.5213 -0.5352  9.041  9.169  9.244  9.333  9.288  9.345  9.422  9.437  9.476  9.575  9.614  9.763  9.770
  6.92088057 0.5400000  4.5187 -0.5470  9.057  9.184  9.259  9.347  9.303  9.360  9.436  9.453  9.491  9.589  9.628  9.777  9.784
  6.92650087 0.5400000  4.5161 -0.5587  9.073  9.200  9.273  9.361  9.317  9.374  9.451  9.469  9.506  9.603  9.642  9.791  9.797
  6.93216505 0.5400000  4.5136 -0.5705  9.089  9.215  9.288  9.376  9.332  9.389  9.465  9.485  9.522  9.617  9.656  9.805  9.811
  6.93787168 0.5400000  4.5110 -0.5822  9.106  9.231  9.303  9.391  9.347  9.404  9.480  9.501  9.537  9.631  9.670  9.819  9.825
  6.94362362 0.5400000  4.5084 -0.5940  9.122  9.247  9.318  9.406  9.363  9.419  9.495  9.518  9.553  9.646  9.685  9.833  9.839
  6.94942373 0.5400000  4.5057 -0.6057  9.139  9.263  9.333  9.420  9.378  9.434  9.510  9.534  9.569  9.660  9.699  9.847  9.853
  6.95526963 0.5400000  4.5031 -0.6175  9.156  9.279  9.349  9.435  9.393  9.450  9.525  9.551  9.585  9.675  9.714  9.862  9.868
  6.96116370 0.5400000  4.5005 -0.6292  9.173  9.295  9.364  9.450  9.409  9.465  9.540  9.568  9.601  9.689  9.728  9.876  9.882
  6.96710690 0.5400000  4.4979 -0.6410  9.190  9.312  9.380  9.466  9.424  9.480  9.555  9.585  9.617  9.704  9.743  9.891  9.897
  6.97309398 0.5400000  4.4953 -0.6527  9.207  9.328  9.395  9.481  9.440  9.496  9.570  9.602  9.633  9.719  9.758  9.905  9.911
  6.97912541 0.5400000  4.4927 -0.6645  9.225  9.345  9.411  9.497  9.456  9.512  9.586  9.619  9.650  9.734  9.773  9.920  9.926
  6.98519406 0.5400000  4.4900 -0.6763  9.243  9.362  9.427  9.512  9.472  9.528  9.602  9.637  9.667  9.750  9.788  9.935  9.941
  6.99129275 0.5400000  4.4874 -0.6881  9.260  9.379  9.443  9.528  9.488  9.544  9.617  9.654  9.684  9.765  9.804  9.950  9.956
  6.99740720 0.5400000  4.4847 -0.6998  9.278  9.396  9.459  9.544  9.504  9.559  9.633  9.672  9.700  9.780  9.819  9.965  9.970
  7.00357363 0.5400000  4.4821 -0.7115  9.296  9.413  9.475  9.559  9.520  9.575  9.649  9.690  9.717  9.795  9.834  9.980  9.985
  7.00980446 0.5400000  4.4794 -0.7232  9.314  9.430  9.491  9.575  9.537  9.592  9.665  9.708  9.734  9.811  9.849  9.995 10.001
  7.01609729 0.5400000  4.4768 -0.7349  9.332  9.448  9.507  9.591  9.553  9.608  9.681  9.725  9.751  9.826  9.865 10.010 10.016
  7.02244641 0.5400000  4.4741 -0.7466  9.349  9.464  9.522  9.606  9.568  9.623  9.695  9.741  9.767  9.840  9.879 10.024 10.029
  7.02885801 0.5400000  4.4715 -0.7583  9.366  9.480  9.537  9.621  9.583  9.638  9.710  9.757  9.782  9.855  9.893 10.038 10.043
  7.03534306 0.5400000  4.4689 -0.7700  9.383  9.496  9.552  9.636  9.598  9.653  9.725  9.773  9.798  9.869  9.907 10.052 10.057
  7.04193162 0.5400000  4.4663 -0.7816  9.400  9.512  9.567  9.650  9.613  9.668  9.739  9.789  9.813  9.883  9.921 10.065 10.070
  7.04862557 0.5400000  4.4636 -0.7933  9.417  9.528  9.583  9.665  9.629  9.683  9.754  9.805  9.829  9.897  9.935 10.079 10.084
  7.05540156 0.5400000  4.4610 -0.8050  9.434  9.544  9.598  9.680  9.644  9.698  9.769  9.821  9.844  9.911  9.949 10.093 10.098
  7.06225244 0.5400000  4.4584 -0.8166  9.451  9.560  9.613  9.695  9.659  9.713  9.783  9.837  9.860  9.925  9.963 10.106 10.111
  7.06917725 0.5400000  4.4557 -0.8283  9.468  9.576  9.628  9.710  9.674  9.728  9.798  9.853  9.875  9.939  9.977 10.120 10.125
  7.07619317 0.5400000  4.4531 -0.8398  9.485  9.592  9.643  9.724  9.689  9.743  9.813  9.869  9.891  9.953  9.991 10.134 10.138
  7.08336791 0.5400000  4.4505 -0.8514  9.502  9.608  9.658  9.739  9.705  9.758  9.827  9.885  9.906  9.967 10.005 10.147 10.152
  7.09071386 0.5400000  4.4479 -0.8630  9.519  9.624  9.674  9.754  9.720  9.773  9.842  9.900  9.922  9.981 10.018 10.161 10.165
  7.09818907 0.5400000  4.4453 -0.8746  9.536  9.641  9.689  9.769  9.735  9.788  9.857  9.916  9.937  9.995 10.032 10.174 10.179
  7.10577636 0.5400000  4.4427 -0.8862  9.553  9.657  9.704  9.784  9.750  9.803  9.871  9.932  9.953 10.009 10.046 10.188 10.192
  7.11347526 0.5400000  4.4400 -0.8978  9.570  9.673  9.719  9.799  9.766  9.818  9.886  9.948  9.968 10.023 10.060 10.202 10.206
  7.12127719 0.5400000  4.4374 -0.9095  9.588  9.690  9.735  9.814  9.781  9.833  9.901  9.964  9.984 10.037 10.074 10.215 10.220
  7.12918216 0.5400000  4.4348 -0.9210  9.605  9.706  9.750  9.829  9.796  9.848  9.916  9.980  9.999 10.051 10.088 10.229 10.233
  7.13723453 0.5400000  4.4322 -0.9324  9.622  9.722  9.765  9.843  9.811  9.863  9.930  9.995 10.015 10.065 10.102 10.242 10.246
  7.14553871 0.5400000  4.4296 -0.9439  9.639  9.738  9.781  9.858  9.827  9.878  9.945 10.011 10.030 10.079 10.116 10.256 10.260
  7.15404701 0.5400000  4.4270 -0.9555  9.657  9.755  9.796  9.873  9.842  9.893  9.960 10.027 10.046 10.093 10.130 10.269 10.273
  7.16270508 0.5400000  4.4244 -0.9671  9.674  9.771  9.812  9.888  9.858  9.909  9.975 10.043 10.061 10.107 10.144 10.283 10.287
  7.17151532 0.5400000  4.4218 -0.9785  9.692  9.787  9.827  9.903  9.873  9.924  9.989 10.058 10.077 10.121 10.157 10.296 10.300
  7.18055640 0.5400000  4.4192 -0.9900  9.709  9.804  9.842  9.918  9.888  9.939 10.004 10.074 10.092 10.135 10.171 10.310 10.314
  7.18977825 0.5400000  4.4166 -1.0015  9.727  9.820  9.858  9.933  9.904  9.954 10.019 10.090 10.108 10.149 10.185 10.323 10.327
  7.19918134 0.5400000  4.4140 -1.0131  9.744  9.837  9.873  9.949  9.919  9.969 10.034 10.105 10.123 10.163 10.199 10.337 10.341
  7.20873182 0.5400000  4.4114 -1.0247  9.762  9.853  9.889  9.964  9.935  9.985 10.049 10.121 10.139 10.177 10.213 10.351 10.354
  7.21842110 0.5400000  4.4088 -1.0363  9.780  9.870  9.905  9.979  9.951 10.000 10.064 10.137 10.155 10.192 10.227 10.364 10.368
  7.22823537 0.5400000  4.4062 -1.0478  9.798  9.887  9.921  9.994  9.966 10.016 10.079 10.153 10.170 10.206 10.241 10.378 10.381
  7.23819179 0.5400000  4.4035 -1.0594  9.815  9.904  9.936 10.009  9.982 10.031 10.094 10.169 10.186 10.220 10.255 10.391 10.395
  7.24828987 0.5400000  4.4009 -1.0710  9.833  9.920  9.952 10.025  9.998 10.046 10.109 10.184 10.202 10.234 10.269 10.405 10.408
  7.25850674 0.5400000  4.3983 -1.0825  9.851  9.937  9.968 10.040 10.013 10.062 10.123 10.200 10.217 10.248 10.283 10.418 10.422
  7.26885099 0.5400000  4.3957 -1.0941  9.868  9.953  9.982 10.054 10.028 10.076 10.138 10.215 10.232 10.261 10.296 10.431 10.434
  7.27932402 0.5400000  4.3930 -1.1057  9.884  9.968  9.997 10.068 10.042 10.090 10.151 10.230 10.247 10.274 10.309 10.444 10.447
  7.28988867 0.5400000  4.3904 -1.1173  9.901  9.984 10.011 10.082 10.057 10.105 10.165 10.244 10.261 10.287 10.322 10.456 10.459
  7.30057925 0.5400000  4.3878 -1.1289  9.917  9.999 10.026 10.096 10.071 10.119 10.179 10.259 10.276 10.300 10.335 10.469 10.472
  7.31135333 0.5400000  4.3851 -1.1405  9.933 10.014 10.040 10.110 10.085 10.133 10.192 10.274 10.290 10.313 10.348 10.481 10.484
  7.32221950 0.5400000  4.3825 -1.1521  9.949 10.029 10.054 10.124 10.099 10.147 10.206 10.288 10.304 10.326 10.360 10.493 10.496
  7.33316440 0.5400000  4.3799 -1.1638  9.966 10.045 10.069 10.138 10.114 10.161 10.219 10.303 10.319 10.339 10.373 10.506 10.508
  7.34419471 0.5400000  4.3772 -1.1754  9.982 10.059 10.083 10.151 10.128 10.174 10.233 10.317 10.333 10.351 10.385 10.518 10.520
  7.35529851 0.5400000  4.3745 -1.1870  9.997 10.074 10.097 10.165 10.141 10.188 10.246 10.331 10.347 10.364 10.398 10.530 10.532
  7.36646054 0.5400000  4.3719 -1.1986 10.013 10.089 10.110 10.178 10.155 10.202 10.259 10.345 10.361 10.376 10.410 10.541 10.544
  7.37770180 0.5400000  4.3692 -1.2102 10.029 10.104 10.124 10.191 10.169 10.215 10.272 10.359 10.375 10.389 10.422 10.553 10.556
  7.38904564 0.5400000  4.3666 -1.2218 10.045 10.119 10.138 10.205 10.183 10.229 10.285 10.373 10.388 10.401 10.435 10.565 10.568
  7.40045965 0.5400000  4.3639 -1.2334 10.060 10.133 10.152 10.218 10.196 10.242 10.298 10.387 10.402 10.413 10.447 10.577 10.579
  7.41195336 0.5400000  4.3612 -1.2450 10.076 10.148 10.165 10.231 10.210 10.255 10.311 10.400 10.416 10.425 10.459 10.588 10.591
  7.42354202 0.5400000  4.3585 -1.2567 10.092 10.163 10.179 10.244 10.224 10.269 10.324 10.414 10.430 10.437 10.471 10.600 10.602
  7.43518225 0.5400000  4.3558 -1.2682 10.107 10.177 10.192 10.257 10.237 10.282 10.337 10.428 10.443 10.449 10.482 10.611 10.613
  7.44690887 0.5400000  4.3532 -1.2799 10.122 10.192 10.206 10.270 10.250 10.295 10.350 10.441 10.456 10.461 10.494 10.623 10.625
  7.45869327 0.5400000  4.3505 -1.2914 10.137 10.206 10.219 10.283 10.263 10.308 10.362 10.454 10.469 10.473 10.506 10.634 10.636
  7.47058551 0.5400000  4.3478 -1.3030 10.153 10.220 10.232 10.295 10.276 10.321 10.374 10.468 10.483 10.484 10.517 10.645 10.647
  7.48256225 0.5400000  4.3451 -1.3146 10.168 10.234 10.246 10.308 10.290 10.334 10.387 10.481 10.496 10.496 10.529 10.656 10.658
  7.49464921 0.5400000  4.3424 -1.3262 10.183 10.248 10.259 10.321 10.303 10.346 10.399 10.494 10.509 10.508 10.540 10.667 10.669
  7.50679493 0.5400000  4.3397 -1.3378 10.198 10.262 10.272 10.333 10.316 10.359 10.411 10.507 10.522 10.519 10.551 10.678 10.680
  7.51904230 0.5400000  4.3370 -1.3494 10.213 10.276 10.285 10.346 10.329 10.372 10.424 10.520 10.535 10.531 10.563 10.689 10.690
  7.53138844 0.5400000  4.3343 -1.3610 10.228 10.290 10.298 10.358 10.341 10.384 10.436 10.533 10.548 10.542 10.574 10.699 10.701
  7.54375807 0.5400000  4.3316 -1.3726 10.243 10.304 10.311 10.371 10.354 10.397 10.448 10.546 10.561 10.553 10.585 10.710 10.712
  7.55622125 0.5400000  4.3289 -1.3842 10.258 10.318 10.324 10.383 10.367 10.409 10.460 10.559 10.573 10.564 10.596 10.721 10.722
  7.56876557 0.5400000  4.3262 -1.3958 10.272 10.331 10.336 10.395 10.380 10.422 10.472 10.571 10.586 10.576 10.607 10.731 10.733
  7.58134625 0.5400000  4.3235 -1.4074 10.287 10.345 10.349 10.407 10.392 10.434 10.484 10.584 10.599 10.587 10.618 10.742 10.743
  7.59401378 0.5400000  4.3208 -1.4190 10.301 10.359 10.362 10.419 10.405 10.446 10.496 10.596 10.611 10.598 10.629 10.752 10.753
  7.60669764 0.5400000  4.3181 -1.4306 10.316 10.372 10.374 10.432 10.417 10.459 10.507 10.609 10.624 10.609 10.640 10.763 10.764
  7.61943643 0.5400000  4.3154 -1.4422 10.331 10.386 10.387 10.443 10.430 10.471 10.519 10.621 10.636 10.620 10.651 10.773 10.774
  7.63219535 0.5400000  4.3127 -1.4539 10.345 10.399 10.400 10.456 10.442 10.483 10.531 10.634 10.649 10.631 10.661 10.783 10.784
  7.64498869 0.5400000  4.3100 -1.4655 10.359 10.413 10.412 10.467 10.454 10.495 10.542 10.646 10.661 10.641 10.672 10.794 10.794
  7.65778406 0.5400000  4.3073 -1.4771 10.374 10.426 10.424 10.479 10.467 10.507 10.554 10.658 10.673 10.652 10.683 10.804 10.804
  7.67060859 0.5400000  4.3045 -1.4888 10.388 10.439 10.437 10.491 10.479 10.519 10.566 10.670 10.686 10.663 10.693 10.814 10.814
  7.68339698 0.5400000  4.3018 -1.5005 10.402 10.453 10.449 10.503 10.491 10.531 10.577 10.682 10.698 10.673 10.704 10.824 10.824
  7.69617833 0.5400000  4.2991 -1.5121 10.417 10.466 10.462 10.515 10.504 10.543 10.589 10.695 10.710 10.684 10.715 10.834 10.835
  7.70895026 0.5400000  4.2964 -1.5238 10.432 10.480 10.475 10.527 10.517 10.556 10.601 10.708 10.724 10.696 10.726 10.845 10.845
  7.72171323 0.5400000  4.2936 -1.5355 10.448 10.494 10.488 10.540 10.530 10.569 10.613 10.722 10.737 10.707 10.737 10.855 10.856
  7.73447107 0.5400000  4.2909 -1.5471 10.462 10.508 10.501 10.552 10.542 10.581 10.625 10.735 10.750 10.718 10.748 10.866 10.866
  7.74720612 0.5400000  4.2881 -1.5588 10.478 10.522 10.514 10.564 10.555 10.594 10.637 10.748 10.763 10.730 10.759 10.876 10.876
  7.75989980 0.5400000  4.2854 -1.5705 10.493 10.536 10.527 10.577 10.568 10.606 10.649 10.761 10.776 10.741 10.770 10.886 10.887
  7.77255545 0.5400000  4.2827 -1.5822 10.508 10.550 10.540 10.589 10.581 10.619 10.661 10.774 10.789 10.752 10.781 10.897 10.897
  7.78517784 0.5400000  4.2799 -1.5939 10.523 10.564 10.552 10.601 10.594 10.631 10.673 10.787 10.802 10.763 10.792 10.907 10.908
  7.79777080 0.5400000  4.2772 -1.6056 10.538 10.578 10.565 10.614 10.606 10.644 10.685 10.800 10.815 10.774 10.803 10.917 10.918
  7.81033430 0.5400000  4.2744 -1.6173 10.553 10.592 10.578 10.626 10.619 10.656 10.697 10.814 10.828 10.785 10.814 10.928 10.928
  7.82284646 0.5400000  4.2717 -1.6290 10.568 10.606 10.591 10.638 10.632 10.669 10.709 10.827 10.841 10.797 10.825 10.938 10.938
  7.83533727 0.5400000  4.2689 -1.6407 10.583 10.620 10.604 10.650 10.644 10.681 10.721 10.840 10.854 10.808 10.836 10.948 10.948
  7.84778195 0.5400000  4.2661 -1.6524 10.598 10.634 10.616 10.662 10.657 10.693 10.733 10.853 10.867 10.819 10.847 10.958 10.959
  7.86016002 0.5400000  4.2634 -1.6641 10.613 10.647 10.629 10.674 10.670 10.706 10.745 10.866 10.879 10.830 10.858 10.968 10.969
  7.87250580 0.5400000  4.2606 -1.6758 10.628 10.661 10.642 10.686 10.682 10.718 10.757 10.879 10.892 10.841 10.868 10.978 10.979
  7.88480020 0.5400000  4.2579 -1.6875 10.642 10.675 10.654 10.698 10.695 10.730 10.768 10.892 10.905 10.851 10.879 10.988 10.989
  7.89701752 0.5400000  4.2551 -1.6992 10.657 10.689 10.667 10.710 10.707 10.743 10.780 10.905 10.918 10.862 10.890 10.998 10.999
  7.90919299 0.5400000  4.2523 -1.7110 10.672 10.703 10.680 10.722 10.720 10.755 10.792 10.918 10.931 10.873 10.901 11.008 11.009
  7.92129520 0.5400000  4.2495 -1.7227 10.687 10.716 10.692 10.734 10.732 10.767 10.804 10.931 10.944 10.884 10.911 11.018 11.019
  7.93334365 0.5400000  4.2468 -1.7344 10.702 10.730 10.705 10.746 10.745 10.779 10.815 10.944 10.957 10.895 10.922 11.028 11.028
  7.94531595 0.5400000  4.2440 -1.7462 10.717 10.744 10.718 10.758 10.757 10.792 10.827 10.957 10.969 10.906 10.933 11.037 11.038
  7.95720304 0.5400000  4.2412 -1.7580 10.732 10.758 10.730 10.770 10.770 10.804 10.839 10.970 10.982 10.917 10.944 11.047 11.048
  7.96900729 0.5400000  4.2384 -1.7697 10.747 10.771 10.743 10.782 10.782 10.816 10.851 10.983 10.995 10.928 10.954 11.057 11.058
  7.98071921 0.5400000  4.2356 -1.7815 10.762 10.785 10.755 10.794 10.795 10.828 10.862 10.996 11.008 10.938 10.965 11.067 11.068
  7.99235212 0.5400000  4.2328 -1.7933 10.777 10.799 10.768 10.806 10.807 10.840 10.874 11.009 11.021 10.949 10.975 11.076 11.078
  8.00389701 0.5400000  4.2300 -1.8050 10.792 10.813 10.780 10.818 10.819 10.852 10.886 11.021 11.034 10.960 10.986 11.086 11.087
  8.01538245 0.5400000  4.2272 -1.8168 10.807 10.826 10.793 10.830 10.832 10.865 10.897 11.035 11.047 10.971 10.997 11.097 11.098
  8.02678986 0.5400000  4.2245 -1.8286 10.822 10.840 10.806 10.841 10.844 10.877 10.909 11.048 11.060 10.981 11.007 11.107 11.108
  8.03811351 0.5400000  4.2217 -1.8403 10.836 10.854 10.818 10.853 10.857 10.888 10.921 11.061 11.073 10.992 11.018 11.118 11.118
  8.04935724 0.5400000  4.2189 -1.8521 10.851 10.867 10.831 10.865 10.869 10.900 10.932 11.075 11.086 11.002 11.028 11.128 11.128
  8.06051818 0.5400000  4.2161 -1.8639 10.866 10.881 10.843 10.876 10.882 10.912 10.944 11.088 11.099 11.013 11.039 11.139 11.138
  8.07159822 0.5400000  4.2133 -1.8757 10.882 10.895 10.856 10.888 10.894 10.924 10.956 11.101 11.112 11.024 11.050 11.149 11.148
  8.08258788 0.5400000  4.2105 -1.8875 10.897 10.909 10.868 10.900 10.907 10.936 10.967 11.114 11.125 11.034 11.060 11.159 11.158
  8.09350239 0.5400000  4.2077 -1.8993 10.912 10.923 10.880 10.912 10.919 10.948 10.979 11.127 11.137 11.045 11.071 11.169 11.168
  8.10433982 0.5400000  4.2049 -1.9111 10.927 10.937 10.893 10.923 10.932 10.961 10.990 11.140 11.150 11.056 11.081 11.179 11.178
  8.11508019 0.5400000  4.2021 -1.9229 10.942 10.951 10.905 10.935 10.944 10.973 11.001 11.153 11.163 11.066 11.091 11.189 11.188
  8.12573874 0.5400000  4.1993 -1.9347 10.958 10.965 10.918 10.947 10.956 10.985 11.013 11.166 11.176 11.077 11.102 11.198 11.198
  8.13631166 0.5400000  4.1965 -1.9465 10.973 10.979 10.931 10.959 10.969 10.997 11.024 11.179 11.189 11.087 11.112 11.208 11.208
  8.14679418 0.5400000  4.1936 -1.9583 10.988 10.993 10.943 10.971 10.981 11.009 11.036 11.192 11.202 11.097 11.122 11.218 11.218
  8.15718440 0.5400000  4.1908 -1.9701 11.004 11.006 10.956 10.983 10.993 11.021 11.048 11.205 11.215 11.108 11.133 11.227 11.227
  8.16748238 0.5400000  4.1880 -1.9819 11.019 11.021 10.969 10.995 11.006 11.034 11.059 11.218 11.228 11.118 11.143 11.237 11.237
  8.17771001 0.5400000  4.1852 -1.9938 11.035 11.035 10.982 11.007 11.018 11.046 11.071 11.232 11.242 11.129 11.154 11.248 11.247
  8.18786254 0.5400000  4.1824 -2.0056 11.051 11.050 10.995 11.019 11.031 11.059 11.083 11.245 11.255 11.140 11.164 11.258 11.257
  8.19794186 0.5400000  4.1796 -2.0174 11.067 11.064 11.008 11.030 11.044 11.071 11.094 11.259 11.268 11.151 11.174 11.268 11.267
  8.20793654 0.5400000  4.1767 -2.0292 11.083 11.078 11.021 11.042 11.057 11.084 11.106 11.272 11.281 11.162 11.185 11.278 11.277
  8.21784945 0.5400000  4.1739 -2.0410 11.099 11.093 11.034 11.054 11.069 11.096 11.118 11.285 11.294 11.172 11.195 11.288 11.287
  8.22767775 0.5400000  4.1711 -2.0529 11.115 11.108 11.047 11.066 11.082 11.109 11.130 11.299 11.307 11.183 11.206 11.298 11.297
  8.23743006 0.5400000  4.1682 -2.0647 11.131 11.122 11.060 11.078 11.095 11.121 11.142 11.312 11.320 11.193 11.216 11.308 11.307
  8.24712447 0.5400000  4.1654 -2.0765 11.147 11.137 11.073 11.090 11.108 11.134 11.154 11.325 11.333 11.204 11.226 11.317 11.317
  8.25675720 0.5400000  4.1626 -2.0883 11.163 11.152 11.087 11.102 11.121 11.146 11.165 11.338 11.346 11.214 11.237 11.327 11.327
  8.26633302 0.5400000  4.1598 -2.1001 11.179 11.167 11.100 11.114 11.134 11.158 11.177 11.351 11.359 11.225 11.247 11.336 11.336
  8.27585669 0.5400000  4.1569 -2.1119 11.195 11.181 11.113 11.126 11.147 11.171 11.189 11.364 11.371 11.235 11.257 11.346 11.346
  8.28532247 0.5400000  4.1541 -2.1237 11.211 11.196 11.126 11.139 11.160 11.183 11.201 11.377 11.384 11.246 11.268 11.356 11.356
  8.29472378 0.5400000  4.1513 -2.1355 11.227 11.211 11.140 11.151 11.173 11.196 11.213 11.390 11.397 11.256 11.278 11.365 11.366
  8.30408441 0.5400000  4.1485 -2.1473 11.244 11.226 11.154 11.163 11.186 11.208 11.224 11.403 11.409 11.266 11.288 11.375 11.376
  8.31339192 0.5400000  4.1456 -2.1592 11.260 11.241 11.168 11.176 11.199 11.221 11.236 11.416 11.422 11.277 11.299 11.384 11.386
  8.32263123 0.5400000  4.1428 -2.1710 11.277 11.256 11.181 11.188 11.212 11.234 11.248 11.429 11.435 11.287 11.309 11.394 11.396
  8.33184601 0.5400000  4.1400 -2.1828 11.293 11.271 11.195 11.201 11.225 11.246 11.260 11.442 11.448 11.298 11.319 11.404 11.405
  8.34099626 0.5400000  4.1371 -2.1946 11.310 11.286 11.209 11.213 11.239 11.259 11.272 11.455 11.460 11.308 11.329 11.413 11.415
  8.35007541 0.5400000  4.1343 -2.2064 11.326 11.301 11.223 11.226 11.252 11.272 11.285 11.467 11.473 11.319 11.340 11.423 11.425
  8.35911107 0.5400000  4.1315 -2.2183 11.343 11.317 11.238 11.239 11.266 11.285 11.297 11.481 11.486 11.330 11.350 11.433 11.435
  8.36809945 0.5400000  4.1286 -2.2301 11.360 11.332 11.252 11.252 11.280 11.298 11.309 11.493 11.498 11.340 11.360 11.443 11.445
  8.37704243 0.5400000  4.1258 -2.2419 11.376 11.347 11.266 11.264 11.293 11.310 11.321 11.506 11.510 11.350 11.370 11.452 11.454
  8.38593332 0.5400000  4.1229 -2.2537 11.392 11.362 11.280 11.277 11.306 11.323 11.332 11.518 11.522 11.360 11.380 11.461 11.463
  8.39476453 0.5400000  4.1201 -2.2656 11.408 11.377 11.294 11.289 11.320 11.336 11.344 11.531 11.535 11.370 11.390 11.471 11.473
  8.40353707 0.5400000  4.1172 -2.2774 11.424 11.392 11.308 11.302 11.333 11.348 11.355 11.543 11.546 11.380 11.399 11.480 11.481
  8.41226809 0.5400000  4.1144 -2.2892 11.440 11.407 11.322 11.315 11.346 11.361 11.366 11.555 11.558 11.390 11.409 11.489 11.490
  8.42095570 0.5400000  4.1116 -2.3010 11.455 11.422 11.335 11.327 11.358 11.373 11.377 11.567 11.569 11.399 11.418 11.498 11.499
  8.42960181 0.5400000  4.1087 -2.3129 11.470 11.436 11.349 11.339 11.371 11.385 11.388 11.579 11.581 11.408 11.427 11.506 11.507
  8.43820737 0.5400000  4.1059 -2.3247 11.485 11.450 11.362 11.350 11.383 11.396 11.399 11.591 11.591 11.417 11.436 11.515 11.515
  8.44677051 0.5400000  4.1030 -2.3365 11.499 11.463 11.375 11.362 11.396 11.407 11.410 11.602 11.602 11.426 11.445 11.523 11.523
  8.45529409 0.5400000  4.1002 -2.3483 11.513 11.477 11.388 11.373 11.408 11.419 11.420 11.614 11.612 11.434 11.453 11.530 11.531
  8.46377812 0.5400000  4.0973 -2.3602 11.527 11.490 11.401 11.385 11.420 11.430 11.430 11.625 11.622 11.442 11.462 11.538 11.539
  8.47222260 0.5400000  4.0945 -2.3720 11.541 11.503 11.414 11.396 11.431 11.441 11.441 11.635 11.632 11.451 11.470 11.546 11.547
  8.48062660 0.5400000  4.0916 -2.3838 11.555 11.517 11.426 11.407 11.443 11.452 11.451 11.646 11.642 11.459 11.478 11.553 11.554
  8.48899300 0.5400000  4.0888 -2.3956 11.569 11.530 11.439 11.419 11.455 11.463 11.461 11.655 11.651 11.467 11.486 11.561 11.562
  8.49731988 0.5400000  4.0859 -2.4075 11.583 11.543 11.451 11.430 11.467 11.474 11.471 11.665 11.661 11.475 11.494 11.568 11.569
  8.50560724 0.5400000  4.0831 -2.4193 11.596 11.555 11.463 11.441 11.479 11.485 11.481 11.674 11.670 11.483 11.502 11.575 11.577
  8.51385321 0.5400000  4.0802 -2.4311 11.609 11.568 11.476 11.452 11.490 11.495 11.490 11.682 11.679 11.491 11.509 11.582 11.584
  8.52205683 0.5400000  4.0773 -2.4430 11.624 11.582 11.489 11.465 11.503 11.507 11.501 11.692 11.689 11.500 11.518 11.589 11.592
  8.53022003 0.5400000  4.0745 -2.4548 11.639 11.597 11.504 11.478 11.516 11.520 11.513 11.703 11.699 11.509 11.527 11.598 11.600
  8.53834283 0.5400000  4.0716 -2.4667 11.656 11.613 11.519 11.492 11.531 11.533 11.525 11.714 11.710 11.519 11.537 11.606 11.609
  8.54642708 0.5400000  4.0687 -2.4785 11.672 11.629 11.535 11.506 11.545 11.547 11.537 11.725 11.720 11.529 11.546 11.615 11.618
  8.55446433 0.5400000  4.0659 -2.4903 11.689 11.645 11.551 11.520 11.560 11.561 11.550 11.737 11.731 11.540 11.556 11.624 11.627
  8.56246795 0.5400000  4.0630 -2.5022 11.706 11.663 11.568 11.536 11.576 11.575 11.563 11.749 11.743 11.551 11.567 11.633 11.637
  8.57044559 0.5400000  4.0602 -2.5140 11.724 11.680 11.585 11.551 11.592 11.590 11.576 11.761 11.754 11.562 11.578 11.643 11.646
  8.57840199 0.5400000  4.0573 -2.5258 11.742 11.698 11.603 11.568 11.608 11.605 11.590 11.773 11.765 11.574 11.589 11.653 11.657
  8.58633241 0.5400000  4.0545 -2.5376 11.760 11.716 11.620 11.584 11.625 11.621 11.605 11.785 11.777 11.586 11.600 11.663 11.667
  8.59423882 0.5400000  4.0516 -2.5494 11.779 11.734 11.639 11.601 11.642 11.637 11.619 11.798 11.789 11.598 11.612 11.674 11.678
  8.60212696 0.5400000  4.0487 -2.5612 11.799 11.753 11.658 11.618 11.660 11.653 11.635 11.810 11.801 11.610 11.624 11.685 11.690
  8.60999778 0.5400000  4.0459 -2.5731 11.819 11.773 11.677 11.636 11.679 11.671 11.650 11.823 11.814 11.623 11.637 11.696 11.702
  8.61785034 0.5400000  4.0430 -2.5849 11.839 11.793 11.697 11.655 11.697 11.688 11.666 11.837 11.826 11.637 11.650 11.708 11.714
  8.62568563 0.5400000  4.0402 -2.5967 11.860 11.813 11.717 11.673 11.716 11.706 11.683 11.850 11.839 11.650 11.663 11.720 11.726
  8.63350558 0.5400000  4.0373 -2.6085 11.881 11.833 11.737 11.692 11.735 11.724 11.699 11.863 11.851 11.664 11.677 11.732 11.738
  8.64131202 0.5400000  4.0345 -2.6203 11.902 11.854 11.758 11.712 11.755 11.742 11.716 11.877 11.864 11.678 11.690 11.744 11.751
  8.64909359 0.5400000  4.0316 -2.6321 11.924 11.876 11.779 11.731 11.775 11.761 11.733 11.890 11.877 11.692 11.704 11.756 11.763
  8.65685562 0.5400000  4.0288 -2.6439 11.947 11.897 11.801 11.752 11.795 11.780 11.751 11.904 11.891 11.707 11.718 11.769 11.776
  8.66465689 0.5400000  4.0259 -2.6558 11.969 11.920 11.823 11.772 11.816 11.799 11.769 11.918 11.904 11.721 11.733 11.782 11.789
  8.67238332 0.5400000  4.0231 -2.6674 11.992 11.942 11.845 11.793 11.837 11.819 11.787 11.932 11.918 11.736 11.747 11.795 11.802
  8.68022143 0.5400000  4.0202 -2.6794 12.016 11.965 11.868 11.814 11.858 11.839 11.806 11.947 11.932 11.752 11.762 11.808 11.815
  8.68791086 0.5400000  4.0174 -2.6910 12.039 11.988 11.891 11.836 11.880 11.859 11.825 11.961 11.946 11.768 11.777 11.822 11.829
  8.69572523 0.5400000  4.0145 -2.7030 12.063 12.011 11.915 11.858 11.902 11.880 11.844 11.976 11.960 11.784 11.793 11.836 11.844
  8.70339092 0.5400000  4.0117 -2.7147 12.087 12.035 11.939 11.880 11.925 11.901 11.863 11.991 11.974 11.800 11.809 11.850 11.859
  8.71116909 0.5400000  4.0088 -2.7267 12.112 12.060 11.963 11.903 11.948 11.923 11.883 12.006 11.989 11.817 11.826 11.865 11.875
  8.71879838 0.5400000  4.0060 -2.7381 12.136 12.083 11.987 11.926 11.971 11.944 11.903 12.020 12.003 11.834 11.842 11.879 11.890
  8.72668025 0.5400000  4.0030 -2.7503 12.162 12.109 12.013 11.950 11.995 11.967 11.924 12.036 12.018 11.852 11.859 11.895 11.906
  8.73428713 0.5400000  4.0002 -2.7621 12.187 12.134 12.039 11.974 12.019 11.989 11.945 12.051 12.033 11.870 11.876 11.910 11.923
  8.74190746 0.5400000  3.9974 -2.7735 12.212 12.159 12.063 11.997 12.042 12.011 11.965 12.066 12.048 11.887 11.893 11.925 11.938
  8.74975169 0.5400000  3.9945 -2.7857 12.239 12.185 12.090 12.022 12.068 12.035 11.987 12.082 12.064 11.905 11.911 11.941 11.955
  8.75733223 0.5400000  3.9917 -2.7972 12.265 12.211 12.115 12.046 12.092 12.057 12.008 12.098 12.079 11.923 11.928 11.956 11.970
  8.76512580 0.5400000  3.9888 -2.8091 12.292 12.237 12.142 12.071 12.117 12.081 12.030 12.114 12.095 11.942 11.946 11.972 11.987
  8.77284916 0.5400000  3.9860 -2.8211 12.319 12.264 12.169 12.097 12.143 12.105 12.052 12.130 12.111 11.961 11.964 11.989 12.004
  8.78047026 0.5400000  3.9831 -2.8328 12.346 12.291 12.196 12.122 12.168 12.128 12.074 12.146 12.127 11.979 11.983 12.005 12.020
  8.78814532 0.5400000  3.9803 -2.8446 12.373 12.318 12.224 12.148 12.194 12.152 12.097 12.163 12.143 11.998 12.001 12.021 12.037
  8.79577864 0.5400000  3.9774 -2.8565 12.401 12.346 12.251 12.174 12.220 12.177 12.120 12.179 12.160 12.018 12.020 12.038 12.054
  8.80337693 0.5400000  3.9745 -2.8683 12.429 12.373 12.279 12.199 12.246 12.201 12.142 12.196 12.176 12.037 12.038 12.054 12.070
  8.81094115 0.5400000  3.9717 -2.8802 12.457 12.401 12.306 12.225 12.272 12.225 12.165 12.213 12.194 12.056 12.057 12.071 12.088
  8.81847339 0.5400000  3.9688 -2.8920 12.485 12.428 12.334 12.251 12.298 12.250 12.188 12.231 12.211 12.076 12.076 12.088 12.105
  8.82598509 0.5400000  3.9659 -2.9038 12.513 12.456 12.362 12.276 12.324 12.274 12.210 12.248 12.228 12.095 12.095 12.104 12.122
  8.83347945 0.5400000  3.9631 -2.9156 12.541 12.483 12.390 12.302 12.351 12.299 12.233 12.266 12.246 12.115 12.114 12.121 12.139
  8.84097484 0.5400000  3.9602 -2.9275 12.569 12.511 12.418 12.329 12.377 12.323 12.257 12.283 12.264 12.135 12.133 12.138 12.156
  8.84843463 0.5400000  3.9573 -2.9393 12.598 12.539 12.446 12.355 12.404 12.348 12.280 12.301 12.282 12.155 12.152 12.155 12.174
  8.85587648 0.5400000  3.9545 -2.9512 12.627 12.568 12.475 12.381 12.431 12.373 12.303 12.320 12.300 12.175 12.172 12.173 12.191
  8.86327886 0.5400000  3.9516 -2.9630 12.655 12.596 12.503 12.407 12.457 12.398 12.326 12.338 12.319 12.195 12.191 12.190 12.209
  8.87065426 0.5400000  3.9487 -2.9749 12.684 12.624 12.531 12.433 12.484 12.423 12.350 12.357 12.338 12.215 12.210 12.207 12.226
  8.87795903 0.5400000  3.9458 -2.9867 12.713 12.652 12.560 12.460 12.510 12.448 12.373 12.376 12.357 12.235 12.230 12.224 12.244
  8.88529882 0.5400000  3.9430 -2.9983 12.742 12.680 12.587 12.485 12.536 12.473 12.396 12.395 12.377 12.255 12.249 12.242 12.261
  8.89274841 0.5400000  3.9402 -3.0101 12.771 12.709 12.616 12.512 12.563 12.498 12.420 12.414 12.397 12.275 12.268 12.259 12.279
  8.90020251 0.5400000  3.9373 -3.0219 12.800 12.737 12.644 12.538 12.590 12.523 12.443 12.434 12.417 12.295 12.288 12.277 12.297
  8.90764587 0.5400000  3.9344 -3.0338 12.830 12.766 12.673 12.565 12.617 12.548 12.467 12.454 12.438 12.315 12.308 12.295 12.315
  8.91507220 0.5400000  3.9316 -3.0456 12.860 12.795 12.702 12.591 12.644 12.573 12.491 12.474 12.459 12.336 12.327 12.312 12.332
  8.92249761 0.5400000  3.9287 -3.0574 12.889 12.823 12.730 12.618 12.670 12.598 12.514 12.494 12.479 12.356 12.347 12.330 12.350
  8.92992092 0.5400000  3.9258 -3.0692 12.919 12.852 12.759 12.644 12.697 12.623 12.538 12.514 12.500 12.376 12.367 12.348 12.368
  8.93732898 0.5400000  3.9229 -3.0810 12.949 12.881 12.787 12.670 12.724 12.649 12.562 12.534 12.521 12.396 12.386 12.365 12.385
  8.94472582 0.5400000  3.9201 -3.0928 12.979 12.910 12.815 12.696 12.751 12.674 12.585 12.554 12.542 12.416 12.406 12.383 12.403
  8.95211997 0.5400000  3.9172 -3.1046 13.008 12.938 12.844 12.722 12.777 12.699 12.609 12.574 12.563 12.436 12.425 12.400 12.421
  8.95951157 0.5400000  3.9143 -3.1164 13.038 12.967 12.872 12.749 12.804 12.724 12.632 12.594 12.584 12.456 12.445 12.418 12.438
  8.96690445 0.5400000  3.9115 -3.1282 13.068 12.996 12.901 12.775 12.831 12.749 12.656 12.615 12.605 12.476 12.464 12.435 12.456
  8.97429873 0.5400000  3.9086 -3.1400 13.099 13.025 12.929 12.801 12.858 12.774 12.680 12.635 12.626 12.496 12.484 12.453 12.474
  8.98169918 0.5400000  3.9057 -3.1518 13.129 13.054 12.957 12.827 12.885 12.800 12.703 12.656 12.648 12.517 12.503 12.470 12.491
  8.98910495 0.5400000  3.9029 -3.1636 13.159 13.084 12.986 12.853 12.912 12.825 12.727 12.676 12.669 12.537 12.523 12.488 12.509
  8.99651791 0.5400000  3.9000 -3.1754 13.190 13.113 13.014 12.879 12.939 12.850 12.751 12.697 12.690 12.557 12.542 12.506 12.527
  9.00393626 0.5400000  3.8971 -3.1872 13.220 13.142 13.043 12.905 12.965 12.875 12.774 12.717 12.711 12.577 12.562 12.523 12.544
  9.01136196 0.5400000  3.8942 -3.1990 13.251 13.171 13.071 12.931 12.992 12.900 12.798 12.737 12.733 12.597 12.582 12.541 12.562
  9.01879504 0.5400000  3.8914 -3.2108 13.282 13.201 13.100 12.958 13.019 12.926 12.821 12.758 12.754 12.617 12.601 12.558 12.580
  9.02623557 0.5400000  3.8885 -3.2226 13.313 13.230 13.128 12.984 13.046 12.951 12.845 12.778 12.775 12.637 12.621 12.576 12.598
  9.03368470 0.5400000  3.8856 -3.2344 13.344 13.260 13.157 13.010 13.073 12.976 12.869 12.799 12.796 12.657 12.640 12.594 12.616
  9.04114891 0.5400000  3.8828 -3.2461 13.375 13.289 13.185 13.036 13.100 13.001 12.892 12.819 12.817 12.677 12.660 12.611 12.634
  9.04861948 0.5400000  3.8799 -3.2580 13.407 13.319 13.214 13.062 13.127 13.026 12.916 12.840 12.838 12.698 12.680 12.629 12.652
  9.05609023 0.5400000  3.8770 -3.2697 13.438 13.349 13.243 13.088 13.154 13.051 12.940 12.861 12.859 12.718 12.699 12.647 12.670
  9.06357162 0.5400000  3.8741 -3.2815 13.470 13.379 13.272 13.114 13.181 13.077 12.963 12.881 12.880 12.738 12.719 12.664 12.687
  9.07106568 0.5400000  3.8712 -3.2933 13.501 13.409 13.300 13.141 13.208 13.102 12.987 12.902 12.902 12.758 12.738 12.682 12.705
  9.07857534 0.5400000  3.8684 -3.3051 13.533 13.439 13.329 13.167 13.236 13.127 13.011 12.923 12.923 12.778 12.758 12.700 12.723
  9.08610147 0.5400000  3.8655 -3.3169 13.565 13.469 13.358 13.193 13.263 13.153 13.034 12.943 12.944 12.798 12.777 12.717 12.741
  9.09364331 0.5400000  3.8626 -3.3286 13.597 13.499 13.387 13.219 13.290 13.178 13.058 12.964 12.965 12.818 12.796 12.735 12.758
  9.10120188 0.5400000  3.8597 -3.3404 13.630 13.529 13.416 13.246 13.317 13.203 13.081 12.984 12.987 12.838 12.816 12.752 12.776
  9.10877816 0.5400000  3.8568 -3.3522 13.662 13.559 13.445 13.272 13.344 13.229 13.105 13.005 13.008 12.859 12.835 12.770 12.794
  9.11637214 0.5400000  3.8539 -3.3640 13.695 13.590 13.474 13.299 13.372 13.254 13.129 13.026 13.030 12.879 12.854 12.788 12.811
  9.12398401 0.5400000  3.8510 -3.3757 13.727 13.620 13.503 13.325 13.399 13.279 13.152 13.047 13.051 12.899 12.873 12.805 12.829
  9.13161469 0.5400000  3.8482 -3.3875 13.760 13.651 13.532 13.352 13.426 13.305 13.176 13.067 13.072 12.919 12.893 12.823 12.847
  9.13926238 0.5400000  3.8453 -3.3993 13.793 13.681 13.562 13.378 13.454 13.330 13.199 13.088 13.094 12.939 12.912 12.840 12.864
  9.14692999 0.5400000  3.8424 -3.4110 13.826 13.712 13.591 13.405 13.481 13.356 13.223 13.109 13.116 12.959 12.932 12.858 12.882
  9.15461664 0.5400000  3.8396 -3.4228 13.860 13.743 13.621 13.432 13.509 13.382 13.247 13.130 13.137 12.979 12.951 12.876 12.900
  9.16232228 0.5400000  3.8367 -3.4346 13.894 13.775 13.650 13.459 13.537 13.408 13.271 13.151 13.159 13.000 12.971 12.893 12.918
  9.17004616 0.5400000  3.8338 -3.4463 13.928 13.806 13.680 13.485 13.565 13.433 13.295 13.171 13.181 13.020 12.990 12.911 12.935
  9.17779015 0.5400000  3.8310 -3.4581 13.962 13.837 13.710 13.512 13.593 13.459 13.319 13.192 13.203 13.040 13.010 12.929 12.953
  9.18555253 0.5400000  3.8281 -3.4699 13.997 13.869 13.740 13.540 13.622 13.486 13.343 13.213 13.225 13.060 13.030 12.946 12.971
  9.19333507 0.5400000  3.8252 -3.4817 14.031 13.901 13.770 13.567 13.650 13.512 13.368 13.234 13.247 13.081 13.049 12.964 12.989
  9.20113628 0.5400000  3.8223 -3.4934 14.066 13.933 13.800 13.594 13.678 13.538 13.392 13.255 13.268 13.101 13.069 12.982 13.007
  9.20896143 0.5400000  3.8194 -3.5052 14.101 13.965 13.831 13.621 13.707 13.564 13.416 13.276 13.291 13.121 13.089 13.000 13.024
  9.21680218 0.5400000  3.8166 -3.5170 14.136 13.998 13.861 13.649 13.736 13.591 13.441 13.297 13.313 13.141 13.109 13.017 13.042
  9.22466009 0.5400000  3.8137 -3.5287 14.172 14.030 13.892 13.676 13.764 13.617 13.465 13.318 13.335 13.161 13.128 13.035 13.060
  9.23252756 0.5400000  3.8108 -3.5405 14.208 14.063 13.923 13.704 13.793 13.644 13.490 13.339 13.357 13.182 13.149 13.053 13.078
  9.24041831 0.5400000  3.8079 -3.5523 14.244 14.096 13.954 13.732 13.823 13.671 13.515 13.361 13.380 13.203 13.169 13.071 13.097
  9.24832770 0.5400000  3.8051 -3.5640 14.280 14.129 13.985 13.760 13.852 13.698 13.540 13.382 13.403 13.224 13.189 13.090 13.115
  9.25625374 0.5400000  3.8022 -3.5758 14.317 14.163 14.017 13.789 13.882 13.725 13.565 13.404 13.426 13.245 13.210 13.108 13.133
  9.26419273 0.5400000  3.7993 -3.5876 14.354 14.197 14.049 13.817 13.912 13.753 13.590 13.426 13.449 13.266 13.230 13.127 13.152
  9.27214454 0.5400000  3.7964 -3.5994 14.392 14.231 14.081 13.846 13.942 13.781 13.616 13.447 13.473 13.288 13.251 13.146 13.171
  9.28010539 0.5400000  3.7936 -3.6112 14.429 14.265 14.114 13.875 13.972 13.808 13.642 13.469 13.496 13.309 13.272 13.164 13.190
  9.28807527 0.5400000  3.7907 -3.6229 14.467 14.300 14.146 13.904 14.003 13.836 13.667 13.491 13.519 13.331 13.293 13.183 13.209
  9.29605128 0.5400000  3.7878 -3.6347 14.505 14.334 14.179 13.934 14.033 13.864 13.693 13.513 13.543 13.353 13.314 13.202 13.228
  9.30403050 0.5400000  3.7849 -3.6465 14.544 14.369 14.212 13.963 14.064 13.892 13.719 13.536 13.567 13.374 13.335 13.221 13.247
  9.31201025 0.5400000  3.7820 -3.6583 14.583 14.405 14.245 13.993 14.095 13.921 13.745 13.558 13.591 13.396 13.356 13.240 13.266
  9.31999170 0.5400000  3.7792 -3.6701 14.622 14.440 14.278 14.022 14.126 13.949 13.772 13.581 13.615 13.418 13.378 13.259 13.285
  9.32797765 0.5400000  3.7763 -3.6819 14.661 14.476 14.312 14.053 14.157 13.978 13.799 13.604 13.640 13.441 13.399 13.279 13.305
  9.33596752 0.5400000  3.7734 -3.6937 14.701 14.512 14.346 14.084 14.190 14.007 13.826 13.627 13.665 13.464 13.422 13.299 13.325
  9.34396584 0.5400000  3.7705 -3.7055 14.741 14.549 14.381 14.115 14.222 14.037 13.853 13.651 13.691 13.487 13.444 13.319 13.345
  9.35197333 0.5400000  3.7677 -3.7172 14.781 14.585 14.415 14.146 14.254 14.067 13.881 13.674 13.716 13.510 13.466 13.339 13.366
  9.35999441 0.5400000  3.7648 -3.7290 14.821 14.622 14.450 14.177 14.287 14.097 13.909 13.698 13.742 13.534 13.489 13.360 13.386
  9.36802854 0.5400000  3.7619 -3.7408 14.862 14.660 14.485 14.209 14.320 14.127 13.937 13.722 13.768 13.557 13.512 13.381 13.407
  9.37608092 0.5400000  3.7591 -3.7526 14.903 14.697 14.521 14.241 14.354 14.158 13.966 13.747 13.795 13.581 13.535 13.402 13.428
  9.38414791 0.5400000  3.7562 -3.7643 14.945 14.735 14.556 14.273 14.387 14.189 13.994 13.771 13.821 13.605 13.558 13.423 13.449
  9.39223290 0.5400000  3.7535 -3.7760 14.986 14.772 14.592 14.305 14.420 14.219 14.023 13.796 13.848 13.630 13.582 13.444 13.471
  9.40038763 0.5400000  3.7509 -3.7874 15.025 14.809 14.627 14.337 14.453 14.249 14.051 13.821 13.874 13.654 13.605 13.466 13.492
  9.40891179 0.5400000  3.7487 -3.7976 15.061 14.841 14.657 14.365 14.482 14.276 14.076 13.843 13.898 13.675 13.626 13.485 13.512
  9.41849052 0.5400000  3.7445 -3.8136 15.120 14.895 14.708 14.410 14.530 14.320 14.116 13.877 13.935 13.709 13.658 13.514 13.541
  9.42569687 0.5400000  3.7416 -3.8245 15.161 14.932 14.743 14.442 14.562 14.350 14.144 13.900 13.960 13.732 13.680 13.534 13.561
  9.43348922 0.5400000  3.7389 -3.8357 15.202 14.970 14.779 14.474 14.596 14.380 14.172 13.925 13.987 13.755 13.703 13.555 13.582
  9.44168033 0.5400000  3.7361 -3.8472 15.244 15.008 14.815 14.507 14.630 14.412 14.202 13.950 14.015 13.780 13.727 13.576 13.604
  9.45009193 0.5400000  3.7334 -3.8587 15.286 15.047 14.852 14.540 14.665 14.443 14.231 13.976 14.043 13.805 13.751 13.598 13.626
  9.45870902 0.5400000  3.7305 -3.8708 15.331 15.088 14.891 14.575 14.701 14.477 14.263 14.004 14.072 13.832 13.777 13.621 13.649
  9.46709938 0.5400000  3.7275 -3.8830 15.377 15.130 14.931 14.611 14.739 14.511 14.295 14.032 14.102 13.858 13.803 13.645 13.672
  9.47523335 0.5400000  3.7246 -3.8947 15.422 15.171 14.969 14.646 14.775 14.544 14.325 14.059 14.131 13.884 13.828 13.667 13.695
  9.48344719 0.5400000  3.7219 -3.9058 15.464 15.209 15.005 14.679 14.810 14.576 14.355 14.085 14.159 13.909 13.852 13.689 13.717
  9.49212053 0.5400000  3.7191 -3.9173 15.508 15.249 15.043 14.713 14.846 14.608 14.386 14.112 14.188 13.935 13.877 13.711 13.739
  9.50103174 0.5400000  3.7164 -3.9287 15.551 15.289 15.081 14.747 14.881 14.641 14.416 14.139 14.217 13.960 13.902 13.734 13.762
  9.51021737 0.5400000  3.7136 -3.9406 15.597 15.330 15.120 14.783 14.918 14.675 14.448 14.167 14.247 13.987 13.928 13.757 13.786
  9.51928363 0.5400000  3.7107 -3.9523 15.642 15.372 15.159 14.818 14.955 14.709 14.479 14.196 14.277 14.013 13.953 13.780 13.809
  9.52841285 0.5400000  3.7079 -3.9639 15.687 15.413 15.198 14.853 14.991 14.742 14.511 14.224 14.306 14.039 13.979 13.803 13.832
  9.53777436 0.5400000  3.7054 -3.9746 15.728 15.450 15.234 14.886 15.025 14.773 14.540 14.251 14.334 14.064 14.002 13.824 13.854
  9.54803585 0.5400000  3.7028 -3.9855 15.771 15.489 15.271 14.919 15.059 14.805 14.569 14.278 14.362 14.089 14.026 13.846 13.876
  9.55915232 0.5400000  3.7001 -3.9966 15.814 15.529 15.309 14.953 15.095 14.838 14.599 14.305 14.391 14.114 14.051 13.868 13.898
  9.57251102 0.5400000  3.6973 -4.0083 15.860 15.571 15.348 14.989 15.132 14.872 14.631 14.335 14.421 14.141 14.076 13.892 13.922
  9.58852073 0.5400000  3.6944 -4.0201 15.906 15.612 15.388 15.025 15.169 14.906 14.664 14.364 14.452 14.168 14.103 13.916 13.946
  9.60322793 0.5400000  3.6917 -4.0313 15.950 15.652 15.426 15.059 15.205 14.939 14.694 14.393 14.481 14.194 14.127 13.938 13.968
  9.61875274 0.5400000  3.6892 -4.0420 15.991 15.690 15.462 15.092 15.239 14.970 14.723 14.420 14.509 14.218 14.151 13.960 13.990
  9.63448608 0.5400000  3.6869 -4.0515 16.028 15.724 15.494 15.121 15.269 14.998 14.749 14.444 14.534 14.240 14.172 13.979 14.009
  9.64999183 0.5400000  3.6848 -4.0604 16.063 15.756 15.524 15.148 15.297 15.023 14.774 14.467 14.557 14.261 14.192 13.997 14.027
  9.66421644 0.5400000  3.6828 -4.0688 16.095 15.785 15.552 15.174 15.324 15.048 14.797 14.489 14.579 14.280 14.211 14.014 14.044
  9.67800809 0.5400000  3.6810 -4.0766 16.125 15.813 15.579 15.198 15.349 15.071 14.818 14.509 14.599 14.298 14.229 14.030 14.060
  9.69206813 0.5400000  3.6793 -4.0837 16.153 15.838 15.603 15.220 15.372 15.091 14.838 14.528 14.618 14.315 14.245 14.044 14.075
  9.70555541 0.5400000  3.6777 -4.0904 16.179 15.862 15.625 15.240 15.393 15.111 14.856 14.545 14.636 14.330 14.260 14.058 14.088
  9.71787789 0.5400000  3.6762 -4.0969 16.204 15.885 15.647 15.260 15.413 15.130 14.874 14.562 14.653 14.345 14.274 14.071 14.101
  9.73051969 0.5400000  3.6747 -4.1031 16.227 15.906 15.668 15.279 15.433 15.147 14.891 14.577 14.668 14.359 14.288 14.084 14.114
  9.74291354 0.5400000  3.6732 -4.1092 16.250 15.927 15.688 15.297 15.452 15.165 14.907 14.593 14.684 14.373 14.301 14.096 14.126
  9.75383314 0.5400000  3.6717 -4.1156 16.275 15.949 15.709 15.316 15.472 15.183 14.924 14.609 14.700 14.388 14.315 14.108 14.139
  9.76534388 0.5400000  3.6697 -4.1237 16.305 15.978 15.735 15.340 15.497 15.206 14.946 14.629 14.721 14.406 14.332 14.124 14.154
  9.77598024 0.5400000  3.6678 -4.1317 16.335 16.005 15.762 15.364 15.521 15.228 14.967 14.650 14.741 14.424 14.350 14.140 14.170
  9.78605383 0.5400000  3.6659 -4.1396 16.365 16.032 15.787 15.387 15.546 15.250 14.988 14.669 14.761 14.441 14.367 14.156 14.186
  9.79608009 0.5400000  3.6640 -4.1474 16.394 16.059 15.813 15.410 15.569 15.272 15.008 14.689 14.781 14.458 14.383 14.171 14.201
  9.80591491 0.5400000  3.6622 -4.1547 16.421 16.084 15.836 15.432 15.592 15.293 15.027 14.707 14.799 14.474 14.399 14.185 14.215
  9.81553240 0.5400000  3.6607 -4.1611 16.445 16.105 15.857 15.450 15.611 15.310 15.044 14.723 14.815 14.489 14.413 14.197 14.228
  9.82453446 0.5400000  3.6591 -4.1675 16.468 16.127 15.877 15.469 15.630 15.328 15.061 14.739 14.831 14.503 14.426 14.210 14.240
  9.83342767 0.5400000  3.6576 -4.1739 16.492 16.148 15.898 15.487 15.650 15.346 15.077 14.755 14.847 14.517 14.440 14.222 14.252
  9.84267715 0.5400000  3.6561 -4.1803 16.515 16.170 15.918 15.506 15.669 15.363 15.094 14.771 14.863 14.531 14.453 14.235 14.265
  9.85095920 0.5400000  3.6545 -4.1867 16.538 16.191 15.939 15.525 15.688 15.381 15.110 14.787 14.879 14.545 14.467 14.247 14.277
  9.85987017 0.5400000  3.6530 -4.1930 16.561 16.212 15.959 15.543 15.707 15.398 15.127 14.802 14.894 14.558 14.480 14.259 14.289
  9.86783727 0.5400000  3.6515 -4.1995 16.584 16.233 15.979 15.561 15.726 15.416 15.143 14.818 14.910 14.572 14.493 14.272 14.302
  9.87643633 0.5400000  3.6499 -4.2060 16.607 16.254 15.999 15.579 15.745 15.433 15.159 14.833 14.926 14.586 14.507 14.284 14.314
  9.88434973 0.5400000  3.6483 -4.2125 16.630 16.275 16.018 15.597 15.763 15.450 15.175 14.849 14.941 14.599 14.520 14.296 14.326
  9.89064505 0.5400000  3.6467 -4.2189 16.652 16.295 16.038 15.615 15.782 15.467 15.191 14.864 14.956 14.613 14.533 14.308 14.338
  9.89646373 0.5400000  3.6452 -4.2254 16.675 16.316 16.058 15.632 15.800 15.484 15.207 14.879 14.972 14.626 14.546 14.320 14.350
  9.90404283 0.5400000  3.6436 -4.2319 16.697 16.336 16.077 15.650 15.818 15.500 15.223 14.894 14.987 14.640 14.559 14.333 14.362
  9.91111515 0.5400000  3.6420 -4.2385 16.720 16.357 16.097 15.668 15.837 15.517 15.239 14.910 15.002 14.653 14.572 14.345 14.374
  9.91816361 0.5400000  3.6404 -4.2451 16.742 16.377 16.116 15.686 15.855 15.534 15.255 14.925 15.018 14.667 14.586 14.357 14.387
  9.92500164 0.5400000  3.6388 -4.2518 16.765 16.398 16.136 15.704 15.874 15.551 15.271 14.940 15.033 14.680 14.599 14.369 14.399
  9.93214209 0.5400000  3.6372 -4.2585 16.787 16.419 16.156 15.721 15.892 15.568 15.287 14.956 15.048 14.694 14.612 14.382 14.411
  9.93869482 0.5400000  3.6355 -4.2653 16.810 16.439 16.175 15.739 15.911 15.585 15.303 14.971 15.064 14.708 14.625 14.394 14.423
  9.94513014 0.5400000  3.6339 -4.2721 16.832 16.460 16.195 15.757 15.929 15.602 15.319 14.987 15.079 14.721 14.639 14.407 14.436
  9.95145577 0.5400000  3.6322 -4.2792 16.856 16.481 16.215 15.775 15.948 15.620 15.335 15.002 15.095 14.735 14.652 14.420 14.448
  9.95767747 0.5400000  3.6304 -4.2863 16.879 16.502 16.236 15.794 15.967 15.637 15.352 15.018 15.111 14.749 14.666 14.432 14.461
  9.96382912 0.5400000  3.6286 -4.2936 16.903 16.524 16.256 15.812 15.987 15.655 15.369 15.034 15.127 14.763 14.680 14.445 14.474
  9.96986946 0.5400000  3.6268 -4.3010 16.926 16.545 16.277 15.831 16.006 15.673 15.385 15.050 15.143 14.778 14.694 14.459 14.487
  9.97578397 0.5400000  3.6250 -4.3085 16.949 16.566 16.297 15.849 16.025 15.690 15.402 15.066 15.159 14.792 14.708 14.472 14.500
  9.98157381 0.5400000  3.6231 -4.3162 16.973 16.588 16.318 15.868 16.045 15.708 15.419 15.083 15.175 14.806 14.722 14.486 14.514
  9.98688641 0.5400000  3.6211 -4.3241 16.997 16.610 16.339 15.887 16.064 15.726 15.436 15.099 15.192 14.821 14.736 14.500 14.527
  9.99247972 0.5400000  3.6191 -4.3323 17.022 16.633 16.361 15.907 16.085 15.745 15.453 15.116 15.209 14.836 14.751 14.515 14.541
  9.99761343 0.5400000  3.6171 -4.3405 17.046 16.655 16.382 15.926 16.105 15.763 15.471 15.133 15.225 14.851 14.766 14.529 14.555
 10.00268031 0.5400000  3.6151 -4.3489 17.071 16.678 16.403 15.946 16.125 15.782 15.488 15.150 15.242 14.866 14.781 14.544 14.570
 10.00800730 0.5400000  3.6130 -4.3574 17.096 16.700 16.425 15.965 16.145 15.800 15.506 15.167 15.259 14.882 14.796 14.559 14.584
 10.01290572 0.5400000  3.6108 -4.3661 17.121 16.723 16.447 15.985 16.166 15.819 15.524 15.184 15.276 14.897 14.811 14.574 14.598
 10.01773188 0.5400000  3.6086 -4.3749 17.146 16.746 16.468 16.005 16.186 15.837 15.541 15.201 15.292 14.912 14.826 14.589 14.613
 10.02249284 0.5400000  3.6064 -4.3839 17.171 16.769 16.490 16.025 16.207 15.856 15.559 15.218 15.309 14.928 14.842 14.605 14.628
 10.02750532 0.5400000  3.6042 -4.3930 17.196 16.792 16.512 16.045 16.227 15.875 15.577 15.235 15.326 14.944 14.857 14.620 14.643
 10.03181725 0.5400000  3.6019 -4.4023 17.221 16.815 16.534 16.065 16.248 15.894 15.595 15.252 15.343 14.959 14.873 14.636 14.658
 10.03638505 0.5400000  3.5994 -4.4123 17.248 16.839 16.558 16.086 16.270 15.914 15.614 15.271 15.362 14.976 14.890 14.654 14.675
 10.04059502 0.5400000  3.5969 -4.4223 17.274 16.864 16.581 16.107 16.292 15.934 15.633 15.289 15.380 14.993 14.906 14.672 14.691
 10.04476007 0.5400000  3.5944 -4.4325 17.301 16.888 16.604 16.128 16.314 15.954 15.652 15.307 15.398 15.010 14.923 14.690 14.708
 10.04908593 0.5400000  3.5919 -4.4427 17.327 16.912 16.627 16.149 16.335 15.973 15.670 15.325 15.416 15.027 14.940 14.709 14.725
 10.05368245 0.5400000  3.5898 -4.4511 17.348 16.931 16.646 16.166 16.352 15.989 15.685 15.340 15.430 15.040 14.954 14.724 14.739
 10.05742097 0.5400000  3.5880 -4.4586 17.367 16.948 16.662 16.180 16.368 16.003 15.699 15.352 15.443 15.053 14.967 14.738 14.752
 10.06157075 0.5400000  3.5861 -4.4664 17.386 16.966 16.679 16.196 16.383 16.018 15.712 15.366 15.456 15.065 14.979 14.752 14.765
 10.06533392 0.5400000  3.5841 -4.4743 17.406 16.983 16.696 16.211 16.399 16.032 15.726 15.379 15.469 15.078 14.992 14.767 14.778
 10.06904697 0.5400000  3.5821 -4.4824 17.425 17.001 16.713 16.226 16.415 16.047 15.740 15.392 15.483 15.090 15.005 14.782 14.792
 10.07295562 0.5400000  3.5800 -4.4906 17.444 17.019 16.730 16.242 16.431 16.061 15.753 15.405 15.496 15.103 15.019 14.797 14.805
 10.07705881 0.5400000  3.5757 -4.5079 17.485 17.055 16.765 16.273 16.464 16.091 15.782 15.433 15.524 15.130 15.046 14.829 14.834
 10.07950619 0.5400000  3.5726 -4.5206 17.514 17.082 16.790 16.296 16.487 16.113 15.802 15.453 15.543 15.149 15.067 14.853 14.855
 10.08210962 0.5400000  3.5696 -4.5324 17.541 17.106 16.814 16.318 16.509 16.133 15.822 15.471 15.562 15.168 15.086 14.877 14.877
 10.08474341 0.5400000  3.5672 -4.5420 17.563 17.126 16.833 16.335 16.527 16.149 15.837 15.486 15.577 15.184 15.102 14.896 14.894
 10.08763247 0.5400000  3.5649 -4.5514 17.584 17.145 16.851 16.352 16.544 16.165 15.852 15.500 15.591 15.199 15.118 14.915 14.912
 10.09129220 0.5400000  3.5621 -4.5629 17.609 17.168 16.873 16.372 16.565 16.184 15.870 15.518 15.609 15.217 15.138 14.939 14.933
 10.09485262 0.5400000  3.5592 -4.5744 17.634 17.191 16.895 16.391 16.585 16.203 15.888 15.535 15.626 15.236 15.157 14.963 14.955
 10.09838047 0.5400000  3.5563 -4.5859 17.659 17.213 16.917 16.411 16.606 16.222 15.906 15.552 15.643 15.254 15.177 14.988 14.977
 10.10202434 0.5400000  3.5534 -4.5977 17.684 17.236 16.938 16.430 16.626 16.241 15.924 15.569 15.660 15.273 15.197 15.013 15.000
 10.10549381 0.5400000  3.5505 -4.6095 17.709 17.258 16.960 16.450 16.646 16.259 15.941 15.586 15.677 15.292 15.217 15.039 15.023
 10.10892395 0.5400000  3.5475 -4.6214 17.733 17.281 16.981 16.469 16.666 16.278 15.959 15.603 15.694 15.311 15.238 15.066 15.047
 10.11233609 0.5400000  3.5446 -4.6332 17.757 17.302 17.001 16.488 16.685 16.295 15.976 15.619 15.710 15.329 15.258 15.092 15.071
 10.11556467 0.5400000  3.5415 -4.6453 17.782 17.325 17.023 16.507 16.705 16.314 15.993 15.636 15.727 15.350 15.281 15.121 15.097
 10.11889071 0.5400000  3.5385 -4.6574 17.806 17.347 17.044 16.526 16.725 16.333 16.011 15.653 15.744 15.371 15.304 15.150 15.124
 10.12218803 0.5400000  3.5356 -4.6694 17.831 17.369 17.065 16.545 16.745 16.351 16.029 15.670 15.761 15.392 15.327 15.180 15.152
 10.12541103 0.5400000  3.5326 -4.6814 17.855 17.391 17.086 16.564 16.765 16.370 16.046 15.687 15.778 15.414 15.350 15.210 15.180
 10.12850405 0.5400000  3.5296 -4.6935 17.879 17.413 17.107 16.583 16.784 16.388 16.063 15.704 15.795 15.436 15.374 15.241 15.209
 10.13169263 0.5400000  3.5265 -4.7056 17.902 17.434 17.128 16.602 16.803 16.406 16.081 15.720 15.811 15.458 15.399 15.273 15.239
 10.13476247 0.5400000  3.5236 -4.7176 17.926 17.455 17.148 16.620 16.822 16.424 16.098 15.737 15.828 15.480 15.423 15.305 15.269
 10.13781250 0.5400000  3.5206 -4.7296 17.949 17.476 17.168 16.638 16.841 16.441 16.115 15.753 15.844 15.503 15.448 15.338 15.299
 10.14083541 0.5400000  3.5176 -4.7417 17.972 17.497 17.188 16.656 16.860 16.459 16.131 15.770 15.860 15.526 15.474 15.371 15.331
 10.14374114 0.5400000  3.5146 -4.7539 17.995 17.518 17.208 16.674 16.878 16.477 16.148 15.786 15.877 15.549 15.500 15.406 15.363
 10.14667055 0.5400000  3.5116 -4.7659 18.017 17.538 17.227 16.692 16.897 16.494 16.165 15.802 15.893 15.573 15.526 15.440 15.395
 10.14950448 0.5400000  3.5086 -4.7779 18.040 17.559 17.247 16.709 16.915 16.511 16.181 15.818 15.909 15.598 15.553 15.475 15.429
 10.15230743 0.5400000  3.5056 -4.7899 18.062 17.579 17.266 16.727 16.933 16.529 16.198 15.834 15.925 15.624 15.581 15.510 15.463
 10.15509760 0.5400000  3.5026 -4.8020 18.084 17.599 17.285 16.744 16.951 16.546 16.215 15.850 15.941 15.650 15.610 15.547 15.497
 10.15784307 0.5400000  3.4996 -4.8140 18.106 17.619 17.304 16.761 16.969 16.563 16.231 15.866 15.957 15.677 15.639 15.583 15.533
 10.16055657 0.5400000  3.4966 -4.8260 18.128 17.638 17.323 16.778 16.986 16.580 16.248 15.882 15.973 15.704 15.669 15.620 15.569
 10.16326266 0.5400000  3.4936 -4.8380 18.149 17.658 17.342 16.795 17.004 16.597 16.264 15.898 15.989 15.732 15.699 15.658 15.605
 10.16595496 0.5400000  3.4907 -4.8501 18.171 17.677 17.361 16.812 17.022 16.614 16.281 15.914 16.005 15.761 15.730 15.697 15.643
 10.16862431 0.5400000  3.4876 -4.8622 18.192 17.697 17.379 16.829 17.039 16.631 16.297 15.930 16.021 15.790 15.762 15.736 15.681
 10.17124882 0.5400000  3.4846 -4.8742 18.213 17.715 17.397 16.846 17.056 16.648 16.313 15.946 16.037 15.819 15.793 15.775 15.719
 10.17385490 0.5400000  3.4816 -4.8862 18.234 17.734 17.415 16.862 17.073 16.664 16.329 15.961 16.053 15.849 15.826 15.815 15.758
