#   log(t)       Mwd   log(Teff)log(L/Lo) F435W F475  F502N  F550M  F555W  F606W  F625W  F658N  F660N  F775W  F814W  F850LP F892N
    6.339877 0.6100000  4.8392  0.8494  7.250  7.491  7.405  7.682  7.649  7.705  7.701  7.593  7.635  7.782  7.859  8.132  8.131
    6.344466 0.6100000  4.8698  0.8557  7.082  7.377  7.201  7.602  7.580  7.614  7.568  7.425  7.483  7.685  7.743  8.083  8.058
    6.346208 0.6100000  4.8694  0.8533  7.085  7.380  7.204  7.605  7.584  7.618  7.571  7.428  7.486  7.689  7.746  8.086  8.062
    6.348807 0.6100000  4.8685  0.8479  7.093  7.388  7.213  7.613  7.592  7.626  7.579  7.436  7.495  7.698  7.755  8.095  8.071
    6.352677 0.6100000  4.8660  0.8350  7.114  7.408  7.236  7.634  7.612  7.646  7.601  7.458  7.517  7.721  7.778  8.116  8.092
    6.356252 0.6100000  4.8631  0.8206  7.139  7.431  7.263  7.657  7.635  7.669  7.626  7.482  7.543  7.748  7.804  8.140  8.116
    6.359205 0.6100000  4.8604  0.8078  7.161  7.452  7.287  7.678  7.656  7.690  7.648  7.504  7.566  7.772  7.827  8.162  8.138
    6.361945 0.6100000  4.8579  0.7954  7.182  7.472  7.311  7.699  7.676  7.710  7.669  7.526  7.589  7.795  7.850  8.182  8.159
    6.364595 0.6100000  4.8553  0.7833  7.203  7.492  7.334  7.719  7.695  7.730  7.690  7.547  7.611  7.817  7.872  8.203  8.180
    6.367205 0.6100000  4.8528  0.7714  7.224  7.511  7.357  7.738  7.715  7.749  7.711  7.568  7.632  7.840  7.894  8.223  8.200
    6.369802 0.6100000  4.8503  0.7594  7.245  7.531  7.381  7.758  7.734  7.769  7.732  7.589  7.654  7.862  7.916  8.243  8.220
    6.372397 0.6100000  4.8478  0.7476  7.266  7.550  7.404  7.778  7.753  7.788  7.753  7.610  7.676  7.884  7.937  8.263  8.240
    6.375008 0.6100000  4.8453  0.7357  7.287  7.570  7.427  7.797  7.773  7.808  7.774  7.631  7.698  7.906  7.959  8.283  8.261
    6.377643 0.6100000  4.8428  0.7239  7.307  7.590  7.450  7.817  7.792  7.827  7.795  7.652  7.720  7.928  7.981  8.303  8.281
    6.380304 0.6100000  4.8403  0.7121  7.328  7.609  7.473  7.837  7.811  7.847  7.816  7.673  7.741  7.950  8.002  8.322  8.301
    6.382993 0.6100000  4.8379  0.7003  7.349  7.629  7.496  7.856  7.831  7.866  7.837  7.694  7.763  7.972  8.024  8.342  8.321
    6.385711 0.6100000  4.8354  0.6885  7.370  7.648  7.519  7.876  7.850  7.886  7.858  7.715  7.785  7.994  8.046  8.362  8.341
    6.388456 0.6100000  4.8328  0.6767  7.391  7.668  7.542  7.896  7.869  7.905  7.878  7.736  7.807  8.016  8.067  8.382  8.361
    6.391228 0.6100000  4.8303  0.6649  7.413  7.688  7.565  7.916  7.889  7.925  7.899  7.757  7.828  8.038  8.089  8.402  8.382
    6.394031 0.6100000  4.8278  0.6531  7.434  7.708  7.588  7.935  7.908  7.944  7.920  7.778  7.850  8.060  8.111  8.422  8.402
    6.396864 0.6100000  4.8253  0.6413  7.455  7.727  7.612  7.955  7.928  7.964  7.941  7.800  7.872  8.082  8.132  8.441  8.422
    6.399724 0.6100000  4.8228  0.6295  7.476  7.747  7.635  7.975  7.947  7.984  7.962  7.821  7.894  8.104  8.154  8.461  8.442
    6.402615 0.6100000  4.8203  0.6177  7.497  7.767  7.658  7.994  7.966  8.003  7.983  7.842  7.916  8.126  8.175  8.481  8.462
    6.405538 0.6100000  4.8178  0.6059  7.519  7.787  7.682  8.014  7.986  8.023  8.004  7.863  7.938  8.148  8.197  8.501  8.482
    6.408488 0.6100000  4.8152  0.5941  7.540  7.807  7.705  8.034  8.005  8.043  8.025  7.884  7.960  8.170  8.219  8.520  8.502
    6.411468 0.6100000  4.8127  0.5823  7.562  7.827  7.728  8.054  8.025  8.062  8.046  7.906  7.981  8.192  8.240  8.540  8.522
    6.414477 0.6100000  4.8102  0.5705  7.583  7.847  7.752  8.073  8.044  8.082  8.067  7.927  8.003  8.214  8.262  8.560  8.542
    6.417515 0.6100000  4.8076  0.5587  7.604  7.867  7.775  8.093  8.064  8.102  8.088  7.948  8.025  8.235  8.283  8.579  8.562
    6.420581 0.6100000  4.8051  0.5469  7.626  7.887  7.798  8.113  8.083  8.121  8.109  7.970  8.047  8.257  8.305  8.599  8.582
    6.423664 0.6100000  4.8026  0.5351  7.647  7.907  7.822  8.133  8.103  8.141  8.130  7.991  8.069  8.279  8.326  8.618  8.602
    6.426777 0.6100000  4.8000  0.5233  7.669  7.927  7.845  8.152  8.122  8.161  8.151  8.012  8.091  8.301  8.348  8.638  8.622
    6.429919 0.6100000  4.7975  0.5115  7.690  7.947  7.869  8.172  8.142  8.180  8.172  8.033  8.113  8.323  8.369  8.658  8.642
    6.433092 0.6100000  4.7949  0.4997  7.712  7.967  7.892  8.192  8.161  8.200  8.193  8.055  8.134  8.344  8.391  8.677  8.662
    6.436295 0.6100000  4.7924  0.4879  7.734  7.987  7.915  8.212  8.180  8.220  8.214  8.076  8.156  8.366  8.412  8.697  8.682
    6.439526 0.6100000  4.7898  0.4760  7.755  8.007  7.939  8.231  8.200  8.239  8.235  8.097  8.178  8.388  8.433  8.716  8.702
    6.442778 0.6100000  4.7872  0.4642  7.777  8.027  7.962  8.251  8.219  8.259  8.256  8.118  8.200  8.409  8.455  8.736  8.722
    6.446059 0.6100000  4.7847  0.4524  7.798  8.047  7.986  8.271  8.239  8.279  8.277  8.140  8.222  8.431  8.476  8.755  8.742
    6.449359 0.6100000  4.7821  0.4406  7.820  8.067  8.009  8.290  8.258  8.298  8.298  8.161  8.243  8.452  8.497  8.774  8.761
    6.452687 0.6100000  4.7795  0.4288  7.842  8.087  8.032  8.310  8.278  8.318  8.319  8.182  8.265  8.474  8.519  8.794  8.781
    6.456043 0.6100000  4.7770  0.4169  7.863  8.108  8.056  8.330  8.297  8.338  8.340  8.203  8.287  8.495  8.540  8.813  8.801
    6.459419 0.6100000  4.7744  0.4051  7.885  8.128  8.079  8.350  8.317  8.357  8.361  8.225  8.309  8.516  8.561  8.832  8.821
    6.462822 0.6100000  4.7718  0.3933  7.907  8.148  8.103  8.369  8.336  8.377  8.382  8.246  8.330  8.538  8.582  8.852  8.840
    6.466245 0.6100000  4.7692  0.3814  7.928  8.168  8.126  8.389  8.355  8.397  8.402  8.267  8.352  8.559  8.603  8.871  8.860
    6.469683 0.6100000  4.7666  0.3696  7.950  8.188  8.149  8.408  8.375  8.416  8.423  8.288  8.374  8.580  8.624  8.890  8.879
    6.473151 0.6100000  4.7641  0.3578  7.971  8.208  8.173  8.428  8.394  8.436  8.444  8.309  8.395  8.602  8.645  8.909  8.899
    6.476647 0.6100000  4.7615  0.3460  7.993  8.228  8.196  8.447  8.413  8.455  8.465  8.330  8.417  8.623  8.666  8.928  8.918
    6.480168 0.6100000  4.7589  0.3342  8.015  8.248  8.219  8.467  8.433  8.475  8.485  8.351  8.438  8.644  8.687  8.947  8.938
    6.483713 0.6100000  4.7563  0.3224  8.036  8.268  8.242  8.486  8.452  8.494  8.506  8.372  8.460  8.665  8.708  8.966  8.957
    6.487292 0.6100000  4.7537  0.3106  8.058  8.288  8.265  8.506  8.471  8.514  8.527  8.393  8.481  8.686  8.729  8.985  8.976
    6.490900 0.6100000  4.7511  0.2987  8.079  8.308  8.288  8.525  8.490  8.533  8.547  8.414  8.502  8.707  8.750  9.004  8.996
    6.494531 0.6100000  4.7485  0.2869  8.101  8.328  8.312  8.545  8.510  8.553  8.568  8.435  8.524  8.728  8.770  9.023  9.015
    6.498174 0.6100000  4.7459  0.2751  8.123  8.348  8.335  8.564  8.529  8.572  8.588  8.456  8.545  8.748  8.791  9.041  9.034
    6.501847 0.6100000  4.7433  0.2632  8.144  8.368  8.358  8.583  8.548  8.591  8.609  8.477  8.566  8.769  8.812  9.060  9.054
    6.505537 0.6100000  4.7406  0.2514  8.166  8.388  8.381  8.603  8.567  8.611  8.629  8.498  8.588  8.790  8.832  9.079  9.073
    6.509244 0.6100000  4.7380  0.2396  8.187  8.408  8.404  8.622  8.586  8.630  8.650  8.518  8.609  8.810  8.852  9.097  9.092
    6.512970 0.6100000  4.7354  0.2277  8.209  8.428  8.427  8.641  8.605  8.649  8.670  8.539  8.630  8.831  8.873  9.116  9.111
    6.516716 0.6100000  4.7328  0.2159  8.230  8.448  8.449  8.660  8.624  8.668  8.691  8.560  8.651  8.852  8.893  9.135  9.129
    6.520483 0.6100000  4.7302  0.2041  8.251  8.468  8.472  8.679  8.643  8.688  8.711  8.580  8.672  8.872  8.914  9.153  9.148
    6.524270 0.6100000  4.7275  0.1922  8.273  8.488  8.495  8.699  8.662  8.707  8.731  8.601  8.693  8.892  8.934  9.171  9.167
    6.528069 0.6100000  4.7249  0.1804  8.294  8.507  8.518  8.718  8.681  8.726  8.751  8.621  8.714  8.913  8.954  9.190  9.186
    6.531883 0.6100000  4.7222  0.1685  8.316  8.527  8.541  8.737  8.700  8.745  8.771  8.642  8.735  8.933  8.974  9.208  9.205
    6.535720 0.6100000  4.7196  0.1567  8.337  8.547  8.563  8.756  8.719  8.764  8.791  8.662  8.755  8.953  8.994  9.226  9.223
    6.539580 0.6100000  4.7169  0.1449  8.358  8.567  8.586  8.774  8.738  8.783  8.811  8.683  8.776  8.973  9.014  9.244  9.242
    6.543457 0.6100000  4.7142  0.1330  8.380  8.586  8.608  8.793  8.756  8.802  8.831  8.703  8.797  8.993  9.034  9.262  9.260
    6.547348 0.6100000  4.7116  0.1212  8.401  8.606  8.631  8.812  8.775  8.821  8.851  8.723  8.817  9.013  9.054  9.280  9.279
    6.551253 0.6100000  4.7089  0.1093  8.422  8.626  8.653  8.831  8.794  8.840  8.871  8.743  8.838  9.033  9.073  9.298  9.297
    6.555166 0.6100000  4.7062  0.0974  8.443  8.645  8.675  8.850  8.812  8.859  8.891  8.764  8.858  9.053  9.093  9.316  9.315
    6.559077 0.6100000  4.7035  0.0856  8.464  8.665  8.698  8.868  8.831  8.877  8.911  8.784  8.879  9.072  9.112  9.334  9.333
    6.563006 0.6100000  4.7008  0.0737  8.485  8.684  8.720  8.887  8.849  8.896  8.930  8.804  8.899  9.092  9.132  9.351  9.352
    6.566960 0.6100000  4.6981  0.0619  8.506  8.704  8.742  8.905  8.868  8.914  8.950  8.823  8.919  9.111  9.151  9.369  9.369
    6.570943 0.6100000  4.6955  0.0502  8.527  8.723  8.764  8.924  8.886  8.933  8.969  8.843  8.939  9.131  9.170  9.386  9.387
    6.574970 0.6100000  4.6928  0.0384  8.548  8.742  8.786  8.942  8.904  8.951  8.988  8.863  8.959  9.150  9.189  9.403  9.405
    6.579025 0.6100000  4.6901  0.0266  8.568  8.761  8.807  8.960  8.922  8.970  9.008  8.882  8.979  9.169  9.208  9.421  9.423
    6.583107 0.6100000  4.6874  0.0148  8.589  8.780  8.829  8.978  8.940  8.988  9.027  8.902  8.998  9.188  9.227  9.438  9.440
    6.587216 0.6100000  4.6847  0.0029  8.610  8.800  8.851  8.997  8.959  9.006  9.046  8.921  9.018  9.207  9.246  9.455  9.458
    6.591353 0.6100000  4.6820 -0.0089  8.630  8.819  8.873  9.015  8.977  9.024  9.065  8.941  9.038  9.226  9.265  9.472  9.475
    6.595513 0.6100000  4.6793 -0.0207  8.651  8.838  8.894  9.033  8.995  9.042  9.084  8.960  9.058  9.245  9.284  9.489  9.493
    6.599697 0.6100000  4.6766 -0.0325  8.671  8.857  8.915  9.051  9.013  9.061  9.103  8.979  9.077  9.264  9.302  9.506  9.510
    6.603917 0.6100000  4.6739 -0.0443  8.692  8.876  8.937  9.069  9.030  9.079  9.122  8.998  9.096  9.282  9.321  9.523  9.527
    6.608165 0.6100000  4.6712 -0.0561  8.712  8.894  8.958  9.087  9.048  9.096  9.141  9.017  9.116  9.301  9.339  9.540  9.545
    6.612443 0.6100000  4.6685 -0.0678  8.732  8.913  8.979  9.104  9.066  9.114  9.159  9.036  9.135  9.319  9.358  9.556  9.562
    6.616770 0.6100000  4.6658 -0.0796  8.752  8.932  9.000  9.122  9.083  9.132  9.178  9.055  9.154  9.337  9.376  9.573  9.579
    6.621134 0.6100000  4.6631 -0.0914  8.773  8.950  9.021  9.140  9.101  9.150  9.196  9.074  9.173  9.356  9.394  9.589  9.595
    6.625517 0.6100000  4.6604 -0.1032  8.793  8.969  9.042  9.157  9.119  9.167  9.215  9.092  9.192  9.374  9.412  9.606  9.612
    6.629925 0.6100000  4.6577 -0.1151  8.813  8.988  9.063  9.175  9.136  9.185  9.233  9.111  9.211  9.392  9.430  9.623  9.629
    6.634359 0.6100000  4.6550 -0.1269  8.833  9.006  9.084  9.192  9.154  9.203  9.252  9.130  9.230  9.410  9.448  9.639  9.646
    6.638822 0.6100000  4.6523 -0.1387  8.853  9.025  9.104  9.210  9.171  9.220  9.270  9.148  9.249  9.428  9.466  9.655  9.663
    6.643314 0.6100000  4.6496 -0.1505  8.872  9.043  9.125  9.227  9.188  9.238  9.288  9.167  9.267  9.446  9.484  9.671  9.679
    6.647836 0.6100000  4.6469 -0.1622  8.892  9.061  9.145  9.244  9.206  9.255  9.306  9.185  9.286  9.464  9.501  9.687  9.695
    6.652411 0.6100000  4.6442 -0.1740  8.912  9.079  9.165  9.261  9.223  9.272  9.324  9.203  9.304  9.481  9.519  9.703  9.712
    6.657014 0.6100000  4.6415 -0.1858  8.931  9.097  9.186  9.278  9.240  9.289  9.342  9.221  9.322  9.499  9.536  9.719  9.728
    6.661641 0.6100000  4.6388 -0.1976  8.951  9.116  9.206  9.296  9.257  9.307  9.359  9.239  9.341  9.516  9.553  9.735  9.744
    6.666310 0.6100000  4.6361 -0.2093  8.970  9.133  9.226  9.312  9.274  9.323  9.377  9.257  9.359  9.533  9.570  9.750  9.760
    6.671018 0.6100000  4.6334 -0.2211  8.989  9.152  9.246  9.329  9.291  9.341  9.395  9.275  9.377  9.551  9.588  9.766  9.776
    6.675777 0.6100000  4.6307 -0.2329  9.009  9.169  9.266  9.346  9.308  9.357  9.412  9.293  9.395  9.568  9.605  9.782  9.792
    6.680572 0.6100000  4.6280 -0.2446  9.028  9.187  9.285  9.363  9.324  9.374  9.429  9.310  9.412  9.585  9.621  9.797  9.808
    6.685409 0.6100000  4.6253 -0.2564  9.047  9.205  9.305  9.379  9.341  9.391  9.447  9.328  9.430  9.602  9.638  9.813  9.824
    6.690281 0.6100000  4.6226 -0.2682  9.066  9.223  9.325  9.396  9.358  9.408  9.464  9.345  9.448  9.619  9.655  9.828  9.839
    6.695178 0.6100000  4.6198 -0.2800  9.085  9.240  9.344  9.413  9.374  9.424  9.481  9.363  9.465  9.635  9.672  9.843  9.855
    6.700105 0.6100000  4.6171 -0.2918  9.104  9.258  9.363  9.429  9.391  9.441  9.499  9.380  9.483  9.652  9.688  9.858  9.871
    6.705066 0.6100000  4.6144 -0.3035  9.123  9.275  9.383  9.445  9.407  9.457  9.515  9.397  9.500  9.668  9.705  9.873  9.886
    6.710085 0.6100000  4.6117 -0.3153  9.142  9.293  9.402  9.462  9.424  9.474  9.532  9.414  9.518  9.685  9.721  9.888  9.901
    6.715147 0.6100000  4.6090 -0.3270  9.160  9.310  9.421  9.478  9.440  9.490  9.549  9.431  9.535  9.701  9.737  9.903  9.916
    6.720247 0.6100000  4.6063 -0.3388  9.179  9.327  9.440  9.494  9.456  9.506  9.566  9.448  9.552  9.717  9.753  9.918  9.931
    6.725385 0.6100000  4.6036 -0.3506  9.197  9.345  9.459  9.510  9.472  9.522  9.582  9.465  9.569  9.734  9.769  9.933  9.947
    6.730551 0.6100000  4.6009 -0.3624  9.216  9.362  9.477  9.526  9.488  9.539  9.599  9.481  9.586  9.750  9.785  9.948  9.962
    6.735764 0.6100000  4.5982 -0.3741  9.234  9.379  9.496  9.542  9.504  9.554  9.615  9.498  9.602  9.766  9.801  9.962  9.976
    6.741037 0.6100000  4.5955 -0.3858  9.252  9.396  9.514  9.557  9.520  9.570  9.632  9.514  9.619  9.781  9.817  9.976  9.991
    6.746356 0.6100000  4.5928 -0.3976  9.270  9.413  9.533  9.573  9.536  9.586  9.648  9.531  9.636  9.797  9.832  9.991 10.006
    6.751708 0.6100000  4.5901 -0.4094  9.289  9.429  9.551  9.589  9.552  9.602  9.664  9.547  9.652  9.813  9.848 10.005 10.020
    6.757101 0.6100000  4.5873 -0.4211  9.306  9.446  9.569  9.604  9.567  9.618  9.680  9.563  9.668  9.828  9.863 10.019 10.035
    6.762533 0.6100000  4.5846 -0.4329  9.324  9.463  9.588  9.620  9.583  9.633  9.696  9.579  9.685  9.844  9.879 10.033 10.049
    6.768009 0.6100000  4.5819 -0.4446  9.342  9.479  9.606  9.635  9.599  9.649  9.712  9.595  9.701  9.859  9.894 10.047 10.063
    6.773574 0.6100000  4.5793 -0.4562  9.360  9.496  9.623  9.650  9.614  9.664  9.728  9.611  9.717  9.874  9.909 10.061 10.077
    6.779219 0.6100000  4.5766 -0.4680  9.377  9.512  9.641  9.666  9.629  9.679  9.743  9.627  9.733  9.889  9.924 10.075 10.092
    6.784922 0.6100000  4.5738 -0.4797  9.395  9.528  9.659  9.681  9.645  9.695  9.759  9.642  9.748  9.904  9.939 10.089 10.106
    6.790664 0.6100000  4.5711 -0.4915  9.412  9.545  9.676  9.696  9.660  9.710  9.774  9.658  9.764  9.919  9.954 10.103 10.120
    6.796455 0.6100000  4.5684 -0.5032  9.430  9.561  9.694  9.711  9.675  9.725  9.790  9.673  9.780  9.934  9.968 10.116 10.133
    6.802298 0.6100000  4.5657 -0.5149  9.447  9.577  9.711  9.726  9.690  9.740  9.805  9.689  9.795  9.948  9.983 10.129 10.147
    6.808193 0.6100000  4.5630 -0.5267  9.464  9.593  9.728  9.741  9.705  9.755  9.820  9.704  9.811  9.963  9.997 10.143 10.161
    6.814148 0.6100000  4.5603 -0.5383  9.481  9.609  9.745  9.755  9.720  9.770  9.835  9.719  9.826  9.977 10.011 10.156 10.174
    6.820215 0.6100000  4.5576 -0.5500  9.498  9.625  9.762  9.770  9.735  9.784  9.850  9.734  9.841  9.992 10.026 10.169 10.187
    6.826360 0.6100000  4.5549 -0.5617  9.515  9.640  9.779  9.784  9.749  9.799  9.865  9.749  9.856 10.006 10.040 10.182 10.201
    6.832562 0.6100000  4.5522 -0.5734  9.532  9.656  9.796  9.799  9.764  9.813  9.880  9.764  9.871 10.020 10.054 10.195 10.214
    6.838813 0.6100000  4.5495 -0.5852  9.548  9.672  9.812  9.813  9.778  9.828  9.894  9.778  9.886 10.034 10.068 10.208 10.227
    6.845108 0.6100000  4.5468 -0.5969  9.565  9.687  9.829  9.827  9.793  9.842  9.909  9.793  9.901 10.048 10.081 10.221 10.240
    6.851457 0.6100000  4.5441 -0.6085  9.581  9.702  9.845  9.841  9.807  9.856  9.923  9.807  9.915 10.061 10.095 10.233 10.253
    6.857915 0.6100000  4.5413 -0.6202  9.597  9.718  9.861  9.855  9.821  9.870  9.937  9.821  9.929 10.075 10.108 10.246 10.265
    6.864460 0.6100000  4.5386 -0.6319  9.614  9.733  9.877  9.869  9.835  9.884  9.951  9.836  9.944 10.088 10.122 10.258 10.278
    6.871053 0.6100000  4.5358 -0.6437  9.630  9.748  9.893  9.883  9.849  9.898  9.965  9.850  9.958 10.102 10.135 10.271 10.291
    6.877681 0.6100000  4.5331 -0.6553  9.646  9.763  9.909  9.896  9.863  9.912  9.979  9.863  9.972 10.115 10.148 10.283 10.303
    6.884386 0.6100000  4.5304 -0.6670  9.662  9.778  9.925  9.910  9.877  9.926  9.993  9.877  9.986 10.128 10.161 10.295 10.315
    6.891205 0.6100000  4.5277 -0.6786  9.677  9.792  9.940  9.923  9.891  9.939 10.006  9.891  9.999 10.141 10.174 10.307 10.327
    6.898125 0.6100000  4.5249 -0.6903  9.693  9.807  9.955  9.937  9.904  9.953 10.020  9.904 10.013 10.154 10.186 10.319 10.339
    6.905132 0.6100000  4.5222 -0.7019  9.708  9.821  9.970  9.950  9.918  9.966 10.033  9.917 10.026 10.166 10.199 10.330 10.351
    6.912253 0.6100000  4.5195 -0.7135  9.724  9.836  9.985  9.963  9.931  9.979 10.047  9.931 10.040 10.179 10.211 10.342 10.363
    6.919505 0.6100000  4.5168 -0.7251  9.739  9.850 10.000  9.976  9.944  9.992 10.060  9.944 10.053 10.191 10.224 10.353 10.374
    6.926870 0.6100000  4.5141 -0.7367  9.754  9.864 10.015  9.989  9.957 10.005 10.073  9.957 10.066 10.203 10.236 10.365 10.386
    6.934330 0.6100000  4.5114 -0.7483  9.769  9.878 10.030 10.002  9.971 10.018 10.086  9.970 10.079 10.216 10.248 10.376 10.397
    6.941915 0.6100000  4.5087 -0.7599  9.784  9.892 10.044 10.015  9.984 10.031 10.098  9.982 10.092 10.228 10.260 10.387 10.408
    6.949618 0.6100000  4.5059 -0.7716  9.799  9.906 10.059 10.027  9.997 10.044 10.111  9.995 10.105 10.240 10.272 10.399 10.420
    6.957440 0.6100000  4.5032 -0.7832  9.814  9.920 10.073 10.040 10.010 10.057 10.124 10.008 10.117 10.252 10.284 10.410 10.431
    6.965376 0.6100000  4.5005 -0.7948  9.828  9.934 10.088 10.052 10.022 10.069 10.136 10.020 10.130 10.264 10.295 10.421 10.442
    6.973439 0.6100000  4.4978 -0.8063  9.843  9.947 10.102 10.065 10.035 10.082 10.149 10.032 10.142 10.275 10.307 10.431 10.453
    6.981655 0.6100000  4.4951 -0.8179  9.857  9.961 10.116 10.077 10.048 10.094 10.161 10.045 10.155 10.287 10.318 10.442 10.464
    6.990022 0.6100000  4.4924 -0.8295  9.872  9.974 10.130 10.089 10.060 10.106 10.173 10.057 10.167 10.298 10.330 10.453 10.475
    6.998531 0.6100000  4.4897 -0.8410  9.886  9.988 10.143 10.101 10.072 10.118 10.185 10.069 10.179 10.309 10.341 10.463 10.485
    7.007183 0.6100000  4.4870 -0.8526  9.900 10.001 10.157 10.113 10.085 10.131 10.197 10.081 10.191 10.321 10.352 10.474 10.496
    7.015996 0.6100000  4.4843 -0.8641  9.914 10.014 10.170 10.125 10.097 10.143 10.209 10.092 10.203 10.332 10.363 10.484 10.506
    7.024973 0.6100000  4.4816 -0.8757  9.928 10.027 10.184 10.137 10.109 10.155 10.221 10.104 10.215 10.343 10.374 10.495 10.517
    7.034103 0.6100000  4.4790 -0.8872  9.942 10.040 10.197 10.149 10.121 10.166 10.233 10.116 10.226 10.353 10.385 10.505 10.527
    7.043402 0.6100000  4.4763 -0.8987  9.955 10.053 10.210 10.160 10.133 10.178 10.244 10.127 10.238 10.364 10.395 10.515 10.537
    7.052865 0.6100000  4.4736 -0.9103  9.969 10.066 10.223 10.172 10.145 10.190 10.256 10.138 10.249 10.375 10.406 10.525 10.547
    7.062497 0.6100000  4.4709 -0.9218  9.982 10.079 10.236 10.183 10.157 10.201 10.267 10.149 10.260 10.385 10.416 10.535 10.557
    7.072299 0.6100000  4.4682 -0.9333  9.996 10.091 10.248 10.195 10.168 10.213 10.278 10.160 10.271 10.396 10.426 10.545 10.567
    7.082268 0.6100000  4.4655 -0.9449 10.009 10.104 10.261 10.206 10.180 10.224 10.289 10.171 10.283 10.406 10.437 10.554 10.577
    7.092423 0.6100000  4.4628 -0.9563 10.022 10.116 10.273 10.217 10.191 10.235 10.300 10.182 10.293 10.416 10.446 10.564 10.586
    7.102779 0.6100000  4.4601 -0.9679 10.035 10.128 10.286 10.228 10.203 10.246 10.311 10.193 10.304 10.426 10.457 10.573 10.596
    7.113314 0.6100000  4.4574 -0.9794 10.048 10.141 10.298 10.239 10.214 10.257 10.322 10.203 10.315 10.436 10.466 10.583 10.605
    7.124017 0.6100000  4.4547 -0.9909 10.061 10.153 10.310 10.250 10.225 10.268 10.332 10.214 10.325 10.446 10.476 10.592 10.614
    7.134886 0.6100000  4.4520 -1.0024 10.073 10.165 10.322 10.260 10.236 10.279 10.343 10.224 10.336 10.455 10.486 10.601 10.623
    7.145915 0.6100000  4.4493 -1.0140 10.086 10.177 10.334 10.271 10.248 10.290 10.353 10.234 10.346 10.465 10.495 10.610 10.632
    7.157080 0.6100000  4.4466 -1.0255 10.098 10.188 10.345 10.281 10.258 10.300 10.363 10.244 10.356 10.474 10.504 10.619 10.641
    7.168394 0.6100000  4.4439 -1.0371 10.111 10.200 10.357 10.292 10.269 10.311 10.374 10.254 10.366 10.484 10.514 10.628 10.650
    7.179839 0.6100000  4.4412 -1.0487 10.123 10.212 10.368 10.302 10.280 10.321 10.384 10.264 10.376 10.493 10.523 10.637 10.659
    7.191405 0.6100000  4.4385 -1.0602 10.135 10.223 10.379 10.312 10.291 10.332 10.394 10.274 10.386 10.502 10.532 10.646 10.668
    7.203103 0.6100000  4.4358 -1.0718 10.147 10.235 10.391 10.323 10.301 10.342 10.403 10.283 10.396 10.511 10.541 10.654 10.676
    7.214907 0.6100000  4.4331 -1.0833 10.159 10.246 10.401 10.332 10.311 10.352 10.413 10.293 10.405 10.520 10.549 10.663 10.684
    7.226841 0.6100000  4.4303 -1.0949 10.171 10.257 10.412 10.342 10.322 10.362 10.422 10.302 10.414 10.528 10.558 10.671 10.693
    7.238875 0.6100000  4.4276 -1.1065 10.183 10.268 10.423 10.352 10.332 10.372 10.432 10.311 10.424 10.537 10.567 10.679 10.701
    7.251040 0.6100000  4.4249 -1.1180 10.194 10.279 10.434 10.362 10.342 10.381 10.441 10.320 10.433 10.545 10.575 10.687 10.709
    7.263326 0.6100000  4.4222 -1.1296 10.205 10.290 10.444 10.371 10.352 10.391 10.450 10.329 10.442 10.554 10.583 10.695 10.717
    7.275706 0.6100000  4.4194 -1.1411 10.216 10.300 10.454 10.381 10.362 10.400 10.459 10.338 10.450 10.562 10.591 10.703 10.724
    7.288208 0.6100000  4.4167 -1.1526 10.227 10.311 10.464 10.390 10.371 10.410 10.468 10.346 10.459 10.570 10.599 10.711 10.732
    7.300879 0.6100000  4.4140 -1.1642 10.238 10.321 10.474 10.399 10.381 10.419 10.476 10.354 10.467 10.577 10.606 10.718 10.739
    7.313636 0.6100000  4.4112 -1.1757 10.248 10.330 10.483 10.407 10.389 10.427 10.484 10.362 10.475 10.584 10.613 10.725 10.746
    7.326550 0.6100000  4.4085 -1.1872 10.257 10.339 10.491 10.414 10.397 10.435 10.492 10.369 10.482 10.591 10.620 10.731 10.753
    7.339601 0.6100000  4.4058 -1.1988 10.266 10.347 10.500 10.422 10.405 10.442 10.499 10.377 10.490 10.598 10.627 10.738 10.759
    7.352794 0.6100000  4.4030 -1.2103 10.275 10.356 10.508 10.429 10.413 10.450 10.506 10.384 10.497 10.605 10.633 10.744 10.765
    7.366121 0.6100000  4.4003 -1.2218 10.283 10.364 10.516 10.436 10.420 10.457 10.513 10.390 10.503 10.611 10.639 10.750 10.771
    7.379590 0.6100000  4.3976 -1.2333 10.291 10.371 10.523 10.443 10.427 10.464 10.520 10.397 10.510 10.617 10.645 10.756 10.777
    7.393192 0.6100000  4.3948 -1.2448 10.299 10.379 10.531 10.450 10.434 10.470 10.526 10.403 10.516 10.623 10.651 10.761 10.783
    7.406920 0.6100000  4.3921 -1.2564 10.306 10.386 10.538 10.456 10.441 10.477 10.532 10.409 10.522 10.629 10.657 10.767 10.788
    7.420776 0.6100000  4.3893 -1.2679 10.313 10.393 10.545 10.462 10.447 10.483 10.538 10.415 10.528 10.634 10.662 10.772 10.794
    7.434709 0.6100000  4.3866 -1.2795 10.320 10.400 10.551 10.468 10.454 10.489 10.544 10.421 10.534 10.639 10.668 10.777 10.799
    7.448742 0.6100000  4.3838 -1.2910 10.327 10.406 10.558 10.474 10.459 10.495 10.549 10.426 10.539 10.644 10.672 10.782 10.804
    7.462859 0.6100000  4.3811 -1.3025 10.333 10.412 10.564 10.479 10.465 10.500 10.554 10.431 10.544 10.649 10.677 10.786 10.808
    7.477071 0.6100000  4.3783 -1.3141 10.339 10.418 10.570 10.485 10.471 10.506 10.560 10.436 10.549 10.654 10.682 10.791 10.813
    7.491333 0.6100000  4.3755 -1.3257 10.346 10.425 10.576 10.491 10.477 10.512 10.565 10.442 10.555 10.659 10.687 10.796 10.818
    7.505653 0.6100000  4.3728 -1.3372 10.352 10.431 10.582 10.496 10.483 10.517 10.570 10.447 10.560 10.664 10.692 10.801 10.823
    7.520033 0.6100000  4.3700 -1.3488 10.359 10.437 10.588 10.502 10.488 10.523 10.576 10.452 10.565 10.669 10.697 10.805 10.827
    7.534463 0.6100000  4.3673 -1.3604 10.365 10.443 10.594 10.507 10.494 10.528 10.581 10.457 10.570 10.674 10.702 10.810 10.832
    7.548919 0.6100000  4.3645 -1.3720 10.371 10.449 10.600 10.512 10.499 10.533 10.586 10.462 10.575 10.678 10.706 10.814 10.836
    7.563417 0.6100000  4.3618 -1.3836 10.378 10.455 10.606 10.518 10.506 10.539 10.592 10.468 10.581 10.684 10.712 10.819 10.842
    7.577908 0.6100000  4.3592 -1.3952 10.384 10.462 10.612 10.524 10.511 10.545 10.597 10.473 10.586 10.689 10.717 10.824 10.847
    7.592412 0.6100000  4.3564 -1.4068 10.390 10.467 10.617 10.529 10.517 10.550 10.602 10.478 10.591 10.693 10.721 10.829 10.851
    7.606888 0.6100000  4.3538 -1.4184 10.397 10.474 10.624 10.535 10.523 10.556 10.608 10.484 10.597 10.699 10.727 10.834 10.856
    7.621345 0.6100000  4.3510 -1.4301 10.402 10.478 10.628 10.539 10.527 10.561 10.612 10.488 10.601 10.702 10.730 10.838 10.860
    7.635772 0.6100000  4.3482 -1.4417 10.407 10.483 10.633 10.544 10.532 10.565 10.617 10.492 10.605 10.707 10.734 10.842 10.864
    7.650153 0.6100000  4.3455 -1.4533 10.412 10.489 10.638 10.549 10.537 10.570 10.621 10.496 10.609 10.711 10.739 10.846 10.868
    7.664497 0.6100000  4.3428 -1.4650 10.418 10.494 10.643 10.554 10.542 10.575 10.626 10.501 10.614 10.715 10.743 10.850 10.872
    7.678790 0.6100000  4.3403 -1.4767 10.428 10.504 10.653 10.564 10.552 10.585 10.635 10.510 10.623 10.724 10.752 10.859 10.881
    7.693018 0.6100000  4.3372 -1.4883 10.435 10.510 10.658 10.569 10.557 10.590 10.640 10.515 10.628 10.728 10.756 10.862 10.884
    7.707179 0.6100000  4.3349 -1.5000 10.447 10.522 10.670 10.581 10.569 10.601 10.651 10.526 10.638 10.739 10.766 10.873 10.895
    7.721226 0.6100000  4.3317 -1.5117 10.453 10.528 10.675 10.585 10.574 10.606 10.656 10.529 10.642 10.742 10.770 10.876 10.898
    7.735192 0.6100000  4.3294 -1.5234 10.466 10.541 10.687 10.598 10.586 10.618 10.667 10.541 10.654 10.753 10.781 10.887 10.909
    7.749087 0.6100000  4.3260 -1.5351 10.472 10.546 10.692 10.602 10.591 10.623 10.671 10.544 10.657 10.756 10.784 10.889 10.911
    7.762899 0.6100000  4.3238 -1.5468 10.486 10.560 10.705 10.616 10.605 10.636 10.684 10.557 10.670 10.769 10.796 10.901 10.923
    7.776627 0.6100000  4.3207 -1.5585 10.495 10.569 10.713 10.624 10.613 10.644 10.691 10.564 10.676 10.775 10.802 10.907 10.929
    7.790266 0.6100000  4.3178 -1.5702 10.506 10.579 10.722 10.633 10.622 10.652 10.699 10.571 10.684 10.782 10.809 10.914 10.936
    7.803804 0.6100000  4.3152 -1.5819 10.518 10.591 10.734 10.644 10.634 10.664 10.710 10.582 10.694 10.793 10.819 10.924 10.946
    7.817252 0.6100000  4.3126 -1.5937 10.531 10.604 10.746 10.656 10.646 10.675 10.722 10.593 10.705 10.803 10.830 10.934 10.955
    7.830603 0.6100000  4.3098 -1.6054 10.543 10.616 10.757 10.667 10.657 10.686 10.732 10.602 10.715 10.812 10.839 10.943 10.964
    7.843847 0.6100000  4.3068 -1.6171 10.554 10.626 10.766 10.677 10.667 10.696 10.741 10.611 10.723 10.820 10.847 10.950 10.972
    7.856960 0.6100000  4.3037 -1.6289 10.566 10.637 10.776 10.687 10.677 10.705 10.750 10.619 10.731 10.828 10.855 10.958 10.979
    7.869995 0.6100000  4.3005 -1.6406 10.576 10.647 10.785 10.696 10.686 10.714 10.758 10.627 10.739 10.835 10.861 10.964 10.985
    7.882917 0.6100000  4.2976 -1.6524 10.588 10.659 10.796 10.707 10.697 10.725 10.768 10.636 10.748 10.845 10.871 10.973 10.994
    7.895710 0.6100000  4.2948 -1.6641 10.601 10.671 10.807 10.719 10.709 10.736 10.779 10.647 10.758 10.855 10.880 10.983 11.004
    7.908410 0.6100000  4.2924 -1.6759 10.616 10.686 10.821 10.733 10.723 10.750 10.792 10.660 10.771 10.868 10.893 10.995 11.016
    7.920995 0.6100000  4.2898 -1.6877 10.631 10.701 10.834 10.747 10.737 10.764 10.805 10.672 10.783 10.880 10.905 11.007 11.028
    7.933451 0.6100000  4.2872 -1.6994 10.645 10.715 10.847 10.761 10.751 10.777 10.818 10.684 10.795 10.892 10.917 11.018 11.039
    7.945813 0.6100000  4.2844 -1.7112 10.659 10.728 10.859 10.773 10.764 10.789 10.829 10.695 10.806 10.902 10.928 11.029 11.049
    7.958041 0.6100000  4.2812 -1.7230 10.671 10.740 10.869 10.784 10.775 10.800 10.839 10.704 10.815 10.911 10.936 11.037 11.058
    7.970149 0.6100000  4.2782 -1.7347 10.683 10.752 10.880 10.796 10.787 10.811 10.850 10.714 10.825 10.921 10.946 11.046 11.067
    7.982197 0.6100000  4.2749 -1.7465 10.695 10.764 10.889 10.807 10.797 10.821 10.859 10.723 10.833 10.929 10.954 11.054 11.075
    7.994111 0.6100000  4.2731 -1.7583 10.715 10.783 10.908 10.826 10.817 10.840 10.878 10.741 10.851 10.947 10.972 11.071 11.092
    8.005947 0.6100000  4.2690 -1.7702 10.723 10.792 10.914 10.833 10.824 10.847 10.883 10.745 10.855 10.952 10.976 11.075 11.096
    8.017591 0.6100000  4.2673 -1.7819 10.744 10.812 10.933 10.853 10.844 10.867 10.903 10.764 10.874 10.970 10.995 11.094 11.114
    8.029217 0.6100000  4.2642 -1.7937 10.758 10.825 10.945 10.866 10.857 10.879 10.914 10.775 10.884 10.981 11.005 11.104 11.124
    8.040664 0.6100000  4.2615 -1.8055 10.773 10.841 10.959 10.881 10.872 10.893 10.928 10.788 10.897 10.994 11.018 11.116 11.137
    8.052052 0.6100000  4.2577 -1.8173 10.784 10.851 10.967 10.891 10.882 10.902 10.936 10.794 10.904 11.000 11.024 11.122 11.143
    8.063326 0.6100000  4.2560 -1.8290 10.805 10.872 10.987 10.911 10.902 10.923 10.956 10.814 10.923 11.020 11.044 11.141 11.162
    8.074538 0.6100000  4.2532 -1.8409 10.821 10.888 11.001 10.927 10.918 10.938 10.970 10.827 10.936 11.033 11.057 11.154 11.175
    8.085601 0.6100000  4.2449 -1.8527 10.810 10.876 10.983 10.913 10.904 10.922 10.952 10.808 10.916 11.013 11.036 11.132 11.152
    8.096565 0.6100000  4.2469 -1.8645 10.849 10.915 11.024 10.953 10.944 10.962 10.993 10.849 10.957 11.054 11.078 11.174 11.194
    8.107456 0.6100000  4.2438 -1.8763 10.863 10.930 11.036 10.967 10.958 10.976 11.005 10.860 10.968 11.065 11.089 11.185 11.205
    8.118239 0.6100000  4.2414 -1.8881 10.882 10.948 11.053 10.984 10.975 10.993 11.022 10.876 10.984 11.081 11.104 11.200 11.220
    8.128933 0.6100000  4.2386 -1.8999 10.898 10.964 11.067 11.000 10.991 11.008 11.036 10.890 10.997 11.095 11.118 11.213 11.233
    8.139514 0.6100000  4.2351 -1.9118 10.911 10.977 11.078 11.012 11.004 11.020 11.047 10.900 11.007 11.104 11.127 11.222 11.241
    8.149994 0.6100000  4.2325 -1.9236 10.929 10.994 11.093 11.029 11.020 11.036 11.062 10.915 11.021 11.119 11.142 11.236 11.255
    8.160407 0.6100000  4.2298 -1.9354 10.946 11.011 11.108 11.046 11.037 11.052 11.077 10.929 11.035 11.133 11.156 11.250 11.269
    8.170737 0.6100000  4.2271 -1.9472 10.963 11.028 11.123 11.062 11.053 11.067 11.092 10.943 11.049 11.147 11.170 11.263 11.282
    8.180987 0.6100000  4.2236 -1.9591 10.976 11.041 11.134 11.075 11.066 11.079 11.103 10.954 11.059 11.157 11.179 11.272 11.291
    8.191108 0.6100000  4.2211 -1.9709 10.995 11.059 11.151 11.092 11.083 11.096 11.120 10.969 11.075 11.172 11.195 11.287 11.306
    8.201174 0.6100000  4.2184 -1.9827 11.012 11.076 11.166 11.108 11.099 11.112 11.135 10.984 11.089 11.186 11.208 11.300 11.319
    8.211177 0.6100000  4.2153 -1.9945 11.027 11.091 11.179 11.123 11.114 11.126 11.148 10.996 11.101 11.198 11.220 11.312 11.330
    8.221084 0.6100000  4.2133 -2.0062 11.048 11.111 11.198 11.143 11.134 11.145 11.167 11.014 11.119 11.216 11.238 11.329 11.348
    8.231026 0.6100000  4.2097 -2.0182 11.062 11.125 11.209 11.155 11.146 11.157 11.177 11.024 11.129 11.225 11.247 11.338 11.356
    8.240764 0.6100000  4.2060 -2.0299 11.075 11.137 11.219 11.167 11.158 11.168 11.187 11.033 11.137 11.234 11.255 11.345 11.364
    8.250495 0.6100000  4.2038 -2.0417 11.094 11.157 11.238 11.186 11.177 11.187 11.205 11.051 11.155 11.251 11.272 11.362 11.380
    8.260185 0.6100000  4.2005 -2.0535 11.109 11.171 11.250 11.199 11.191 11.200 11.217 11.062 11.166 11.261 11.283 11.372 11.390
    8.269812 0.6100000  4.1982 -2.0653 11.129 11.191 11.268 11.218 11.209 11.218 11.235 11.079 11.183 11.278 11.299 11.387 11.406
    8.279390 0.6100000  4.1952 -2.0771 11.145 11.207 11.282 11.233 11.225 11.233 11.249 11.093 11.196 11.290 11.312 11.399 11.418
    8.288888 0.6100000  4.1921 -2.0889 11.162 11.223 11.296 11.248 11.240 11.247 11.262 11.106 11.209 11.303 11.324 11.411 11.429
    8.298345 0.6100000  4.1897 -2.1007 11.181 11.242 11.314 11.267 11.258 11.265 11.280 11.122 11.225 11.319 11.340 11.426 11.445
    8.307754 0.6100000  4.1867 -2.1125 11.198 11.258 11.328 11.282 11.274 11.280 11.294 11.136 11.238 11.332 11.352 11.438 11.456
    8.317117 0.6100000  4.1851 -2.1243 11.221 11.281 11.350 11.304 11.296 11.302 11.315 11.157 11.259 11.352 11.373 11.458 11.477
    8.326510 0.6100000  4.1811 -2.1363 11.234 11.294 11.360 11.316 11.307 11.312 11.325 11.166 11.268 11.360 11.380 11.465 11.483
    8.335660 0.6100000  4.1776 -2.1480 11.249 11.308 11.372 11.329 11.321 11.325 11.336 11.176 11.278 11.370 11.390 11.473 11.492
    8.344874 0.6100000  4.1752 -2.1597 11.268 11.327 11.390 11.347 11.339 11.343 11.354 11.193 11.295 11.386 11.406 11.489 11.508
    8.354097 0.6100000  4.1736 -2.1716 11.291 11.350 11.411 11.369 11.361 11.365 11.375 11.214 11.316 11.406 11.426 11.509 11.528
    8.363213 0.6100000  4.1686 -2.1836 11.300 11.358 11.417 11.375 11.367 11.370 11.379 11.217 11.319 11.408 11.427 11.508 11.527
    8.372179 0.6100000  4.1644 -2.1952 11.312 11.369 11.425 11.384 11.377 11.378 11.386 11.223 11.325 11.413 11.432 11.512 11.531
    8.381217 0.6100000  4.1630 -2.2071 11.336 11.392 11.448 11.407 11.400 11.401 11.408 11.245 11.347 11.434 11.454 11.533 11.552
    8.390198 0.6100000  4.1601 -2.2189 11.353 11.409 11.463 11.422 11.416 11.416 11.422 11.259 11.360 11.447 11.466 11.545 11.564
    8.399122 0.6100000  4.1572 -2.2307 11.371 11.426 11.478 11.438 11.431 11.431 11.437 11.273 11.374 11.460 11.479 11.557 11.576
    8.408010 0.6100000  4.1543 -2.2425 11.389 11.443 11.494 11.453 11.447 11.446 11.451 11.286 11.388 11.473 11.492 11.569 11.588
    8.416861 0.6100000  4.1515 -2.2543 11.407 11.460 11.509 11.469 11.463 11.462 11.465 11.300 11.401 11.486 11.504 11.581 11.600
    8.425676 0.6100000  4.1486 -2.2661 11.424 11.477 11.524 11.485 11.479 11.477 11.480 11.314 11.415 11.499 11.517 11.593 11.612
    8.434455 0.6100000  4.1457 -2.2779 11.442 11.494 11.540 11.500 11.495 11.492 11.494 11.328 11.429 11.512 11.530 11.604 11.623
    8.443199 0.6100000  4.1428 -2.2897 11.460 11.511 11.555 11.516 11.511 11.507 11.508 11.342 11.443 11.524 11.542 11.616 11.635
    8.451910 0.6100000  4.1399 -2.3016 11.478 11.529 11.571 11.532 11.527 11.523 11.523 11.356 11.457 11.537 11.555 11.628 11.647
    8.460585 0.6100000  4.1370 -2.3134 11.496 11.546 11.587 11.547 11.543 11.538 11.537 11.370 11.470 11.550 11.567 11.640 11.659
    8.469225 0.6100000  4.1341 -2.3252 11.514 11.563 11.602 11.563 11.559 11.553 11.552 11.383 11.484 11.563 11.580 11.652 11.671
    8.477832 0.6100000  4.1312 -2.3370 11.532 11.581 11.618 11.578 11.575 11.568 11.566 11.397 11.498 11.575 11.592 11.663 11.682
    8.486404 0.6100000  4.1284 -2.3488 11.550 11.598 11.634 11.594 11.591 11.584 11.580 11.411 11.512 11.588 11.605 11.675 11.694
    8.494941 0.6100000  4.1254 -2.3606 11.569 11.615 11.649 11.609 11.607 11.599 11.594 11.425 11.525 11.600 11.617 11.686 11.705
    8.503443 0.6100000  4.1226 -2.3724 11.587 11.632 11.665 11.625 11.623 11.614 11.609 11.439 11.539 11.613 11.629 11.698 11.717
    8.511912 0.6100000  4.1197 -2.3843 11.605 11.650 11.681 11.641 11.639 11.629 11.623 11.453 11.553 11.626 11.642 11.710 11.729
    8.520351 0.6100000  4.1168 -2.3961 11.624 11.667 11.697 11.656 11.655 11.645 11.637 11.467 11.567 11.638 11.654 11.721 11.740
    8.528759 0.6100000  4.1139 -2.4079 11.642 11.685 11.713 11.672 11.671 11.660 11.652 11.481 11.581 11.651 11.667 11.733 11.752
    8.537122 0.6100000  4.1110 -2.4197 11.660 11.703 11.729 11.688 11.687 11.675 11.666 11.495 11.595 11.663 11.679 11.744 11.763
    8.545459 0.6100000  4.1081 -2.4316 11.679 11.720 11.745 11.704 11.703 11.691 11.681 11.509 11.609 11.676 11.692 11.756 11.775
    8.553760 0.6100000  4.1052 -2.4434 11.698 11.738 11.761 11.719 11.720 11.706 11.695 11.523 11.623 11.689 11.704 11.768 11.787
    8.562045 0.6100000  4.1023 -2.4552 11.717 11.756 11.777 11.735 11.736 11.722 11.710 11.537 11.637 11.701 11.717 11.779 11.798
    8.570291 0.6100000  4.0994 -2.4670 11.736 11.774 11.794 11.751 11.752 11.737 11.724 11.551 11.651 11.714 11.729 11.791 11.810
    8.578521 0.6100000  4.0965 -2.4788 11.755 11.792 11.810 11.767 11.769 11.753 11.738 11.565 11.665 11.727 11.742 11.803 11.822
    8.586731 0.6100000  4.0936 -2.4906 11.774 11.810 11.826 11.783 11.785 11.768 11.753 11.579 11.679 11.740 11.754 11.814 11.833
    8.594925 0.6100000  4.0907 -2.5024 11.794 11.828 11.843 11.799 11.801 11.784 11.767 11.593 11.693 11.752 11.766 11.826 11.845
    8.603107 0.6100000  4.0878 -2.5142 11.813 11.846 11.859 11.815 11.818 11.800 11.782 11.607 11.707 11.765 11.779 11.837 11.856
    8.611284 0.6100000  4.0849 -2.5260 11.833 11.864 11.876 11.831 11.834 11.815 11.797 11.621 11.721 11.778 11.791 11.849 11.868
    8.619444 0.6100000  4.0820 -2.5378 11.852 11.882 11.893 11.847 11.851 11.831 11.811 11.635 11.735 11.791 11.804 11.861 11.880
    8.627597 0.6100000  4.0791 -2.5496 11.872 11.901 11.910 11.863 11.868 11.847 11.826 11.650 11.750 11.804 11.817 11.872 11.891
    8.635754 0.6100000  4.0762 -2.5614 11.892 11.919 11.927 11.879 11.885 11.863 11.841 11.664 11.764 11.817 11.829 11.884 11.903
    8.643896 0.6100000  4.0733 -2.5732 11.912 11.938 11.944 11.895 11.901 11.879 11.856 11.678 11.778 11.830 11.842 11.896 11.915
    8.652024 0.6100000  4.0704 -2.5849 11.931 11.957 11.961 11.912 11.918 11.895 11.870 11.693 11.793 11.843 11.855 11.908 11.927
    8.660151 0.6100000  4.0675 -2.5967 11.952 11.976 11.978 11.928 11.935 11.911 11.885 11.707 11.807 11.856 11.868 11.920 11.939
    8.668271 0.6100000  4.0646 -2.6085 11.972 11.995 11.996 11.945 11.952 11.927 11.901 11.722 11.822 11.869 11.881 11.932 11.951
    8.676394 0.6100000  4.0617 -2.6203 11.992 12.014 12.013 11.962 11.970 11.943 11.916 11.737 11.837 11.882 11.894 11.944 11.963
    8.684506 0.6100000  4.0588 -2.6321 12.013 12.033 12.031 11.978 11.987 11.960 11.931 11.752 11.851 11.896 11.907 11.956 11.975
    8.692618 0.6100000  4.0559 -2.6439 12.033 12.053 12.049 11.995 12.004 11.976 11.946 11.766 11.866 11.909 11.920 11.968 11.988
    8.700725 0.6100000  4.0530 -2.6557 12.054 12.072 12.067 12.012 12.022 11.993 11.962 11.781 11.881 11.923 11.934 11.980 12.000
    8.708832 0.6100000  4.0501 -2.6673 12.075 12.092 12.084 12.029 12.039 12.009 11.977 11.796 11.896 11.936 11.947 11.992 12.012
    8.717066 0.6100000  4.0472 -2.6794 12.096 12.112 12.103 12.046 12.057 12.026 11.993 11.811 11.911 11.950 11.960 12.005 12.025
    8.725072 0.6100000  4.0443 -2.6910 12.117 12.131 12.121 12.063 12.074 12.042 12.009 11.826 11.926 11.963 11.974 12.017 12.037
    8.733172 0.6100000  4.0414 -2.7027 12.138 12.151 12.139 12.080 12.092 12.059 12.024 11.841 11.941 11.977 11.987 12.029 12.049
    8.741370 0.6100000  4.0385 -2.7145 12.160 12.171 12.158 12.098 12.110 12.076 12.040 11.857 11.957 11.991 12.001 12.042 12.062
    8.749522 0.6100000  4.0356 -2.7264 12.182 12.192 12.177 12.116 12.129 12.094 12.057 11.873 11.973 12.006 12.015 12.055 12.075
    8.757643 0.6100000  4.0327 -2.7382 12.204 12.212 12.196 12.134 12.147 12.112 12.073 11.889 11.988 12.020 12.029 12.068 12.088
    8.765732 0.6100000  4.0298 -2.7501 12.226 12.233 12.215 12.152 12.166 12.129 12.090 11.905 12.004 12.035 12.043 12.081 12.102
    8.773708 0.6100000  4.0270 -2.7617 12.248 12.254 12.235 12.170 12.185 12.147 12.106 11.921 12.020 12.049 12.058 12.095 12.115
    8.781855 0.6100000  4.0240 -2.7736 12.270 12.275 12.254 12.188 12.204 12.165 12.123 11.937 12.037 12.064 12.072 12.108 12.128
    8.789915 0.6100000  4.0211 -2.7855 12.293 12.296 12.274 12.207 12.223 12.184 12.140 11.954 12.053 12.079 12.087 12.122 12.142
    8.797910 0.6100000  4.0182 -2.7973 12.316 12.318 12.294 12.225 12.243 12.202 12.157 11.970 12.070 12.094 12.101 12.135 12.156
    8.805859 0.6100000  4.0153 -2.8091 12.339 12.339 12.314 12.244 12.262 12.220 12.174 11.987 12.086 12.109 12.116 12.149 12.169
    8.813789 0.6100000  4.0124 -2.8209 12.362 12.361 12.335 12.263 12.282 12.239 12.192 12.004 12.103 12.124 12.131 12.163 12.183
    8.821730 0.6100000  4.0095 -2.8328 12.386 12.383 12.355 12.282 12.302 12.258 12.209 12.021 12.120 12.140 12.146 12.177 12.198
    8.829630 0.6100000  4.0066 -2.8446 12.409 12.405 12.376 12.301 12.321 12.277 12.227 12.038 12.137 12.155 12.161 12.192 12.212
    8.837506 0.6100000  4.0037 -2.8564 12.433 12.427 12.396 12.320 12.341 12.296 12.244 12.055 12.154 12.171 12.177 12.206 12.226
    8.845343 0.6100000  4.0008 -2.8683 12.457 12.449 12.417 12.340 12.362 12.315 12.262 12.072 12.171 12.187 12.192 12.220 12.240
    8.853124 0.6100000  3.9979 -2.8802 12.481 12.471 12.438 12.359 12.382 12.334 12.280 12.089 12.188 12.202 12.207 12.234 12.254
    8.860849 0.6100000  3.9950 -2.8919 12.504 12.493 12.459 12.378 12.402 12.352 12.297 12.106 12.205 12.217 12.222 12.248 12.268
    8.868651 0.6100000  3.9922 -2.9036 12.528 12.516 12.479 12.397 12.421 12.371 12.315 12.123 12.222 12.232 12.236 12.261 12.281
    8.876521 0.6100000  3.9893 -2.9154 12.553 12.538 12.500 12.416 12.441 12.390 12.332 12.140 12.238 12.248 12.251 12.275 12.295
    8.884390 0.6100000  3.9865 -2.9271 12.577 12.560 12.521 12.436 12.462 12.409 12.350 12.157 12.255 12.263 12.266 12.288 12.309
    8.892361 0.6100000  3.9843 -2.9367 12.597 12.579 12.539 12.452 12.479 12.425 12.365 12.172 12.270 12.277 12.280 12.301 12.321
    8.902043 0.6100000  3.9819 -2.9474 12.620 12.600 12.559 12.470 12.498 12.443 12.382 12.188 12.286 12.291 12.294 12.314 12.335
    8.912655 0.6100000  3.9792 -2.9587 12.644 12.622 12.579 12.489 12.518 12.462 12.399 12.205 12.303 12.306 12.309 12.327 12.348
    8.923652 0.6100000  3.9765 -2.9701 12.668 12.645 12.600 12.509 12.538 12.480 12.417 12.222 12.320 12.322 12.324 12.341 12.362
    8.934948 0.6100000  3.9737 -2.9815 12.692 12.667 12.622 12.528 12.558 12.500 12.435 12.239 12.337 12.337 12.339 12.355 12.376
    8.946542 0.6100000  3.9710 -2.9930 12.717 12.690 12.643 12.548 12.579 12.519 12.453 12.256 12.354 12.353 12.354 12.369 12.390
    8.958324 0.6100000  3.9682 -3.0046 12.742 12.714 12.665 12.568 12.600 12.539 12.471 12.274 12.372 12.369 12.370 12.384 12.405
    8.970179 0.6100000  3.9653 -3.0162 12.767 12.737 12.687 12.588 12.621 12.559 12.490 12.292 12.390 12.385 12.386 12.398 12.419
    8.982117 0.6100000  3.9625 -3.0278 12.792 12.760 12.709 12.609 12.642 12.579 12.509 12.309 12.407 12.401 12.402 12.413 12.434
    8.994119 0.6100000  3.9597 -3.0395 12.818 12.784 12.732 12.630 12.664 12.599 12.528 12.328 12.426 12.418 12.418 12.428 12.448
    9.006177 0.6100000  3.9569 -3.0511 12.843 12.808 12.754 12.650 12.685 12.620 12.547 12.346 12.444 12.434 12.434 12.443 12.463
    9.018317 0.6100000  3.9541 -3.0627 12.869 12.832 12.777 12.671 12.707 12.640 12.566 12.364 12.462 12.451 12.450 12.458 12.478
    9.030508 0.6100000  3.9512 -3.0743 12.895 12.856 12.800 12.692 12.729 12.661 12.585 12.382 12.481 12.467 12.466 12.473 12.493
    9.042719 0.6100000  3.9484 -3.0860 12.922 12.881 12.823 12.713 12.751 12.682 12.605 12.401 12.499 12.484 12.483 12.488 12.508
    9.054951 0.6100000  3.9456 -3.0977 12.948 12.906 12.846 12.735 12.773 12.703 12.625 12.420 12.518 12.501 12.499 12.503 12.523
    9.067170 0.6100000  3.9427 -3.1094 12.975 12.931 12.870 12.756 12.796 12.724 12.644 12.439 12.537 12.519 12.516 12.519 12.538
    9.079313 0.6100000  3.9398 -3.1212 13.002 12.956 12.894 12.778 12.819 12.746 12.665 12.459 12.557 12.536 12.533 12.534 12.554
    9.091353 0.6100000  3.9369 -3.1330 13.030 12.982 12.918 12.800 12.842 12.767 12.685 12.478 12.576 12.554 12.550 12.550 12.570
    9.103295 0.6100000  3.9341 -3.1448 13.058 13.008 12.942 12.823 12.865 12.789 12.705 12.498 12.596 12.571 12.568 12.566 12.586
    9.115099 0.6100000  3.9312 -3.1567 13.086 13.034 12.967 12.845 12.889 12.811 12.726 12.518 12.616 12.589 12.585 12.582 12.602
    9.126725 0.6100000  3.9283 -3.1685 13.114 13.060 12.991 12.868 12.912 12.834 12.747 12.538 12.636 12.607 12.603 12.598 12.618
    9.138160 0.6100000  3.9253 -3.1804 13.142 13.086 13.016 12.891 12.936 12.856 12.768 12.558 12.656 12.625 12.620 12.614 12.634
    9.149391 0.6100000  3.9224 -3.1924 13.171 13.113 13.041 12.914 12.960 12.879 12.789 12.578 12.676 12.644 12.638 12.631 12.651
    9.160430 0.6100000  3.9195 -3.2042 13.200 13.140 13.066 12.937 12.984 12.901 12.810 12.598 12.696 12.662 12.656 12.647 12.667
    9.171292 0.6100000  3.9166 -3.2162 13.229 13.167 13.092 12.960 13.008 12.924 12.832 12.619 12.717 12.680 12.674 12.664 12.684
    9.181936 0.6100000  3.9137 -3.2281 13.258 13.194 13.117 12.984 13.033 12.947 12.853 12.640 12.738 12.699 12.692 12.680 12.701
    9.192386 0.6100000  3.9108 -3.2399 13.287 13.221 13.143 13.007 13.057 12.970 12.875 12.660 12.758 12.718 12.710 12.697 12.718
    9.202779 0.6100000  3.9078 -3.2521 13.317 13.249 13.169 13.032 13.082 12.994 12.897 12.682 12.780 12.737 12.729 12.714 12.735
    9.212804 0.6100000  3.9047 -3.2645 13.348 13.277 13.196 13.057 13.108 13.018 12.920 12.704 12.801 12.757 12.748 12.732 12.753
    9.222261 0.6100000  3.9018 -3.2765 13.378 13.305 13.223 13.081 13.133 13.042 12.942 12.725 12.823 12.776 12.766 12.749 12.770
    9.231563 0.6100000  3.8989 -3.2884 13.408 13.333 13.249 13.105 13.158 13.065 12.964 12.746 12.844 12.795 12.785 12.766 12.787
    9.240727 0.6100000  3.8959 -3.3004 13.439 13.362 13.276 13.129 13.184 13.089 12.986 12.767 12.865 12.814 12.803 12.783 12.804
    9.249690 0.6100000  3.8929 -3.3124 13.469 13.390 13.302 13.154 13.209 13.113 13.009 12.789 12.886 12.833 12.822 12.800 12.821
    9.258445 0.6100000  3.8899 -3.3245 13.500 13.419 13.329 13.179 13.235 13.137 13.031 12.810 12.908 12.852 12.841 12.817 12.838
    9.266973 0.6100000  3.8870 -3.3365 13.531 13.448 13.356 13.203 13.261 13.161 13.054 12.832 12.929 12.872 12.860 12.834 12.856
    9.275358 0.6100000  3.8840 -3.3486 13.563 13.477 13.384 13.229 13.287 13.186 13.077 12.854 12.951 12.891 12.879 12.852 12.873
    9.283594 0.6100000  3.8810 -3.3605 13.594 13.506 13.410 13.253 13.313 13.210 13.099 12.876 12.973 12.910 12.898 12.869 12.891
    9.292605 0.6100000  3.8781 -3.3724 13.625 13.535 13.438 13.278 13.339 13.235 13.122 12.897 12.995 12.930 12.916 12.886 12.908
    9.302871 0.6100000  3.8751 -3.3844 13.657 13.564 13.465 13.303 13.365 13.259 13.145 12.919 13.016 12.950 12.936 12.903 12.925
    9.313733 0.6100000  3.8721 -3.3967 13.689 13.594 13.494 13.329 13.392 13.284 13.169 12.942 13.039 12.970 12.955 12.921 12.943
    9.324105 0.6100000  3.8691 -3.4087 13.721 13.624 13.521 13.355 13.419 13.309 13.192 12.964 13.061 12.989 12.974 12.939 12.961
    9.333929 0.6100000  3.8661 -3.4206 13.753 13.653 13.549 13.380 13.445 13.334 13.215 12.986 13.083 13.009 12.993 12.956 12.978
    9.343816 0.6100000  3.8631 -3.4326 13.786 13.683 13.577 13.405 13.471 13.358 13.238 13.008 13.105 13.028 13.012 12.973 12.995
    9.353991 0.6100000  3.8602 -3.4446 13.818 13.713 13.605 13.431 13.498 13.383 13.261 13.030 13.127 13.048 13.031 12.991 13.013
    9.363363 0.6100000  3.8572 -3.4565 13.851 13.743 13.633 13.457 13.525 13.408 13.284 13.052 13.149 13.068 13.051 13.008 13.030
    9.372993 0.6100000  3.8543 -3.4685 13.883 13.773 13.661 13.482 13.551 13.433 13.307 13.075 13.171 13.087 13.070 13.026 13.048
    9.381918 0.6100000  3.8513 -3.4805 13.916 13.803 13.690 13.508 13.578 13.458 13.331 13.097 13.194 13.107 13.089 13.043 13.065
    9.390834 0.6100000  3.8483 -3.4924 13.949 13.833 13.718 13.534 13.605 13.483 13.354 13.119 13.216 13.127 13.109 13.061 13.083
    9.399808 0.6100000  3.8454 -3.5044 13.983 13.864 13.747 13.561 13.633 13.509 13.378 13.142 13.239 13.147 13.128 13.078 13.100
    9.408111 0.6100000  3.8424 -3.5162 14.016 13.894 13.776 13.586 13.660 13.534 13.401 13.164 13.261 13.167 13.147 13.096 13.118
    9.416314 0.6100000  3.8394 -3.5284 14.051 13.926 13.806 13.613 13.688 13.560 13.426 13.187 13.284 13.187 13.167 13.114 13.136
    9.424434 0.6100000  3.8365 -3.5403 14.085 13.957 13.835 13.640 13.715 13.586 13.449 13.210 13.307 13.208 13.187 13.132 13.154
    9.432412 0.6100000  3.8335 -3.5522 14.119 13.989 13.864 13.666 13.743 13.612 13.473 13.233 13.330 13.228 13.206 13.149 13.171
    9.440610 0.6100000  3.8306 -3.5642 14.154 14.021 13.894 13.693 13.771 13.638 13.498 13.256 13.353 13.248 13.226 13.167 13.190
    9.448466 0.6100000  3.8276 -3.5761 14.189 14.052 13.923 13.720 13.800 13.664 13.522 13.279 13.376 13.268 13.246 13.185 13.207
    9.456435 0.6100000  3.8246 -3.5883 14.225 14.085 13.954 13.748 13.828 13.691 13.547 13.303 13.400 13.289 13.266 13.203 13.226
    9.464026 0.6100000  3.8216 -3.6004 14.261 14.118 13.984 13.775 13.857 13.717 13.571 13.327 13.423 13.310 13.286 13.222 13.244
    9.470750 0.6100000  3.8186 -3.6123 14.296 14.150 14.015 13.802 13.886 13.744 13.596 13.350 13.446 13.331 13.306 13.240 13.262
    9.476743 0.6100000  3.8157 -3.6243 14.332 14.183 14.045 13.830 13.915 13.771 13.621 13.374 13.470 13.351 13.326 13.258 13.281
    9.482724 0.6100000  3.8127 -3.6362 14.368 14.215 14.076 13.857 13.944 13.797 13.645 13.397 13.493 13.372 13.346 13.276 13.299
    9.489934 0.6100000  3.8098 -3.6482 14.405 14.249 14.107 13.885 13.973 13.824 13.670 13.421 13.517 13.393 13.366 13.294 13.317
    9.496401 0.6100000  3.8068 -3.6601 14.442 14.282 14.138 13.913 14.002 13.851 13.695 13.445 13.541 13.414 13.386 13.312 13.335
    9.502928 0.6100000  3.8038 -3.6722 14.480 14.317 14.170 13.942 14.032 13.879 13.721 13.469 13.565 13.435 13.407 13.331 13.354
    9.509573 0.6100000  3.8009 -3.6841 14.518 14.351 14.201 13.970 14.062 13.906 13.746 13.493 13.589 13.456 13.427 13.349 13.372
    9.516332 0.6100000  3.7979 -3.6961 14.556 14.385 14.233 13.999 14.092 13.934 13.771 13.517 13.613 13.477 13.447 13.367 13.391
    9.522507 0.6100000  3.7949 -3.7080 14.595 14.420 14.265 14.027 14.122 13.961 13.796 13.541 13.637 13.498 13.468 13.385 13.409
    9.529009 0.6100000  3.7919 -3.7200 14.634 14.455 14.298 14.056 14.153 13.989 13.822 13.565 13.661 13.519 13.488 13.404 13.427
    9.535030 0.6100000  3.7890 -3.7320 14.673 14.490 14.330 14.085 14.183 14.017 13.848 13.590 13.686 13.540 13.509 13.423 13.446
    9.540982 0.6100000  3.7860 -3.7439 14.713 14.525 14.363 14.114 14.214 14.044 13.873 13.614 13.710 13.561 13.529 13.441 13.464
    9.547257 0.6100000  3.7830 -3.7559 14.753 14.561 14.396 14.143 14.245 14.073 13.899 13.639 13.734 13.583 13.550 13.460 13.483
    9.553069 0.6100000  3.7801 -3.7678 14.793 14.597 14.429 14.173 14.276 14.101 13.925 13.663 13.759 13.604 13.571 13.478 13.501
    9.558798 0.6100000  3.7771 -3.7798 14.834 14.633 14.463 14.203 14.307 14.129 13.951 13.688 13.784 13.626 13.591 13.497 13.520
    9.564089 0.6100000  3.7741 -3.7919 14.876 14.671 14.498 14.233 14.340 14.159 13.978 13.713 13.809 13.648 13.613 13.515 13.539
    9.569683 0.6100000  3.7711 -3.8038 14.919 14.709 14.532 14.264 14.372 14.188 14.005 13.739 13.834 13.669 13.633 13.534 13.557
    9.575225 0.6100000  3.7681 -3.8158 14.962 14.747 14.568 14.295 14.404 14.217 14.032 13.764 13.860 13.691 13.654 13.553 13.576
    9.580321 0.6100000  3.7652 -3.8278 15.006 14.786 14.603 14.326 14.437 14.247 14.059 13.789 13.885 13.713 13.675 13.571 13.595
    9.585758 0.6100000  3.7622 -3.8397 15.050 14.825 14.639 14.357 14.470 14.277 14.086 13.815 13.910 13.734 13.696 13.590 13.614
    9.590773 0.6100000  3.7592 -3.8517 15.095 14.864 14.675 14.388 14.504 14.307 14.113 13.841 13.936 13.756 13.718 13.609 13.633
    9.595759 0.6100000  3.7562 -3.8636 15.141 14.904 14.711 14.420 14.537 14.337 14.141 13.866 13.962 13.778 13.739 13.627 13.651
    9.601088 0.6100000  3.7532 -3.8756 15.187 14.944 14.748 14.452 14.571 14.367 14.168 13.892 13.988 13.800 13.760 13.646 13.670
    9.605962 0.6100000  3.7502 -3.8876 15.234 14.985 14.786 14.484 14.605 14.398 14.196 13.919 14.014 13.822 13.781 13.665 13.689
    9.610790 0.6100000  3.7473 -3.8996 15.281 15.026 14.823 14.517 14.640 14.429 14.224 13.945 14.040 13.845 13.803 13.684 13.708
    9.615567 0.6100000  3.7443 -3.9116 15.329 15.068 14.861 14.550 14.675 14.460 14.253 13.971 14.066 13.867 13.824 13.703 13.727
    9.619925 0.6100000  3.7413 -3.9235 15.377 15.109 14.899 14.583 14.710 14.491 14.281 13.998 14.093 13.889 13.845 13.721 13.746
    9.624629 0.6100000  3.7383 -3.9355 15.427 15.153 14.939 14.617 14.746 14.524 14.310 14.025 14.120 13.912 13.867 13.741 13.766
    9.629264 0.6100000  3.7353 -3.9475 15.479 15.198 14.980 14.652 14.783 14.557 14.340 14.053 14.148 13.935 13.890 13.760 13.785
    9.633511 0.6100000  3.7323 -3.9594 15.531 15.243 15.021 14.687 14.821 14.590 14.369 14.081 14.175 13.959 13.912 13.780 13.805
    9.638087 0.6100000  3.7293 -3.9714 15.584 15.289 15.062 14.723 14.859 14.624 14.399 14.109 14.204 13.982 13.935 13.800 13.825
    9.642349 0.6100000  3.7263 -3.9833 15.638 15.335 15.105 14.758 14.897 14.657 14.430 14.137 14.232 14.006 13.957 13.819 13.845
    9.646513 0.6100000  3.7233 -3.9953 15.693 15.382 15.147 14.795 14.936 14.692 14.460 14.166 14.261 14.030 13.980 13.839 13.865
    9.650825 0.6100000  3.7204 -4.0072 15.749 15.430 15.191 14.832 14.976 14.726 14.491 14.195 14.290 14.054 14.003 13.859 13.885
    9.655096 0.6100000  3.7174 -4.0192 15.806 15.479 15.235 14.870 15.016 14.762 14.523 14.225 14.320 14.078 14.026 13.880 13.906
    9.659180 0.6100000  3.7144 -4.0312 15.864 15.529 15.281 14.908 15.057 14.798 14.556 14.255 14.350 14.103 14.050 13.900 13.926
    9.663333 0.6100000  3.7114 -4.0432 15.923 15.580 15.327 14.947 15.099 14.834 14.588 14.285 14.380 14.128 14.074 13.921 13.947
    9.667308 0.6100000  3.7084 -4.0551 15.983 15.631 15.374 14.986 15.141 14.871 14.621 14.316 14.411 14.153 14.098 13.941 13.968
    9.671208 0.6100000  3.7054 -4.0670 16.043 15.682 15.421 15.026 15.184 14.908 14.655 14.347 14.441 14.178 14.122 13.962 13.989
    9.674979 0.6100000  3.7024 -4.0789 16.105 15.735 15.470 15.067 15.227 14.946 14.689 14.378 14.473 14.204 14.146 13.983 14.010
    9.678704 0.6100000  3.6995 -4.0909 16.167 15.789 15.519 15.108 15.271 14.984 14.723 14.410 14.505 14.230 14.171 14.004 14.031
    9.682479 0.6100000  3.6965 -4.1029 16.231 15.843 15.569 15.150 15.316 15.023 14.758 14.443 14.537 14.256 14.196 14.026 14.053
    9.686368 0.6100000  3.6935 -4.1148 16.295 15.898 15.619 15.193 15.362 15.063 14.794 14.476 14.570 14.283 14.222 14.048 14.075
    9.690283 0.6100000  3.6905 -4.1267 16.360 15.954 15.670 15.236 15.408 15.102 14.830 14.509 14.603 14.310 14.247 14.070 14.097
    9.694195 0.6100000  3.6875 -4.1387 16.426 16.010 15.723 15.280 15.455 15.143 14.866 14.544 14.637 14.338 14.273 14.092 14.120
    9.697997 0.6100000  3.6846 -4.1506 16.493 16.067 15.775 15.324 15.502 15.184 14.903 14.578 14.671 14.365 14.300 14.115 14.142
    9.701701 0.6100000  3.6816 -4.1625 16.560 16.125 15.829 15.369 15.551 15.225 14.940 14.613 14.705 14.393 14.326 14.138 14.165
    9.705396 0.6100000  3.6785 -4.1749 16.631 16.186 15.885 15.417 15.601 15.269 14.980 14.649 14.742 14.423 14.354 14.162 14.189
    9.708958 0.6100000  3.6755 -4.1869 16.701 16.245 15.940 15.463 15.651 15.312 15.018 14.685 14.777 14.452 14.382 14.185 14.213
    9.712496 0.6100000  3.6725 -4.1988 16.770 16.305 15.996 15.510 15.701 15.355 15.057 14.721 14.813 14.481 14.409 14.209 14.237
    9.716033 0.6100000  3.6696 -4.2104 16.838 16.364 16.051 15.557 15.750 15.397 15.095 14.757 14.849 14.510 14.437 14.232 14.261
    9.719651 0.6100000  3.6666 -4.2223 16.909 16.425 16.108 15.605 15.801 15.441 15.135 14.794 14.886 14.540 14.465 14.256 14.285
    9.723078 0.6100000  3.6637 -4.2343 16.980 16.486 16.166 15.654 15.853 15.486 15.176 14.832 14.924 14.571 14.494 14.281 14.310
    9.726678 0.6100000  3.6607 -4.2463 17.053 16.549 16.225 15.704 15.906 15.531 15.217 14.871 14.963 14.602 14.523 14.306 14.335
    9.730249 0.6100000  3.6577 -4.2582 17.126 16.612 16.284 15.754 15.959 15.577 15.258 14.909 15.001 14.633 14.553 14.331 14.361
    9.733614 0.6100000  3.6547 -4.2702 17.200 16.676 16.344 15.804 16.013 15.623 15.301 14.949 15.041 14.665 14.583 14.357 14.387
    9.737150 0.6100000  3.6517 -4.2822 17.274 16.740 16.405 15.856 16.068 15.670 15.343 14.989 15.081 14.697 14.613 14.383 14.413
    9.740616 0.6100000  3.6487 -4.2941 17.349 16.805 16.466 15.908 16.122 15.717 15.386 15.029 15.121 14.729 14.644 14.409 14.439
    9.744013 0.6100000  3.6457 -4.3061 17.424 16.871 16.528 15.961 16.178 15.765 15.430 15.070 15.162 14.762 14.675 14.435 14.466
    9.747394 0.6100000  3.6427 -4.3181 17.500 16.937 16.591 16.014 16.234 15.813 15.474 15.111 15.203 14.795 14.707 14.462 14.493
    9.750757 0.6100000  3.6398 -4.3300 17.577 17.003 16.654 16.068 16.291 15.862 15.519 15.153 15.244 14.828 14.738 14.489 14.520
    9.754004 0.6100000  3.6368 -4.3420 17.654 17.071 16.718 16.122 16.349 15.911 15.564 15.196 15.287 14.862 14.770 14.517 14.548
    9.757344 0.6100000  3.6338 -4.3540 17.732 17.139 16.783 16.177 16.407 15.961 15.609 15.239 15.329 14.897 14.803 14.545 14.576
    9.760665 0.6100000  3.6308 -4.3659 17.810 17.207 16.848 16.233 16.465 16.011 15.656 15.282 15.372 14.931 14.836 14.572 14.604
    9.763972 0.6100000  3.6278 -4.3779 17.889 17.276 16.914 16.289 16.524 16.062 15.702 15.326 15.416 14.966 14.869 14.601 14.633
    9.767161 0.6100000  3.6248 -4.3899 17.968 17.345 16.980 16.346 16.584 16.113 15.749 15.370 15.460 15.002 14.903 14.630 14.662
    9.770339 0.6100000  3.6219 -4.4018 18.048 17.415 17.047 16.403 16.644 16.164 15.797 15.415 15.505 15.038 14.936 14.658 14.691
    9.773500 0.6100000  3.6189 -4.4138 18.128 17.485 17.114 16.461 16.705 16.216 15.845 15.461 15.550 15.074 14.971 14.688 14.721
    9.776634 0.6100000  3.6159 -4.4258 18.209 17.556 17.183 16.520 16.766 16.269 15.894 15.507 15.596 15.111 15.006 14.717 14.751
    9.779749 0.6100000  3.6129 -4.4378 18.290 17.628 17.251 16.579 16.828 16.322 15.944 15.553 15.642 15.148 15.041 14.747 14.781
    9.782846 0.6100000  3.6099 -4.4498 18.372 17.700 17.320 16.639 16.890 16.376 15.993 15.600 15.689 15.186 15.076 14.778 14.812
    9.785930 0.6100000  3.6069 -4.4618 18.454 17.772 17.390 16.699 16.953 16.430 16.044 15.647 15.737 15.224 15.112 14.808 14.843
    9.789000 0.6100000  3.6039 -4.4737 18.536 17.845 17.460 16.759 17.016 16.484 16.094 15.695 15.784 15.262 15.148 14.839 14.874
    9.792059 0.6100000  3.6010 -4.4857 18.619 17.918 17.531 16.821 17.080 16.539 16.146 15.743 15.833 15.301 15.185 14.870 14.905
    9.795085 0.6100000  3.5980 -4.4977 18.703 17.992 17.603 16.883 17.145 16.594 16.198 15.792 15.881 15.340 15.222 14.902 14.937
    9.798107 0.6100000  3.5950 -4.5096 18.786 18.065 17.674 16.944 17.209 16.649 16.249 15.841 15.930 15.380 15.259 14.934 14.970
    9.801136 0.6100000  3.5920 -4.5216 18.871 18.140 17.747 17.007 17.275 16.706 16.302 15.891 15.980 15.420 15.297 14.966 15.002
    9.804131 0.6100000  3.5890 -4.5336 18.956 18.215 17.820 17.071 17.341 16.762 16.355 15.942 16.031 15.460 15.335 14.999 15.035
    9.807107 0.6100000  3.5860 -4.5456 19.042 18.291 17.893 17.135 17.407 16.819 16.409 15.993 16.081 15.501 15.374 15.032 15.069
    9.810078 0.6100000  3.5830 -4.5575 19.127 18.367 17.967 17.199 17.474 16.877 16.463 16.044 16.133 15.542 15.412 15.065 15.102
    9.813033 0.6100000  3.5801 -4.5695 19.213 18.443 18.041 17.264 17.541 16.935 16.518 16.096 16.184 15.584 15.452 15.098 15.136
    9.815979 0.6100000  3.5771 -4.5815 19.301 18.521 18.117 17.330 17.609 16.993 16.573 16.148 16.237 15.626 15.491 15.132 15.170
    9.818895 0.6100000  3.5741 -4.5935 19.388 18.598 18.193 17.396 17.678 17.052 16.629 16.202 16.290 15.669 15.532 15.166 15.205
    9.821796 0.6100000  3.5711 -4.6055 19.476 18.676 18.269 17.463 17.747 17.111 16.684 16.255 16.343 15.712 15.572 15.201 15.240
    9.824684 0.6100000  3.5681 -4.6175 19.564 18.754 18.345 17.529 17.816 17.171 16.741 16.309 16.396 15.755 15.613 15.236 15.275
    9.827557 0.6100000  3.5651 -4.6295 19.652 18.833 18.422 17.597 17.886 17.231 16.798 16.363 16.450 15.799 15.654 15.271 15.311
    9.830399 0.6100000  3.5621 -4.6415 19.741 18.912 18.500 17.665 17.956 17.291 16.855 16.418 16.505 15.843 15.695 15.306 15.347
    9.833224 0.6100000  3.5591 -4.6535 19.830 18.992 18.577 17.733 18.026 17.352 16.913 16.473 16.560 15.887 15.737 15.342 15.383
    9.836045 0.6100000  3.5561 -4.6654 19.920 19.071 18.655 17.801 18.097 17.413 16.971 16.528 16.615 15.932 15.779 15.378 15.420
    9.838853 0.6100000  3.5531 -4.6775 20.010 19.152 18.734 17.871 18.169 17.475 17.029 16.585 16.671 15.977 15.822 15.415 15.457
