#     log(t)    Mwd   log(Teff)log(L/Lo) F435W F475W  F502N  F550M  F555W  F606W  F625W  F658N  F660N  F775W  F814W  F850LP F892N
  5.87021637 0.8700000  5.0311  1.2829  8.309  8.481  8.611  8.717  8.652  8.717  8.816  8.743  8.828  8.996  9.037  9.197  9.210
  5.87568665 0.8700000  5.0237  1.2478  8.339  8.511  8.639  8.746  8.680  8.746  8.844  8.773  8.857  9.024  9.065  9.225  9.239
  5.88143158 0.8700000  5.0163  1.2125  8.369  8.541  8.668  8.775  8.709  8.775  8.872  8.803  8.887  9.053  9.094  9.253  9.268
  5.88745594 0.8700000  5.0089  1.1772  8.399  8.570  8.697  8.803  8.737  8.803  8.900  8.833  8.915  9.081  9.122  9.281  9.296
  5.89373684 0.8700000  5.0014  1.1418  8.429  8.600  8.725  8.831  8.766  8.832  8.928  8.862  8.944  9.109  9.150  9.308  9.324
  5.90024281 0.8700000  4.9939  1.1064  8.458  8.629  8.753  8.859  8.794  8.860  8.956  8.891  8.973  9.137  9.178  9.336  9.352
  5.90697718 0.8700000  4.9863  1.0709  8.487  8.657  8.781  8.886  8.822  8.888  8.983  8.919  9.001  9.164  9.205  9.363  9.379
  5.91388750 0.8700000  4.9786  1.0355  8.516  8.685  8.809  8.914  8.849  8.915  9.010  8.947  9.028  9.191  9.232  9.390  9.406
  5.92102623 0.8700000  4.9710  0.9999  8.544  8.713  8.836  8.941  8.877  8.943  9.037  8.975  9.056  9.218  9.259  9.417  9.433
  5.92833138 0.8700000  4.9632  0.9644  8.571  8.741  8.863  8.968  8.904  8.969  9.064  9.002  9.083  9.244  9.285  9.443  9.459
  5.93580770 0.8700000  4.9554  0.9289  8.599  8.767  8.889  8.994  8.930  8.996  9.090  9.029  9.110  9.270  9.311  9.468  9.485
  5.94349623 0.8700000  4.9476  0.8935  8.625  8.794  8.915  9.020  8.956  9.022  9.116  9.055  9.136  9.295  9.336  9.494  9.510
  5.95139933 0.8700000  4.9398  0.8581  8.652  8.820  8.941  9.045  8.982  9.048  9.142  9.081  9.162  9.320  9.361  9.519  9.535
  5.95956182 0.8700000  4.9320  0.8227  8.678  8.846  8.967  9.070  9.007  9.073  9.167  9.108  9.187  9.345  9.386  9.544  9.559
  5.96793842 0.8700000  4.9241  0.7872  8.705  8.872  8.992  9.096  9.033  9.099  9.192  9.134  9.213  9.370  9.411  9.568  9.584
  5.97654247 0.8700000  4.9162  0.7518  8.731  8.898  9.018  9.121  9.058  9.124  9.217  9.160  9.238  9.395  9.436  9.593  9.608
  5.98541355 0.8700000  4.9083  0.7163  8.757  8.924  9.043  9.146  9.084  9.149  9.242  9.185  9.264  9.420  9.461  9.617  9.633
  5.99447203 0.8700000  4.9004  0.6809  8.784  8.950  9.068  9.171  9.109  9.174  9.267  9.211  9.289  9.444  9.485  9.642  9.657
  6.00378370 0.8700000  4.8925  0.6454  8.810  8.976  9.093  9.196  9.134  9.199  9.291  9.236  9.314  9.469  9.510  9.666  9.681
  6.01331520 0.8700000  4.8845  0.6099  8.835  9.001  9.118  9.221  9.159  9.224  9.316  9.262  9.339  9.493  9.534  9.690  9.705
  6.02308607 0.8700000  4.8765  0.5745  8.861  9.027  9.143  9.245  9.184  9.248  9.340  9.287  9.364  9.517  9.558  9.714  9.729
  6.03310633 0.8700000  4.8685  0.5391  8.886  9.052  9.167  9.269  9.208  9.272  9.364  9.312  9.389  9.540  9.581  9.737  9.753
  6.04336262 0.8700000  4.8605  0.5037  8.911  9.076  9.191  9.293  9.232  9.296  9.388  9.337  9.413  9.564  9.604  9.760  9.776
  6.05387878 0.8700000  4.8525  0.4682  8.937  9.100  9.215  9.317  9.256  9.320  9.411  9.361  9.437  9.587  9.627  9.783  9.799
  6.06463289 0.8700000  4.8444  0.4328  8.962  9.124  9.239  9.340  9.279  9.343  9.435  9.385  9.461  9.610  9.650  9.805  9.822
  6.07564688 0.8700000  4.8364  0.3974  8.986  9.149  9.262  9.364  9.303  9.367  9.458  9.410  9.485  9.633  9.673  9.828  9.844
  6.08692694 0.8700000  4.8283  0.3619  9.012  9.174  9.286  9.387  9.327  9.391  9.482  9.434  9.509  9.656  9.696  9.851  9.867
  6.09844017 0.8700000  4.8202  0.3266  9.036  9.198  9.310  9.410  9.351  9.414  9.505  9.459  9.533  9.679  9.719  9.874  9.890
  6.11022377 0.8700000  4.8120  0.2912  9.061  9.222  9.333  9.433  9.374  9.438  9.528  9.483  9.558  9.702  9.742  9.897  9.912
  6.12228775 0.8700000  4.8039  0.2558  9.085  9.246  9.357  9.456  9.398  9.461  9.551  9.507  9.581  9.725  9.765  9.920  9.935
  6.13463163 0.8700000  4.7957  0.2203  9.110  9.271  9.380  9.480  9.422  9.485  9.575  9.532  9.605  9.747  9.788  9.942  9.958
  6.14723158 0.8700000  4.7875  0.1849  9.134  9.295  9.404  9.503  9.445  9.508  9.597  9.555  9.629  9.770  9.810  9.965  9.980
  6.16006565 0.8700000  4.7793  0.1496  9.158  9.318  9.426  9.525  9.468  9.531  9.620  9.579  9.652  9.792  9.832  9.986 10.002
  6.17324591 0.8700000  4.7711  0.1142  9.183  9.342  9.449  9.548  9.491  9.554  9.642  9.603  9.675  9.814  9.854 10.008 10.024
  6.18677568 0.8700000  4.7629  0.0789  9.207  9.365  9.472  9.571  9.514  9.577  9.665  9.627  9.698  9.836  9.876 10.030 10.045
  6.20070982 0.8700000  4.7546  0.0436  9.231  9.389  9.495  9.593  9.537  9.600  9.687  9.650  9.722  9.858  9.898 10.052 10.067
  6.21500826 0.8700000  4.7464  0.0084  9.255  9.413  9.518  9.616  9.559  9.622  9.710  9.674  9.745  9.880  9.921 10.074 10.089
  6.22975397 0.8700000  4.7382 -0.0269  9.280  9.437  9.541  9.638  9.582  9.645  9.733  9.699  9.769  9.903  9.943 10.096 10.111
  6.24491453 0.8700000  4.7299 -0.0621  9.305  9.461  9.564  9.661  9.606  9.668  9.756  9.723  9.793  9.925  9.965 10.118 10.133
  6.26058722 0.8700000  4.7217 -0.0973  9.330  9.485  9.587  9.684  9.629  9.692  9.778  9.747  9.817  9.947  9.987 10.140 10.155
  6.27671576 0.8700000  4.7135 -0.1324  9.355  9.510  9.611  9.707  9.653  9.715  9.802  9.772  9.841  9.970 10.010 10.163 10.177
  6.29339075 0.8700000  4.7053 -0.1676  9.380  9.534  9.634  9.731  9.676  9.738  9.825  9.797  9.865  9.993 10.032 10.185 10.200
  6.31057119 0.8700000  4.6970 -0.2027  9.406  9.559  9.658  9.754  9.701  9.762  9.849  9.822  9.890 10.016 10.055 10.208 10.223
  6.32850313 0.8700000  4.6888 -0.2379  9.432  9.585  9.683  9.778  9.725  9.786  9.872  9.848  9.915 10.039 10.078 10.231 10.246
  6.34694147 0.8700000  4.6806 -0.2730  9.458  9.610  9.707  9.802  9.749  9.810  9.896  9.874  9.940 10.062 10.101 10.254 10.269
  6.36613846 0.8700000  4.6724 -0.3079  9.484  9.635  9.731  9.826  9.773  9.835  9.920  9.899  9.965 10.086 10.125 10.277 10.292
  6.38609076 0.8700000  4.6642 -0.3430  9.511  9.661  9.756  9.851  9.798  9.859  9.944  9.926  9.990 10.109 10.148 10.301 10.315
  6.40679741 0.8700000  4.6560 -0.3778  9.537  9.686  9.780  9.875  9.823  9.884  9.968  9.952 10.015 10.133 10.172 10.324 10.339
  6.42843866 0.8700000  4.6478 -0.4128  9.564  9.713  9.806  9.900  9.848  9.909  9.993  9.979 10.042 10.157 10.196 10.349 10.363
  6.45101023 0.8700000  4.6396 -0.4476  9.592  9.740  9.831  9.925  9.874  9.935 10.018 10.006 10.068 10.182 10.221 10.373 10.387
  6.47461033 0.8700000  4.6314 -0.4824  9.620  9.767  9.857  9.951  9.900  9.961 10.044 10.034 10.095 10.207 10.246 10.398 10.412
  6.49941111 0.8700000  4.6232 -0.5172  9.649  9.794  9.883  9.976  9.927  9.986 10.069 10.062 10.122 10.232 10.271 10.422 10.436
  6.52546406 0.8700000  4.6150 -0.5518  9.677  9.822  9.910 10.002  9.953 10.013 10.095 10.091 10.150 10.257 10.296 10.447 10.461
  6.55312204 0.8700000  4.6068 -0.5863  9.706  9.850  9.936 10.028  9.980 10.039 10.121 10.119 10.177 10.282 10.321 10.472 10.486
  6.58277464 0.8700000  4.5987 -0.6206  9.736  9.879  9.964 10.055 10.008 10.066 10.148 10.149 10.206 10.308 10.347 10.498 10.511
  6.61476994 0.8700000  4.5906 -0.6548  9.767  9.909  9.992 10.082 10.036 10.095 10.175 10.180 10.235 10.335 10.374 10.525 10.538
  6.64950228 0.8700000  4.5826 -0.6888  9.798  9.939 10.021 10.110 10.065 10.123 10.203 10.211 10.265 10.362 10.401 10.552 10.564
  6.68739080 0.8700000  4.5746 -0.7227  9.830  9.970 10.050 10.139 10.094 10.152 10.232 10.243 10.296 10.390 10.429 10.579 10.592
  6.72895908 0.8700000  4.5666 -0.7566  9.863 10.002 10.080 10.168 10.124 10.183 10.262 10.276 10.327 10.419 10.457 10.607 10.620
  6.77438879 0.8700000  4.5587 -0.7903  9.897 10.034 10.110 10.198 10.155 10.213 10.291 10.310 10.359 10.447 10.486 10.636 10.648
  6.82383680 0.8700000  4.5507 -0.8241  9.932 10.067 10.141 10.229 10.186 10.244 10.322 10.344 10.392 10.477 10.515 10.665 10.677
  6.87716007 0.8700000  4.5427 -0.8578  9.967 10.101 10.173 10.260 10.218 10.276 10.353 10.380 10.425 10.507 10.546 10.695 10.707
  6.93439531 0.8700000  4.5348 -0.8914 10.006 10.137 10.208 10.294 10.253 10.310 10.387 10.418 10.462 10.540 10.578 10.727 10.739
  6.99564743 0.8700000  4.5268 -0.9250 10.046 10.176 10.243 10.329 10.289 10.346 10.422 10.458 10.500 10.574 10.612 10.760 10.772
  7.06079817 0.8700000  4.5188 -0.9586 10.088 10.215 10.280 10.365 10.326 10.383 10.458 10.500 10.539 10.609 10.647 10.795 10.806
  7.12938499 0.8700000  4.5108 -0.9924 10.131 10.256 10.318 10.402 10.364 10.422 10.496 10.543 10.580 10.645 10.683 10.831 10.841
  7.20004797 0.8700000  4.5027 -1.0263 10.176 10.299 10.358 10.441 10.404 10.461 10.535 10.588 10.623 10.682 10.720 10.867 10.878
  7.27097607 0.8700000  4.4945 -1.0606 10.223 10.344 10.399 10.482 10.446 10.503 10.575 10.634 10.667 10.721 10.759 10.906 10.916
  7.34020281 0.8700000  4.4863 -1.0951 10.272 10.390 10.442 10.523 10.489 10.545 10.617 10.683 10.713 10.762 10.800 10.946 10.955
  7.40656614 0.8700000  4.4779 -1.1300 10.323 10.438 10.487 10.567 10.534 10.590 10.661 10.734 10.761 10.804 10.842 10.987 10.996
  7.46950531 0.8700000  4.4696 -1.1650 10.372 10.484 10.529 10.609 10.577 10.633 10.702 10.780 10.806 10.843 10.881 11.026 11.034
  7.52856255 0.8700000  4.4612 -1.2002 10.421 10.530 10.572 10.650 10.620 10.675 10.743 10.826 10.851 10.882 10.920 11.064 11.072
  7.58374882 0.8700000  4.4527 -1.2355 10.471 10.577 10.615 10.692 10.663 10.718 10.785 10.873 10.896 10.922 10.960 11.102 11.110
  7.63541794 0.8700000  4.4442 -1.2708 10.521 10.624 10.659 10.734 10.707 10.761 10.827 10.919 10.941 10.962 10.999 11.140 11.149
  7.68397141 0.8700000  4.4357 -1.3062 10.572 10.672 10.704 10.777 10.751 10.805 10.869 10.966 10.986 11.002 11.039 11.179 11.187
  7.72992802 0.8700000  4.4272 -1.3416 10.624 10.720 10.748 10.820 10.796 10.848 10.912 11.012 11.032 11.042 11.078 11.217 11.225
  7.77330160 0.8700000  4.4186 -1.3771 10.676 10.769 10.794 10.863 10.841 10.893 10.955 11.059 11.077 11.082 11.118 11.256 11.264
  7.81452703 0.8700000  4.4101 -1.4125 10.729 10.818 10.839 10.906 10.886 10.937 10.998 11.106 11.123 11.122 11.158 11.294 11.302
  7.85393667 0.8700000  4.4015 -1.4480 10.782 10.868 10.885 10.950 10.932 10.982 11.041 11.152 11.170 11.163 11.198 11.333 11.341
  7.89175177 0.8700000  4.3929 -1.4834 10.833 10.915 10.929 10.992 10.975 11.024 11.082 11.197 11.213 11.201 11.236 11.370 11.377
  7.92814684 0.8700000  4.3843 -1.5188 10.881 10.959 10.970 11.031 11.015 11.064 11.120 11.239 11.255 11.237 11.272 11.404 11.412
  7.96327257 0.8700000  4.3757 -1.5543 10.928 11.003 11.010 11.070 11.056 11.103 11.159 11.280 11.295 11.273 11.307 11.438 11.445
  7.99724054 0.8700000  4.3671 -1.5897 10.974 11.046 11.050 11.108 11.095 11.142 11.196 11.320 11.336 11.308 11.341 11.471 11.478
  8.03017521 0.8700000  4.3585 -1.6252 11.021 11.089 11.089 11.145 11.134 11.180 11.233 11.360 11.375 11.342 11.375 11.504 11.510
  8.06217670 0.8700000  4.3499 -1.6606 11.066 11.131 11.128 11.182 11.172 11.218 11.269 11.399 11.414 11.375 11.408 11.535 11.542
  8.09331799 0.8700000  4.3412 -1.6961 11.111 11.173 11.166 11.218 11.210 11.255 11.304 11.437 11.452 11.408 11.441 11.567 11.573
  8.12367725 0.8700000  4.3326 -1.7316 11.155 11.213 11.204 11.254 11.247 11.291 11.339 11.474 11.490 11.441 11.472 11.597 11.603
  8.15332794 0.8700000  4.3240 -1.7670 11.199 11.254 11.241 11.289 11.284 11.326 11.373 11.510 11.526 11.472 11.503 11.627 11.632
  8.18228531 0.8700000  4.3153 -1.8025 11.242 11.293 11.277 11.324 11.320 11.361 11.406 11.546 11.563 11.503 11.534 11.656 11.661
  8.21062565 0.8700000  4.3067 -1.8379 11.284 11.332 11.313 11.357 11.355 11.396 11.439 11.581 11.598 11.533 11.563 11.684 11.689
  8.23852062 0.8700000  4.2981 -1.8734 11.327 11.371 11.349 11.392 11.391 11.430 11.472 11.616 11.634 11.564 11.593 11.713 11.718
  8.26594734 0.8700000  4.2894 -1.9088 11.372 11.412 11.386 11.426 11.427 11.466 11.507 11.654 11.672 11.595 11.625 11.742 11.747
  8.29296494 0.8700000  4.2808 -1.9442 11.416 11.453 11.424 11.461 11.464 11.502 11.541 11.692 11.709 11.627 11.655 11.771 11.776
  8.31961632 0.8700000  4.2721 -1.9797 11.461 11.494 11.461 11.496 11.500 11.537 11.575 11.730 11.747 11.658 11.686 11.800 11.806
  8.34594154 0.8700000  4.2635 -2.0151 11.505 11.534 11.497 11.530 11.537 11.573 11.609 11.768 11.785 11.689 11.717 11.828 11.834
  8.37196064 0.8700000  4.2548 -2.0505 11.549 11.575 11.534 11.564 11.573 11.608 11.642 11.805 11.822 11.720 11.747 11.856 11.863
  8.39773846 0.8700000  4.2462 -2.0859 11.594 11.615 11.571 11.598 11.608 11.643 11.676 11.843 11.859 11.750 11.777 11.884 11.891
  8.42328644 0.8700000  4.2375 -2.1213 11.638 11.655 11.607 11.632 11.644 11.678 11.709 11.880 11.896 11.781 11.807 11.912 11.920
  8.44864273 0.8700000  4.2289 -2.1567 11.682 11.695 11.643 11.666 11.680 11.712 11.742 11.918 11.933 11.811 11.836 11.939 11.947
  8.47383118 0.8700000  4.2203 -2.1921 11.727 11.736 11.680 11.699 11.716 11.747 11.776 11.955 11.970 11.840 11.866 11.968 11.975
  8.49886990 0.8700000  4.2116 -2.2274 11.772 11.777 11.717 11.733 11.752 11.782 11.809 11.993 12.007 11.870 11.895 11.995 12.003
  8.52377796 0.8700000  4.2030 -2.2628 11.817 11.819 11.755 11.767 11.788 11.818 11.843 12.030 12.044 11.900 11.925 12.022 12.031
  8.54856300 0.8700000  4.1943 -2.2982 11.863 11.861 11.793 11.801 11.824 11.853 11.876 12.067 12.080 11.930 11.954 12.050 12.058
  8.57326031 0.8700000  4.1856 -2.3336 11.910 11.903 11.832 11.835 11.861 11.889 11.909 12.104 12.115 11.959 11.983 12.077 12.085
  8.59776497 0.8700000  4.1770 -2.3690 11.956 11.945 11.871 11.871 11.899 11.924 11.943 12.141 12.151 11.988 12.011 12.106 12.112
  8.62209606 0.8700000  4.1683 -2.4044 12.002 11.989 11.911 11.906 11.937 11.961 11.976 12.177 12.186 12.018 12.040 12.132 12.139
  8.64631271 0.8700000  4.1596 -2.4398 12.048 12.032 11.951 11.941 11.974 11.996 12.010 12.212 12.220 12.046 12.068 12.157 12.165
  8.67048645 0.8700000  4.1510 -2.4751 12.093 12.073 11.990 11.976 12.011 12.031 12.042 12.246 12.253 12.073 12.095 12.182 12.190
  8.69467068 0.8700000  4.1423 -2.5104 12.136 12.113 12.028 12.011 12.047 12.065 12.073 12.279 12.285 12.099 12.120 12.206 12.214
  8.71889591 0.8700000  4.1337 -2.5457 12.176 12.151 12.064 12.043 12.080 12.097 12.102 12.309 12.314 12.123 12.144 12.228 12.235
  8.74320221 0.8700000  4.1250 -2.5810 12.214 12.187 12.098 12.073 12.112 12.127 12.130 12.339 12.342 12.146 12.166 12.248 12.256
  8.76757431 0.8700000  4.1163 -2.6164 12.251 12.222 12.131 12.103 12.144 12.156 12.156 12.367 12.369 12.168 12.188 12.268 12.277
  8.79203701 0.8700000  4.1077 -2.6516 12.289 12.257 12.166 12.136 12.176 12.186 12.184 12.388 12.395 12.192 12.211 12.290 12.298
  8.81672859 0.8700000  4.0991 -2.6868 12.329 12.296 12.205 12.171 12.212 12.220 12.215 12.400 12.423 12.218 12.237 12.314 12.321
  8.84154034 0.8700000  4.0904 -2.7221 12.374 12.339 12.247 12.211 12.253 12.258 12.250 12.430 12.453 12.247 12.264 12.339 12.346
  8.86646175 0.8700000  4.0817 -2.7574 12.424 12.388 12.293 12.254 12.297 12.300 12.288 12.484 12.487 12.277 12.294 12.364 12.373
  8.89137268 0.8700000  4.0731 -2.7927 12.477 12.440 12.343 12.300 12.345 12.344 12.329 12.532 12.523 12.310 12.326 12.393 12.402
  8.91645432 0.8700000  4.0645 -2.8279 12.533 12.493 12.396 12.350 12.395 12.391 12.373 12.568 12.558 12.347 12.362 12.424 12.435
  8.94163132 0.8700000  4.0558 -2.8632 12.591 12.550 12.453 12.403 12.449 12.441 12.419 12.603 12.595 12.386 12.400 12.459 12.470
  8.96653175 0.8700000  4.0471 -2.8989 12.653 12.611 12.513 12.460 12.507 12.495 12.469 12.644 12.634 12.428 12.440 12.496 12.506
  8.99090290 0.8700000  4.0384 -2.9343 12.717 12.675 12.576 12.519 12.567 12.551 12.522 12.686 12.674 12.472 12.483 12.535 12.545
  9.01517200 0.8700000  4.0297 -2.9697 12.784 12.740 12.641 12.582 12.630 12.610 12.576 12.728 12.715 12.518 12.528 12.575 12.585
  9.03935719 0.8700000  4.0211 -3.0050 12.853 12.808 12.710 12.647 12.695 12.670 12.632 12.771 12.755 12.567 12.575 12.617 12.628
  9.06353283 0.8700000  4.0124 -3.0404 12.926 12.880 12.782 12.716 12.763 12.735 12.692 12.816 12.799 12.618 12.625 12.661 12.674
  9.08772087 0.8700000  4.0037 -3.0757 13.001 12.954 12.858 12.787 12.834 12.802 12.754 12.863 12.844 12.671 12.676 12.707 12.721
  9.11159515 0.8700000  3.9950 -3.1110 13.078 13.031 12.935 12.860 12.908 12.870 12.819 12.912 12.891 12.726 12.729 12.755 12.770
  9.13428783 0.8700000  3.9867 -3.1445 13.152 13.104 13.009 12.930 12.978 12.936 12.880 12.960 12.938 12.779 12.781 12.800 12.817
  9.15585327 0.8700000  3.9789 -3.1762 13.224 13.175 13.081 12.998 13.046 12.999 12.940 13.007 12.984 12.830 12.831 12.844 12.862
  9.17639828 0.8700000  3.9714 -3.2067 13.295 13.243 13.151 13.063 13.112 13.061 12.998 13.053 13.031 12.880 12.879 12.887 12.905
  9.19601536 0.8700000  3.9642 -3.2357 13.362 13.310 13.217 13.125 13.175 13.120 13.054 13.098 13.078 12.928 12.925 12.929 12.947
  9.21884632 0.8700000  3.9573 -3.2636 13.428 13.375 13.282 13.186 13.236 13.178 13.108 13.142 13.124 12.975 12.970 12.970 12.989
  9.24084568 0.8700000  3.9508 -3.2901 13.491 13.436 13.344 13.243 13.295 13.233 13.159 13.184 13.168 13.019 13.013 13.008 13.028
  9.26424408 0.8700000  3.9444 -3.3157 13.552 13.496 13.404 13.299 13.351 13.286 13.209 13.225 13.210 13.061 13.055 13.045 13.065
  9.28641987 0.8700000  3.9384 -3.3403 13.611 13.554 13.461 13.352 13.405 13.337 13.256 13.265 13.251 13.102 13.094 13.081 13.101
  9.30603409 0.8700000  3.9325 -3.3641 13.669 13.610 13.516 13.403 13.457 13.386 13.302 13.304 13.290 13.141 13.132 13.115 13.136
  9.32686901 0.8700000  3.9268 -3.3871 13.725 13.664 13.570 13.452 13.507 13.433 13.347 13.341 13.328 13.179 13.170 13.148 13.169
  9.34547234 0.8700000  3.9213 -3.4095 13.780 13.717 13.622 13.500 13.557 13.479 13.390 13.378 13.366 13.216 13.206 13.181 13.202
  9.36419392 0.8700000  3.9160 -3.4313 13.834 13.769 13.673 13.547 13.605 13.525 13.433 13.414 13.403 13.253 13.241 13.213 13.234
  9.38128853 0.8700000  3.9107 -3.4524 13.887 13.819 13.722 13.593 13.652 13.568 13.474 13.449 13.438 13.288 13.275 13.244 13.265
  9.39779282 0.8700000  3.9057 -3.4730 13.939 13.868 13.771 13.637 13.697 13.611 13.514 13.483 13.473 13.323 13.308 13.274 13.296
  9.41360855 0.8700000  3.9007 -3.4931 13.991 13.917 13.818 13.681 13.742 13.653 13.553 13.516 13.507 13.356 13.341 13.304 13.326
  9.42931557 0.8700000  3.8959 -3.5128 14.041 13.964 13.864 13.723 13.786 13.694 13.592 13.549 13.540 13.389 13.373 13.332 13.354
  9.44474316 0.8700000  3.8911 -3.5319 14.090 14.011 13.909 13.765 13.828 13.733 13.629 13.581 13.573 13.421 13.403 13.360 13.382
  9.45921898 0.8700000  3.8865 -3.5507 14.139 14.057 13.954 13.805 13.870 13.772 13.666 13.612 13.605 13.452 13.434 13.387 13.410
  9.47342300 0.8700000  3.8820 -3.5689 14.186 14.102 13.997 13.845 13.910 13.810 13.701 13.642 13.636 13.482 13.463 13.414 13.436
  9.48658276 0.8700000  3.8776 -3.5866 14.232 14.146 14.039 13.883 13.949 13.847 13.735 13.672 13.666 13.511 13.491 13.439 13.462
  9.50064087 0.8700000  3.8733 -3.6039 14.278 14.189 14.080 13.921 13.988 13.883 13.769 13.701 13.696 13.539 13.519 13.464 13.487
  9.51262760 0.8700000  3.8691 -3.6209 14.323 14.231 14.121 13.958 14.026 13.919 13.802 13.729 13.725 13.568 13.546 13.489 13.512
  9.52373409 0.8700000  3.8651 -3.6375 14.368 14.273 14.160 13.994 14.064 13.953 13.834 13.757 13.754 13.595 13.573 13.513 13.536
  9.53377056 0.8700000  3.8611 -3.6537 14.412 14.313 14.200 14.029 14.100 13.987 13.866 13.784 13.782 13.622 13.599 13.536 13.560
  9.54474735 0.8700000  3.8571 -3.6697 14.455 14.354 14.238 14.064 14.137 14.021 13.897 13.811 13.809 13.648 13.625 13.559 13.583
  9.55554485 0.8700000  3.8532 -3.6853 14.498 14.393 14.276 14.098 14.172 14.054 13.928 13.837 13.836 13.674 13.649 13.582 13.605
  9.56669712 0.8700000  3.8495 -3.7007 14.541 14.432 14.314 14.132 14.207 14.087 13.958 13.862 13.863 13.699 13.674 13.604 13.628
  9.57767200 0.8700000  3.8457 -3.7157 14.582 14.471 14.350 14.165 14.242 14.118 13.987 13.887 13.889 13.724 13.698 13.625 13.649
  9.58845901 0.8700000  3.8421 -3.7304 14.624 14.509 14.386 14.198 14.276 14.150 14.016 13.912 13.915 13.748 13.722 13.647 13.671
  9.59906483 0.8700000  3.8385 -3.7449 14.665 14.547 14.422 14.230 14.310 14.181 14.045 13.936 13.941 13.773 13.745 13.668 13.692
  9.60949707 0.8700000  3.8350 -3.7592 14.706 14.585 14.458 14.262 14.343 14.212 14.073 13.960 13.966 13.797 13.769 13.689 13.713
  9.61903954 0.8700000  3.8316 -3.7731 14.746 14.621 14.493 14.294 14.376 14.242 14.101 13.983 13.991 13.820 13.791 13.709 13.734
  9.62818909 0.8700000  3.8282 -3.7869 14.786 14.658 14.528 14.325 14.408 14.272 14.128 14.006 14.015 13.843 13.814 13.730 13.754
  9.63793945 0.8700000  3.8249 -3.8004 14.826 14.694 14.562 14.356 14.440 14.301 14.156 14.029 14.040 13.866 13.836 13.750 13.774
  9.64777279 0.8700000  3.8216 -3.8137 14.865 14.730 14.595 14.386 14.472 14.330 14.182 14.051 14.063 13.889 13.858 13.769 13.794
  9.65573978 0.8700000  3.8183 -3.8268 14.904 14.766 14.629 14.416 14.503 14.359 14.209 14.073 14.087 13.911 13.879 13.789 13.813
  9.66532707 0.8700000  3.8151 -3.8398 14.943 14.801 14.662 14.446 14.535 14.387 14.235 14.095 14.110 13.933 13.901 13.808 13.833
  9.67378902 0.8700000  3.8119 -3.8526 14.981 14.837 14.695 14.475 14.566 14.416 14.261 14.117 14.134 13.955 13.922 13.827 13.852
  9.68213558 0.8700000  3.8088 -3.8651 15.020 14.872 14.728 14.505 14.597 14.444 14.288 14.139 14.158 13.977 13.943 13.846 13.872
  9.69137764 0.8700000  3.8058 -3.8776 15.059 14.907 14.762 14.535 14.628 14.473 14.314 14.161 14.182 14.000 13.965 13.866 13.891
  9.69950676 0.8700000  3.8027 -3.8898 15.097 14.942 14.794 14.565 14.659 14.501 14.340 14.182 14.205 14.021 13.986 13.885 13.910
  9.70753956 0.8700000  3.7997 -3.9019 15.135 14.977 14.827 14.594 14.690 14.530 14.366 14.204 14.229 14.043 14.007 13.904 13.930
  9.71545219 0.8700000  3.7968 -3.9139 15.173 15.011 14.860 14.624 14.720 14.558 14.393 14.226 14.253 14.065 14.029 13.924 13.949
  9.72323799 0.8700000  3.7938 -3.9257 15.211 15.046 14.893 14.653 14.751 14.586 14.418 14.247 14.276 14.087 14.050 13.943 13.968
  9.72991085 0.8700000  3.7910 -3.9374 15.248 15.080 14.925 14.683 14.781 14.614 14.444 14.268 14.299 14.109 14.071 13.962 13.987
  9.73749447 0.8700000  3.7881 -3.9490 15.286 15.114 14.957 14.712 14.812 14.642 14.470 14.290 14.323 14.131 14.092 13.981 14.006
  9.74496746 0.8700000  3.7853 -3.9604 15.323 15.148 14.990 14.741 14.842 14.669 14.496 14.311 14.346 14.152 14.113 14.000 14.025
  9.75233841 0.8700000  3.7825 -3.9716 15.360 15.182 15.021 14.769 14.872 14.697 14.521 14.331 14.369 14.173 14.133 14.018 14.044
  9.75861549 0.8700000  3.7797 -3.9828 15.397 15.215 15.053 14.798 14.902 14.724 14.546 14.352 14.393 14.195 14.154 14.037 14.063
  9.76579762 0.8700000  3.7770 -3.9938 15.434 15.249 15.085 14.827 14.931 14.751 14.572 14.373 14.416 14.216 14.174 14.056 14.082
  9.77190590 0.8700000  3.7743 -4.0046 15.471 15.282 15.116 14.855 14.961 14.778 14.597 14.394 14.439 14.237 14.195 14.074 14.100
  9.77891636 0.8700000  3.7717 -4.0154 15.507 15.316 15.148 14.884 14.990 14.806 14.622 14.415 14.462 14.258 14.216 14.093 14.119
  9.78486347 0.8700000  3.7691 -4.0259 15.543 15.348 15.179 14.912 15.020 14.832 14.647 14.436 14.485 14.279 14.236 14.111 14.137
  9.79073811 0.8700000  3.7665 -4.0364 15.579 15.381 15.210 14.940 15.049 14.859 14.672 14.457 14.508 14.300 14.256 14.129 14.156
  9.79750729 0.8700000  3.7639 -4.0467 15.615 15.414 15.241 14.968 15.078 14.886 14.697 14.478 14.530 14.321 14.276 14.148 14.174
  9.80323219 0.8700000  3.7614 -4.0568 15.650 15.446 15.272 14.995 15.107 14.912 14.721 14.498 14.553 14.341 14.296 14.166 14.192
  9.80889225 0.8700000  3.7590 -4.0668 15.685 15.478 15.302 15.023 15.135 14.938 14.745 14.518 14.575 14.362 14.316 14.183 14.210
  9.81449604 0.8700000  3.7565 -4.0766 15.720 15.510 15.332 15.050 15.163 14.964 14.769 14.539 14.597 14.382 14.335 14.201 14.228
  9.82096195 0.8700000  3.7542 -4.0862 15.754 15.541 15.361 15.076 15.191 14.990 14.793 14.559 14.619 14.402 14.355 14.219 14.245
  9.82641697 0.8700000  3.7519 -4.0954 15.787 15.571 15.390 15.102 15.218 15.014 14.816 14.578 14.640 14.421 14.373 14.235 14.262
  9.83181190 0.8700000  3.7498 -4.1042 15.819 15.600 15.417 15.127 15.243 15.038 14.838 14.596 14.661 14.440 14.391 14.252 14.278
  9.83715153 0.8700000  3.7476 -4.1128 15.850 15.629 15.444 15.151 15.269 15.061 14.859 14.615 14.681 14.458 14.409 14.268 14.294
  9.84242630 0.8700000  3.7453 -4.1220 15.883 15.659 15.473 15.177 15.296 15.086 14.883 14.634 14.702 14.477 14.428 14.285 14.312
  9.84764862 0.8700000  3.7431 -4.1312 15.917 15.690 15.502 15.203 15.323 15.111 14.906 14.654 14.724 14.497 14.447 14.302 14.329
  9.85281658 0.8700000  3.7408 -4.1403 15.950 15.721 15.531 15.230 15.350 15.136 14.929 14.674 14.746 14.517 14.466 14.319 14.346
  9.85792446 0.8700000  3.7388 -4.1484 15.980 15.748 15.557 15.253 15.375 15.158 14.950 14.691 14.765 14.534 14.483 14.334 14.361
  9.86298466 0.8700000  3.7369 -4.1561 16.008 15.774 15.581 15.275 15.398 15.179 14.970 14.709 14.783 14.551 14.499 14.349 14.376
  9.86798477 0.8700000  3.7351 -4.1634 16.035 15.799 15.605 15.296 15.419 15.199 14.988 14.725 14.801 14.566 14.514 14.362 14.390
  9.87271023 0.8700000  3.7334 -4.1704 16.061 15.822 15.627 15.316 15.440 15.219 15.006 14.741 14.818 14.582 14.529 14.376 14.403
  9.87717152 0.8700000  3.7317 -4.1774 16.087 15.846 15.649 15.336 15.462 15.238 15.025 14.757 14.835 14.597 14.543 14.389 14.416
  9.88202763 0.8700000  3.7299 -4.1845 16.114 15.870 15.672 15.357 15.483 15.258 15.043 14.773 14.852 14.612 14.558 14.402 14.430
  9.88683414 0.8700000  3.7281 -4.1915 16.140 15.894 15.695 15.377 15.504 15.277 15.061 14.789 14.869 14.628 14.573 14.416 14.443
  9.89115047 0.8700000  3.7265 -4.1983 16.166 15.917 15.717 15.397 15.525 15.296 15.079 14.805 14.886 14.643 14.587 14.429 14.456
  9.89586639 0.8700000  3.7248 -4.2049 16.191 15.940 15.739 15.417 15.545 15.315 15.096 14.821 14.902 14.657 14.602 14.441 14.469
  9.90010548 0.8700000  3.7234 -4.2109 16.214 15.961 15.758 15.434 15.564 15.332 15.112 14.835 14.917 14.670 14.614 14.453 14.481
  9.90472126 0.8700000  3.7220 -4.2166 16.235 15.981 15.777 15.451 15.581 15.348 15.127 14.848 14.931 14.683 14.627 14.464 14.492
  9.90887260 0.8700000  3.7206 -4.2221 16.256 16.000 15.795 15.467 15.598 15.364 15.142 14.861 14.945 14.695 14.638 14.475 14.503
  9.91298580 0.8700000  3.7193 -4.2274 16.276 16.018 15.812 15.483 15.615 15.379 15.156 14.874 14.958 14.707 14.650 14.485 14.513
  9.91747093 0.8700000  3.7180 -4.2325 16.296 16.036 15.829 15.498 15.630 15.393 15.169 14.886 14.971 14.718 14.661 14.495 14.523
  9.92150402 0.8700000  3.7168 -4.2375 16.314 16.053 15.845 15.513 15.646 15.407 15.182 14.898 14.983 14.729 14.671 14.504 14.532
  9.92549706 0.8700000  3.7156 -4.2424 16.333 16.070 15.861 15.527 15.661 15.421 15.195 14.910 14.996 14.740 14.682 14.514 14.542
  9.92985153 0.8700000  3.7144 -4.2473 16.352 16.087 15.877 15.542 15.676 15.435 15.208 14.922 15.008 14.751 14.692 14.523 14.552
  9.93377018 0.8700000  3.7132 -4.2520 16.369 16.103 15.893 15.556 15.690 15.448 15.221 14.933 15.020 14.761 14.702 14.532 14.561
  9.93765163 0.8700000  3.7121 -4.2566 16.387 16.119 15.908 15.569 15.705 15.461 15.233 14.944 15.031 14.772 14.712 14.541 14.570
  9.94150639 0.8700000  3.7110 -4.2611 16.404 16.135 15.923 15.583 15.719 15.474 15.245 14.955 15.043 14.782 14.722 14.550 14.578
  9.94569492 0.8700000  3.7099 -4.2655 16.421 16.150 15.937 15.596 15.732 15.486 15.257 14.966 15.054 14.791 14.731 14.559 14.587
  9.94938374 0.8700000  3.7088 -4.2698 16.437 16.165 15.951 15.609 15.746 15.499 15.268 14.977 15.065 14.801 14.741 14.567 14.596
  9.95312595 0.8700000  3.7078 -4.2740 16.453 16.180 15.965 15.621 15.759 15.511 15.279 14.987 15.075 14.810 14.750 14.575 14.604
  9.95683479 0.8700000  3.7069 -4.2780 16.469 16.194 15.979 15.633 15.771 15.522 15.290 14.997 15.086 14.819 14.758 14.583 14.612
  9.96051407 0.8700000  3.7059 -4.2818 16.483 16.207 15.991 15.645 15.783 15.533 15.300 15.006 15.095 14.828 14.767 14.590 14.619
  9.96416187 0.8700000  3.7050 -4.2856 16.498 16.220 16.004 15.656 15.795 15.544 15.310 15.016 15.105 14.836 14.775 14.598 14.627
  9.96778011 0.8700000  3.7041 -4.2893 16.512 16.233 16.016 15.667 15.807 15.554 15.320 15.025 15.114 14.845 14.783 14.605 14.634
  9.97136974 0.8700000  3.7032 -4.2930 16.526 16.246 16.028 15.678 15.818 15.565 15.330 15.034 15.124 14.853 14.791 14.612 14.641
  9.97492218 0.8700000  3.7023 -4.2966 16.540 16.259 16.040 15.689 15.830 15.575 15.339 15.043 15.133 14.861 14.799 14.619 14.648
  9.97844410 0.8700000  3.7014 -4.3001 16.553 16.271 16.052 15.700 15.841 15.585 15.349 15.052 15.142 14.869 14.806 14.626 14.655
  9.98194122 0.8700000  3.7006 -4.3035 16.566 16.283 16.063 15.710 15.851 15.595 15.358 15.060 15.151 14.876 14.814 14.633 14.662
  9.98540497 0.8700000  3.6997 -4.3070 16.580 16.295 16.075 15.720 15.862 15.605 15.367 15.069 15.160 14.884 14.821 14.640 14.669
  9.98866653 0.8700000  3.6989 -4.3103 16.592 16.307 16.086 15.730 15.873 15.614 15.376 15.078 15.168 14.892 14.829 14.646 14.675
  9.99208069 0.8700000  3.6981 -4.3137 16.605 16.319 16.097 15.741 15.883 15.624 15.385 15.086 15.177 14.899 14.836 14.653 14.682
  9.99546242 0.8700000  3.6973 -4.3171 16.618 16.331 16.108 15.751 15.894 15.634 15.394 15.094 15.185 14.907 14.843 14.660 14.689
  9.99881649 0.8700000  3.6965 -4.3204 16.631 16.342 16.119 15.761 15.904 15.643 15.403 15.103 15.194 14.914 14.850 14.666 14.695
 10.00198269 0.8700000  3.6957 -4.3237 16.643 16.353 16.130 15.770 15.914 15.652 15.412 15.111 15.202 14.922 14.857 14.673 14.702
 10.00528049 0.8700000  3.6949 -4.3269 16.655 16.364 16.140 15.780 15.924 15.661 15.420 15.119 15.210 14.929 14.864 14.679 14.708
 10.00840473 0.8700000  3.6941 -4.3302 16.668 16.376 16.151 15.790 15.934 15.671 15.429 15.127 15.218 14.936 14.871 14.685 14.715
 10.01165104 0.8700000  3.6933 -4.3334 16.680 16.387 16.162 15.799 15.944 15.680 15.438 15.135 15.226 14.943 14.878 14.691 14.721
 10.01487637 0.8700000  3.6925 -4.3366 16.692 16.398 16.172 15.809 15.954 15.689 15.446 15.143 15.235 14.950 14.885 14.698 14.727
 10.01792431 0.8700000  3.6917 -4.3397 16.704 16.409 16.182 15.818 15.963 15.698 15.454 15.151 15.242 14.957 14.892 14.704 14.733
 10.02095509 0.8700000  3.6909 -4.3429 16.716 16.420 16.193 15.827 15.973 15.707 15.463 15.159 15.250 14.964 14.899 14.710 14.740
 10.02410603 0.8700000  3.6902 -4.3460 16.727 16.430 16.203 15.837 15.983 15.715 15.471 15.166 15.258 14.971 14.905 14.716 14.746
 10.02708912 0.8700000  3.6894 -4.3490 16.739 16.441 16.213 15.845 15.992 15.724 15.479 15.174 15.266 14.978 14.912 14.722 14.752
 10.03019238 0.8700000  3.6887 -4.3520 16.750 16.451 16.223 15.854 16.001 15.732 15.487 15.182 15.273 14.985 14.918 14.728 14.757
 10.03313160 0.8700000  3.6880 -4.3549 16.761 16.461 16.232 15.863 16.010 15.741 15.495 15.189 15.281 14.991 14.924 14.734 14.763
 10.03605461 0.8700000  3.6873 -4.3579 16.772 16.471 16.242 15.872 16.019 15.749 15.503 15.196 15.288 14.998 14.931 14.739 14.769
 10.03894806 0.8700000  3.6865 -4.3609 16.783 16.482 16.252 15.881 16.029 15.757 15.511 15.204 15.296 15.004 14.937 14.745 14.775
 10.04183102 0.8700000  3.6858 -4.3639 16.795 16.492 16.262 15.890 16.038 15.766 15.519 15.211 15.303 15.011 14.944 14.751 14.781
 10.04469776 0.8700000  3.6851 -4.3669 16.806 16.502 16.271 15.899 16.047 15.774 15.527 15.219 15.311 15.018 14.950 14.757 14.787
 10.04753494 0.8700000  3.6843 -4.3700 16.817 16.513 16.282 15.908 16.057 15.783 15.535 15.227 15.319 15.025 14.957 14.763 14.793
 10.05035782 0.8700000  3.6836 -4.3731 16.829 16.524 16.292 15.917 16.066 15.792 15.543 15.235 15.327 15.031 14.964 14.769 14.799
 10.05316353 0.8700000  3.6828 -4.3762 16.841 16.534 16.302 15.926 16.076 15.801 15.551 15.242 15.334 15.038 14.970 14.775 14.805
 10.05594921 0.8700000  3.6821 -4.3793 16.852 16.545 16.312 15.935 16.085 15.809 15.559 15.250 15.342 15.045 14.977 14.781 14.811
 10.05871296 0.8700000  3.6813 -4.3824 16.864 16.555 16.322 15.944 16.095 15.818 15.568 15.258 15.350 15.052 14.983 14.787 14.817
 10.06150150 0.8700000  3.6808 -4.3843 16.871 16.562 16.328 15.950 16.101 15.823 15.573 15.263 15.355 15.056 14.988 14.791 14.821
 10.06410980 0.8700000  3.6804 -4.3862 16.878 16.568 16.335 15.956 16.106 15.829 15.578 15.268 15.360 15.061 14.992 14.795 14.825
 10.06685066 0.8700000  3.6799 -4.3881 16.885 16.575 16.341 15.961 16.112 15.834 15.583 15.272 15.364 15.065 14.996 14.799 14.829
 10.06955624 0.8700000  3.6795 -4.3900 16.892 16.581 16.347 15.967 16.118 15.839 15.588 15.277 15.369 15.069 15.000 14.802 14.832
 10.07211113 0.8700000  3.6790 -4.3919 16.899 16.588 16.353 15.973 16.124 15.845 15.593 15.282 15.374 15.073 15.004 14.806 14.836
 10.07475281 0.8700000  3.6785 -4.3939 16.907 16.595 16.360 15.978 16.130 15.850 15.598 15.287 15.379 15.078 15.008 14.810 14.840
 10.07733917 0.8700000  3.6781 -4.3958 16.914 16.601 16.366 15.984 16.136 15.856 15.603 15.292 15.384 15.082 15.012 14.814 14.844
 10.07990074 0.8700000  3.6776 -4.3978 16.921 16.608 16.372 15.990 16.142 15.861 15.609 15.297 15.389 15.086 15.017 14.818 14.848
 10.08242893 0.8700000  3.6771 -4.3999 16.929 16.615 16.379 15.996 16.148 15.867 15.614 15.302 15.394 15.091 15.021 14.822 14.852
 10.08495045 0.8700000  3.6766 -4.4019 16.937 16.622 16.386 16.002 16.154 15.873 15.619 15.307 15.399 15.096 15.025 14.826 14.856
 10.08757591 0.8700000  3.6761 -4.4040 16.944 16.629 16.392 16.008 16.160 15.878 15.625 15.312 15.404 15.100 15.030 14.830 14.860
 10.09014320 0.8700000  3.6756 -4.4061 16.952 16.636 16.399 16.014 16.167 15.884 15.630 15.318 15.409 15.105 15.034 14.834 14.864
 10.09268856 0.8700000  3.6751 -4.4083 16.960 16.643 16.406 16.020 16.173 15.890 15.636 15.323 15.415 15.109 15.039 14.838 14.868
 10.09522533 0.8700000  3.6745 -4.4104 16.967 16.650 16.412 16.026 16.179 15.896 15.641 15.328 15.420 15.114 15.043 14.842 14.872
 10.09764576 0.8700000  3.6740 -4.4127 16.976 16.658 16.420 16.033 16.186 15.902 15.647 15.334 15.426 15.119 15.048 14.847 14.877
 10.10015011 0.8700000  3.6734 -4.4149 16.984 16.665 16.427 16.039 16.193 15.908 15.653 15.339 15.431 15.124 15.053 14.851 14.881
 10.10264206 0.8700000  3.6729 -4.4172 16.992 16.673 16.434 16.046 16.200 15.914 15.659 15.345 15.437 15.129 15.057 14.855 14.885
 10.10500908 0.8700000  3.6723 -4.4196 17.000 16.680 16.441 16.053 16.207 15.921 15.665 15.350 15.442 15.134 15.062 14.860 14.890
 10.10702801 0.8700000  3.6627 -4.4579 17.137 16.806 16.561 16.160 16.318 16.023 15.761 15.442 15.535 15.215 15.141 14.932 14.961
 10.10891151 0.8700000  3.6619 -4.4611 17.149 16.816 16.570 16.169 16.328 16.032 15.769 15.450 15.542 15.222 15.148 14.938 14.967
 10.11125374 0.8700000  3.6609 -4.4654 17.164 16.830 16.584 16.181 16.340 16.043 15.780 15.460 15.552 15.231 15.156 14.946 14.975
 10.11357975 0.8700000  3.6598 -4.4698 17.179 16.844 16.597 16.193 16.353 16.055 15.791 15.471 15.563 15.240 15.165 14.954 14.983
 10.11588955 0.8700000  3.6587 -4.4743 17.194 16.858 16.611 16.205 16.365 16.067 15.802 15.481 15.573 15.249 15.174 14.962 14.992
 10.11819553 0.8700000  3.6575 -4.4788 17.210 16.872 16.624 16.218 16.378 16.078 15.813 15.492 15.584 15.259 15.183 14.970 15.000
 10.12048244 0.8700000  3.6564 -4.4834 17.226 16.887 16.638 16.230 16.391 16.090 15.824 15.503 15.595 15.268 15.193 14.979 15.008
 10.12275314 0.8700000  3.6552 -4.4881 17.242 16.902 16.652 16.243 16.404 16.102 15.835 15.514 15.606 15.278 15.202 14.988 15.017
 10.12502861 0.8700000  3.6540 -4.4929 17.258 16.917 16.667 16.256 16.418 16.115 15.847 15.525 15.617 15.288 15.212 14.996 15.026
 10.12727547 0.8700000  3.6528 -4.4978 17.275 16.932 16.681 16.269 16.431 16.127 15.859 15.536 15.628 15.298 15.222 15.006 15.035
 10.12951851 0.8700000  3.6516 -4.5029 17.292 16.947 16.696 16.282 16.445 16.140 15.871 15.548 15.640 15.308 15.232 15.015 15.044
 10.13174725 0.8700000  3.6503 -4.5081 17.309 16.963 16.711 16.296 16.459 16.153 15.883 15.559 15.652 15.319 15.242 15.024 15.053
 10.13394928 0.8700000  3.6490 -4.5133 17.326 16.979 16.726 16.310 16.473 16.166 15.895 15.571 15.663 15.329 15.252 15.034 15.062
 10.13616562 0.8700000  3.6477 -4.5187 17.344 16.995 16.741 16.323 16.488 16.179 15.908 15.583 15.675 15.339 15.262 15.044 15.072
 10.13835049 0.8700000  3.6463 -4.5242 17.362 17.011 16.757 16.338 16.503 16.193 15.920 15.595 15.687 15.350 15.273 15.053 15.082
 10.14054585 0.8700000  3.6449 -4.5299 17.380 17.028 16.773 16.352 16.518 16.207 15.933 15.608 15.700 15.361 15.283 15.064 15.092
 10.14271641 0.8700000  3.6434 -4.5357 17.399 17.045 16.789 16.367 16.533 16.221 15.946 15.620 15.713 15.373 15.294 15.074 15.102
 10.14487839 0.8700000  3.6419 -4.5419 17.419 17.063 16.806 16.382 16.549 16.235 15.960 15.634 15.726 15.384 15.306 15.085 15.113
 10.14702988 0.8700000  3.6404 -4.5481 17.438 17.081 16.823 16.398 16.565 16.250 15.974 15.647 15.739 15.396 15.317 15.096 15.124
 10.14917183 0.8700000  3.6387 -4.5546 17.459 17.099 16.841 16.414 16.582 16.265 15.989 15.661 15.753 15.409 15.330 15.108 15.135
 10.15130520 0.8700000  3.6371 -4.5612 17.479 17.118 16.859 16.430 16.599 16.281 16.003 15.675 15.767 15.421 15.342 15.120 15.147
 10.15342522 0.8700000  3.6354 -4.5679 17.500 17.137 16.877 16.447 16.616 16.296 16.018 15.689 15.781 15.433 15.354 15.131 15.158
 10.15553379 0.8700000  3.6337 -4.5749 17.521 17.157 16.896 16.464 16.633 16.313 16.033 15.703 15.796 15.446 15.367 15.144 15.170
 10.15763760 0.8700000  3.6319 -4.5821 17.543 17.176 16.915 16.481 16.651 16.329 16.048 15.718 15.811 15.460 15.380 15.156 15.183
 10.15972710 0.8700000  3.6301 -4.5896 17.565 17.197 16.934 16.499 16.669 16.346 16.064 15.733 15.826 15.473 15.393 15.169 15.195
 10.16180611 0.8700000  3.6282 -4.5972 17.588 17.217 16.954 16.516 16.688 16.363 16.080 15.749 15.842 15.487 15.406 15.183 15.208
 10.16387844 0.8700000  3.6262 -4.6050 17.611 17.238 16.974 16.535 16.707 16.380 16.096 15.764 15.857 15.501 15.420 15.197 15.222
 10.16593742 0.8700000  3.6242 -4.6130 17.634 17.259 16.994 16.553 16.726 16.397 16.113 15.780 15.873 15.515 15.434 15.211 15.235
 10.16798496 0.8700000  3.6222 -4.6212 17.657 17.281 17.014 16.571 16.745 16.415 16.129 15.796 15.889 15.530 15.449 15.225 15.249
 10.17002773 0.8700000  3.6201 -4.6297 17.681 17.303 17.035 16.590 16.765 16.433 16.146 15.812 15.905 15.545 15.464 15.241 15.264
 10.17205524 0.8700000  3.6179 -4.6383 17.705 17.324 17.056 16.609 16.784 16.451 16.163 15.829 15.922 15.560 15.479 15.256 15.278
 10.17408085 0.8700000  3.6157 -4.6472 17.729 17.347 17.077 16.629 16.804 16.469 16.181 15.846 15.939 15.575 15.494 15.272 15.293
 10.17609596 0.8700000  3.6135 -4.6563 17.754 17.369 17.099 16.648 16.825 16.488 16.199 15.863 15.955 15.591 15.509 15.288 15.308
 10.17809868 0.8700000  3.6111 -4.6660 17.779 17.393 17.121 16.669 16.846 16.507 16.217 15.881 15.973 15.607 15.526 15.305 15.325
 10.18009758 0.8700000  3.6085 -4.6761 17.806 17.417 17.144 16.690 16.868 16.527 16.236 15.899 15.991 15.624 15.543 15.323 15.342
 10.18207550 0.8700000  3.6060 -4.6864 17.832 17.441 17.168 16.711 16.890 16.547 16.255 15.917 16.010 15.641 15.560 15.342 15.359
 10.18405247 0.8700000  3.6033 -4.6970 17.859 17.465 17.191 16.733 16.912 16.567 16.274 15.936 16.028 15.658 15.577 15.360 15.376
 10.18602085 0.8700000  3.6006 -4.7078 17.886 17.490 17.215 16.754 16.934 16.588 16.294 15.955 16.047 15.676 15.595 15.380 15.395
 10.18797398 0.8700000  3.5979 -4.7187 17.913 17.515 17.239 16.776 16.957 16.608 16.313 15.974 16.065 15.694 15.614 15.401 15.413
 10.18992424 0.8700000  3.5951 -4.7299 17.940 17.540 17.262 16.798 16.979 16.629 16.333 15.993 16.084 15.712 15.633 15.422 15.433
 10.19186783 0.8700000  3.5923 -4.7413 17.968 17.565 17.286 16.819 17.002 16.650 16.353 16.011 16.103 15.731 15.652 15.444 15.453
 10.19379997 0.8700000  3.5893 -4.7532 17.996 17.591 17.311 16.842 17.025 16.672 16.373 16.031 16.123 15.750 15.672 15.467 15.474
 10.19572353 0.8700000  3.5862 -4.7656 18.025 17.617 17.336 16.865 17.049 16.693 16.394 16.051 16.143 15.770 15.692 15.492 15.496
 10.19764233 0.8700000  3.5831 -4.7783 18.053 17.643 17.362 16.887 17.073 16.716 16.415 16.071 16.163 15.791 15.713 15.517 15.519
 10.19955158 0.8700000  3.5798 -4.7914 18.083 17.670 17.387 16.911 17.097 16.738 16.436 16.091 16.183 15.812 15.735 15.544 15.542
 10.20144844 0.8700000  3.5762 -4.8057 18.114 17.699 17.414 16.935 17.122 16.762 16.459 16.113 16.205 15.834 15.759 15.573 15.568
 10.20333767 0.8700000  3.5726 -4.8204 18.146 17.728 17.442 16.961 17.148 16.786 16.482 16.135 16.227 15.858 15.784 15.604 15.596
 10.20522404 0.8700000  3.5688 -4.8355 18.178 17.757 17.471 16.987 17.175 16.811 16.506 16.158 16.250 15.883 15.811 15.637 15.626
 10.20709133 0.8700000  3.5648 -4.8514 18.212 17.788 17.501 17.014 17.203 16.837 16.530 16.182 16.273 15.910 15.840 15.673 15.659
 10.20895672 0.8700000  3.5608 -4.8677 18.247 17.820 17.531 17.041 17.231 16.863 16.555 16.206 16.298 15.938 15.870 15.711 15.694
 10.21081543 0.8700000  3.5566 -4.8844 18.281 17.851 17.561 17.068 17.260 16.890 16.580 16.230 16.322 15.966 15.901 15.751 15.730
 10.21266842 0.8700000  3.5524 -4.9013 18.315 17.882 17.591 17.096 17.288 16.916 16.605 16.255 16.346 15.995 15.932 15.792 15.768
 10.21450710 0.8700000  3.5480 -4.9187 18.350 17.914 17.621 17.123 17.316 16.943 16.631 16.280 16.371 16.026 15.966 15.836 15.808
 10.21634197 0.8700000  3.5436 -4.9366 18.385 17.946 17.652 17.151 17.345 16.970 16.657 16.305 16.396 16.057 16.001 15.882 15.851
 10.21817112 0.8700000  3.5389 -4.9554 18.422 17.979 17.684 17.181 17.375 16.999 16.684 16.332 16.423 16.094 16.040 15.933 15.898
 10.21999168 0.8700000  3.5341 -4.9746 18.459 18.013 17.716 17.210 17.406 17.027 16.712 16.359 16.450 16.132 16.082 15.986 15.949
 10.22179604 0.8700000  3.5291 -4.9945 18.497 18.048 17.750 17.241 17.437 17.057 16.741 16.386 16.478 16.172 16.126 16.043 16.003
 10.22359848 0.8700000  3.5240 -5.0150 18.536 18.083 17.783 17.272 17.469 17.087 16.770 16.415 16.506 16.215 16.173 16.103 16.061
 10.22539616 0.8700000  3.5187 -5.0361 18.575 18.118 17.817 17.303 17.501 17.118 16.799 16.444 16.535 16.261 16.223 16.167 16.122
 10.22718811 0.8700000  3.5133 -5.0579 18.614 18.155 17.852 17.335 17.534 17.150 16.830 16.473 16.565 16.309 16.277 16.235 16.188
 10.22896385 0.8700000  3.5077 -5.0802 18.654 18.191 17.887 17.367 17.567 17.182 16.861 16.504 16.596 16.361 16.334 16.306 16.257
 10.23074532 0.8700000  3.5019 -5.1034 18.696 18.229 17.924 17.400 17.601 17.216 16.894 16.536 16.628 16.418 16.395 16.381 16.330
 10.23251152 0.8700000  3.4960 -5.1272 18.738 18.268 17.961 17.434 17.636 17.250 16.927 16.569 16.661 16.479 16.461 16.460 16.407
 10.23427200 0.8700000  3.4899 -5.1518 18.781 18.307 17.998 17.468 17.671 17.286 16.962 16.602 16.694 16.545 16.531 16.544 16.489
 10.23602009 0.8700000  3.4835 -5.1772 18.825 18.347 18.036 17.503 17.707 17.322 16.998 16.637 16.729 16.615 16.606 16.632 16.576
