#   log(t)       Mwd   log(Teff)log(L/Lo) F435W F475  F502N  F550M  F555W  F606W  F625W  F658N  F660N  F775W  F814W  F850LP F892N
    5.770492 1.0000000  5.0330  0.9639  4.068  4.463  4.962  5.286  5.159  5.321  5.695  5.862  6.000  6.427  6.861  7.235  6.932
    5.772545 1.0000000  5.0303  0.9524  4.126  4.518  5.014  5.335  5.208  5.370  5.742  5.907  6.044  6.468  6.900  7.271  6.971
    5.774563 1.0000000  5.0277  0.9412  4.181  4.571  5.065  5.383  5.257  5.418  5.787  5.950  6.087  6.509  6.937  7.305  7.009
    5.776725 1.0000000  5.0249  0.9296  4.239  4.625  5.118  5.432  5.306  5.467  5.833  5.994  6.132  6.550  6.975  7.341  7.048
    5.778948 1.0000000  5.0221  0.9179  4.296  4.681  5.170  5.482  5.357  5.517  5.880  6.039  6.177  6.592  7.013  7.377  7.088
    5.781217 1.0000000  5.0194  0.9062  4.354  4.735  5.223  5.531  5.407  5.566  5.927  6.084  6.221  6.634  7.051  7.413  7.127
    5.783531 1.0000000  5.0166  0.8946  4.411  4.790  5.275  5.580  5.456  5.615  5.973  6.128  6.266  6.675  7.089  7.448  7.165
    5.785907 1.0000000  5.0138  0.8829  4.468  4.844  5.327  5.629  5.506  5.664  6.019  6.172  6.310  6.717  7.127  7.484  7.204
    5.788325 1.0000000  5.0111  0.8712  4.525  4.898  5.379  5.677  5.555  5.713  6.065  6.216  6.354  6.758  7.165  7.519  7.243
    5.790803 1.0000000  5.0083  0.8595  4.582  4.953  5.431  5.726  5.604  5.761  6.112  6.260  6.398  6.799  7.202  7.554  7.282
    5.793319 1.0000000  5.0056  0.8479  4.638  5.006  5.482  5.774  5.653  5.809  6.157  6.303  6.441  6.839  7.239  7.589  7.320
    5.795900 1.0000000  5.0028  0.8362  4.694  5.060  5.533  5.822  5.701  5.858  6.203  6.346  6.485  6.880  7.277  7.624  7.358
    5.798534 1.0000000  5.0000  0.8244  4.750  5.114  5.585  5.871  5.750  5.906  6.248  6.390  6.528  6.921  7.314  7.659  7.396
    5.801204 1.0000000  4.9973  0.8127  4.806  5.167  5.636  5.918  5.799  5.954  6.293  6.433  6.572  6.961  7.351  7.694  7.434
    5.803935 1.0000000  4.9945  0.8010  4.862  5.220  5.686  5.966  5.847  6.001  6.339  6.476  6.614  7.002  7.388  7.728  7.472
    5.806704 1.0000000  4.9917  0.7893  4.917  5.273  5.737  6.013  5.895  6.049  6.383  6.519  6.657  7.042  7.425  7.762  7.509
    5.809541 1.0000000  4.9889  0.7776  4.972  5.326  5.787  6.061  5.943  6.096  6.428  6.562  6.700  7.082  7.461  7.797  7.547
    5.812411 1.0000000  4.9862  0.7659  5.027  5.378  5.837  6.108  5.991  6.143  6.473  6.604  6.742  7.121  7.498  7.831  7.584
    5.815347 1.0000000  4.9834  0.7542  5.082  5.430  5.887  6.154  6.038  6.190  6.517  6.646  6.785  7.161  7.534  7.865  7.621
    5.818336 1.0000000  4.9806  0.7424  5.137  5.483  5.937  6.202  6.086  6.237  6.562  6.689  6.827  7.201  7.570  7.899  7.658
    5.821360 1.0000000  4.9778  0.7308  5.191  5.534  5.986  6.248  6.133  6.283  6.605  6.730  6.869  7.239  7.606  7.932  7.695
    5.824448 1.0000000  4.9750  0.7190  5.245  5.586  6.036  6.294  6.180  6.330  6.649  6.772  6.911  7.279  7.642  7.966  7.732
    5.827574 1.0000000  4.9723  0.7073  5.299  5.637  6.085  6.340  6.227  6.376  6.693  6.814  6.952  7.318  7.677  8.000  7.768
    5.830767 1.0000000  4.9695  0.6956  5.352  5.689  6.134  6.386  6.273  6.422  6.736  6.855  6.994  7.356  7.713  8.033  7.805
    5.834000 1.0000000  4.9667  0.6839  5.406  5.740  6.183  6.432  6.319  6.468  6.780  6.896  7.035  7.395  7.748  8.066  7.841
    5.837295 1.0000000  4.9639  0.6721  5.459  5.791  6.231  6.478  6.366  6.513  6.823  6.938  7.076  7.434  7.784  8.099  7.877
    5.840623 1.0000000  4.9611  0.6604  5.512  5.841  6.280  6.523  6.412  6.559  6.866  6.979  7.117  7.472  7.819  8.132  7.913
    5.844017 1.0000000  4.9583  0.6487  5.565  5.892  6.328  6.568  6.458  6.604  6.909  7.019  7.158  7.510  7.853  8.165  7.949
    5.847464 1.0000000  4.9555  0.6369  5.618  5.942  6.376  6.613  6.503  6.649  6.951  7.060  7.198  7.548  7.888  8.198  7.984
    5.850954 1.0000000  4.9528  0.6252  5.670  5.992  6.423  6.658  6.549  6.694  6.994  7.100  7.239  7.586  7.923  8.230  8.020
    5.854505 1.0000000  4.9500  0.6134  5.722  6.042  6.471  6.703  6.594  6.739  7.036  7.141  7.279  7.624  7.958  8.263  8.055
    5.858089 1.0000000  4.9472  0.6017  5.774  6.092  6.518  6.747  6.639  6.783  7.078  7.181  7.319  7.661  7.992  8.295  8.090
    5.861732 1.0000000  4.9444  0.5900  5.826  6.141  6.565  6.792  6.684  6.827  7.120  7.221  7.359  7.698  8.026  8.327  8.125
    5.865420 1.0000000  4.9416  0.5783  5.877  6.190  6.612  6.835  6.729  6.871  7.161  7.260  7.398  7.735  8.060  8.359  8.160
    5.869163 1.0000000  4.9388  0.5665  5.929  6.239  6.659  6.880  6.773  6.915  7.203  7.300  7.438  7.773  8.094  8.391  8.195
    5.872951 1.0000000  4.9360  0.5547  5.980  6.288  6.706  6.923  6.818  6.959  7.245  7.339  7.477  7.810  8.128  8.423  8.229
    5.876786 1.0000000  4.9332  0.5430  6.031  6.337  6.752  6.967  6.862  7.002  7.286  7.378  7.516  7.846  8.161  8.454  8.264
    5.880668 1.0000000  4.9305  0.5313  6.081  6.385  6.798  7.010  6.906  7.045  7.327  7.417  7.555  7.883  8.195  8.486  8.298
    5.884600 1.0000000  4.9277  0.5195  6.132  6.433  6.844  7.053  6.950  7.089  7.368  7.456  7.594  7.919  8.228  8.517  8.332
    5.888582 1.0000000  4.9249  0.5078  6.182  6.481  6.889  7.096  6.993  7.131  7.408  7.495  7.632  7.955  8.261  8.548  8.366
    5.892610 1.0000000  4.9221  0.4960  6.232  6.529  6.935  7.139  7.037  7.174  7.449  7.533  7.671  7.991  8.294  8.579  8.399
    5.896686 1.0000000  4.9193  0.4843  6.281  6.576  6.980  7.181  7.080  7.216  7.489  7.571  7.709  8.027  8.327  8.610  8.433
    5.900816 1.0000000  4.9165  0.4725  6.331  6.624  7.025  7.224  7.123  7.259  7.529  7.610  7.747  8.063  8.360  8.641  8.466
    5.904990 1.0000000  4.9137  0.4608  6.380  6.671  7.070  7.266  7.165  7.301  7.569  7.647  7.785  8.098  8.392  8.672  8.500
    5.909219 1.0000000  4.9109  0.4490  6.429  6.718  7.115  7.308  7.208  7.343  7.608  7.685  7.823  8.134  8.425  8.702  8.533
    5.913491 1.0000000  4.9081  0.4373  6.478  6.765  7.159  7.349  7.250  7.384  7.648  7.723  7.860  8.169  8.457  8.732  8.566
    5.917812 1.0000000  4.9053  0.4256  6.526  6.811  7.203  7.391  7.292  7.426  7.687  7.760  7.897  8.204  8.489  8.763  8.598
    5.922193 1.0000000  4.9025  0.4138  6.575  6.857  7.247  7.432  7.335  7.467  7.726  7.797  7.934  8.239  8.521  8.793  8.631
    5.926618 1.0000000  4.8997  0.4021  6.623  6.903  7.291  7.473  7.376  7.508  7.765  7.834  7.971  8.273  8.552  8.822  8.663
    5.931095 1.0000000  4.8969  0.3903  6.671  6.949  7.335  7.514  7.418  7.549  7.804  7.871  8.008  8.308  8.584  8.852  8.696
    5.935618 1.0000000  4.8941  0.3786  6.718  6.995  7.378  7.555  7.459  7.590  7.842  7.908  8.044  8.342  8.615  8.882  8.727
    5.940198 1.0000000  4.8913  0.3668  6.766  7.040  7.421  7.596  7.500  7.630  7.881  7.944  8.081  8.376  8.647  8.912  8.760
    5.944821 1.0000000  4.8885  0.3551  6.813  7.085  7.464  7.636  7.541  7.671  7.919  7.980  8.117  8.410  8.678  8.941  8.791
    5.949492 1.0000000  4.8857  0.3433  6.860  7.130  7.507  7.676  7.582  7.711  7.957  8.017  8.153  8.444  8.709  8.970  8.823
    5.954217 1.0000000  4.8829  0.3316  6.907  7.175  7.549  7.716  7.623  7.750  7.995  8.052  8.189  8.477  8.739  8.999  8.854
    5.958980 1.0000000  4.8800  0.3198  6.954  7.220  7.591  7.756  7.663  7.790  8.032  8.088  8.224  8.511  8.770  9.028  8.886
    5.963790 1.0000000  4.8772  0.3081  7.000  7.264  7.633  7.795  7.703  7.830  8.070  8.124  8.260  8.544  8.800  9.057  8.916
    5.968652 1.0000000  4.8744  0.2963  7.046  7.308  7.675  7.835  7.743  7.869  8.107  8.159  8.295  8.577  8.831  9.085  8.948
    5.973569 1.0000000  4.8716  0.2846  7.092  7.352  7.717  7.874  7.783  7.908  8.144  8.194  8.330  8.610  8.861  9.114  8.978
    5.978540 1.0000000  4.8688  0.2729  7.137  7.395  7.758  7.912  7.822  7.947  8.181  8.229  8.364  8.643  8.891  9.142  9.009
    5.983569 1.0000000  4.8660  0.2612  7.182  7.439  7.799  7.951  7.862  7.985  8.217  8.263  8.399  8.675  8.920  9.170  9.039
    5.988664 1.0000000  4.8632  0.2494  7.228  7.482  7.840  7.990  7.901  8.024  8.254  8.298  8.434  8.708  8.950  9.198  9.069
    5.993817 1.0000000  4.8603  0.2377  7.272  7.525  7.881  8.028  7.940  8.062  8.290  8.332  8.468  8.740  8.979  9.226  9.099
    5.999030 1.0000000  4.8575  0.2260  7.317  7.567  7.921  8.066  7.978  8.100  8.326  8.367  8.502  8.772  9.009  9.253  9.129
    6.004306 1.0000000  4.8547  0.2143  7.361  7.610  7.961  8.104  8.017  8.137  8.361  8.400  8.535  8.804  9.038  9.281  9.159
    6.009643 1.0000000  4.8519  0.2026  7.405  7.652  8.001  8.141  8.055  8.175  8.397  8.434  8.569  8.835  9.067  9.308  9.188
    6.015052 1.0000000  4.8491  0.1908  7.449  7.694  8.041  8.179  8.093  8.212  8.433  8.468  8.603  8.867  9.096  9.336  9.218
    6.020513 1.0000000  4.8463  0.1792  7.492  7.735  8.081  8.216  8.131  8.249  8.467  8.501  8.635  8.898  9.124  9.362  9.247
    6.026053 1.0000000  4.8435  0.1675  7.536  7.777  8.120  8.253  8.168  8.286  8.502  8.534  8.668  8.929  9.152  9.389  9.276
    6.031656 1.0000000  4.8407  0.1558  7.579  7.818  8.159  8.289  8.206  8.323  8.537  8.567  8.701  8.960  9.181  9.416  9.304
    6.037336 1.0000000  4.8378  0.1440  7.622  7.859  8.198  8.326  8.243  8.359  8.572  8.600  8.734  8.991  9.209  9.443  9.333
    6.043067 1.0000000  4.8350  0.1323  7.664  7.900  8.237  8.362  8.280  8.396  8.606  8.633  8.767  9.021  9.237  9.469  9.362
    6.048865 1.0000000  4.8322  0.1207  7.707  7.940  8.275  8.398  8.317  8.431  8.640  8.665  8.799  9.051  9.265  9.495  9.390
    6.054749 1.0000000  4.8294  0.1089  7.749  7.981  8.313  8.434  8.353  8.468  8.674  8.697  8.831  9.082  9.292  9.522  9.418
    6.060683 1.0000000  4.8266  0.0973  7.790  8.021  8.351  8.470  8.389  8.503  8.708  8.729  8.863  9.112  9.320  9.548  9.446
    6.066719 1.0000000  4.8237  0.0855  7.832  8.061  8.389  8.506  8.426  8.539  8.742  8.761  8.895  9.142  9.347  9.574  9.474
    6.072792 1.0000000  4.8209  0.0739  7.873  8.100  8.426  8.541  8.462  8.573  8.775  8.793  8.926  9.171  9.374  9.599  9.502
    6.078958 1.0000000  4.8181  0.0621  7.915  8.140  8.464  8.576  8.498  8.609  8.808  8.825  8.957  9.201  9.402  9.625  9.529
    6.085180 1.0000000  4.8153  0.0505  7.956  8.179  8.501  8.611  8.533  8.643  8.841  8.856  8.988  9.230  9.428  9.650  9.556
    6.091492 1.0000000  4.8125  0.0388  7.996  8.218  8.538  8.645  8.568  8.678  8.874  8.887  9.019  9.259  9.455  9.675  9.584
    6.097855 1.0000000  4.8097  0.0271  8.037  8.257  8.574  8.680  8.603  8.712  8.907  8.918  9.050  9.288  9.481  9.701  9.611
    6.104287 1.0000000  4.8068  0.0154  8.077  8.295  8.611  8.714  8.638  8.746  8.939  8.948  9.080  9.317  9.508  9.726  9.638
    6.110820 1.0000000  4.8040  0.0037  8.117  8.333  8.647  8.748  8.673  8.780  8.971  8.979  9.111  9.346  9.534  9.750  9.664
    6.117399 1.0000000  4.8012 -0.0080  8.156  8.371  8.683  8.782  8.707  8.814  9.003  9.009  9.141  9.374  9.560  9.775  9.691
    6.124076 1.0000000  4.7984 -0.0197  8.196  8.409  8.719  8.816  8.741  8.848  9.035  9.039  9.171  9.402  9.586  9.800  9.717
    6.130813 1.0000000  4.7956 -0.0313  8.235  8.447  8.754  8.849  8.775  8.881  9.066  9.069  9.201  9.430  9.612  9.824  9.743
    6.137643 1.0000000  4.7927 -0.0430  8.274  8.484  8.789  8.882  8.809  8.914  9.098  9.099  9.230  9.458  9.637  9.848  9.769
    6.144529 1.0000000  4.7899 -0.0547  8.313  8.521  8.824  8.915  8.843  8.947  9.129  9.129  9.260  9.486  9.663  9.872  9.795
    6.151495 1.0000000  4.7871 -0.0663  8.351  8.558  8.859  8.948  8.876  8.979  9.160  9.158  9.289  9.513  9.688  9.896  9.820
    6.158577 1.0000000  4.7843 -0.0780  8.389  8.594  8.894  8.980  8.909  9.012  9.191  9.187  9.318  9.541  9.713  9.920  9.846
    6.165726 1.0000000  4.7815 -0.0897  8.427  8.631  8.928  9.013  8.942  9.044  9.222  9.216  9.347  9.568  9.738  9.943  9.871
    6.172978 1.0000000  4.7787 -0.1013  8.465  8.667  8.962  9.044  8.975  9.076  9.252  9.245  9.375  9.595  9.762  9.967  9.896
    6.180354 1.0000000  4.7759 -0.1129  8.502  8.702  8.996  9.076  9.007  9.107  9.282  9.273  9.403  9.621  9.787  9.990  9.921
    6.187837 1.0000000  4.7731 -0.1246  8.539  8.738  9.030  9.108  9.039  9.139  9.312  9.302  9.432  9.648  9.811 10.013  9.946
    6.195407 1.0000000  4.7703 -0.1362  8.576  8.773  9.063  9.139  9.071  9.170  9.341  9.330  9.460  9.674  9.835 10.036  9.971
    6.203088 1.0000000  4.7675 -0.1478  8.612  8.808  9.096  9.170  9.103  9.201  9.371  9.358  9.487  9.701  9.859 10.059  9.995
    6.210880 1.0000000  4.7647 -0.1594  8.649  8.843  9.129  9.201  9.134  9.232  9.400  9.385  9.515  9.727  9.883 10.081 10.019
    6.218823 1.0000000  4.7619 -0.1709  8.684  8.877  9.161  9.232  9.165  9.262  9.429  9.413  9.542  9.752  9.907 10.104 10.043
    6.226927 1.0000000  4.7591 -0.1825  8.720  8.912  9.194  9.262  9.196  9.293  9.458  9.440  9.569  9.778  9.930 10.126 10.067
    6.235143 1.0000000  4.7563 -0.1941  8.756  8.946  9.226  9.292  9.227  9.323  9.486  9.467  9.596  9.803  9.954 10.148 10.090
    6.243469 1.0000000  4.7535 -0.2057  8.791  8.980  9.258  9.323  9.258  9.353  9.515  9.494  9.623  9.829  9.977 10.170 10.114
    6.251951 1.0000000  4.7507 -0.2172  8.826  9.013  9.290  9.352  9.288  9.383  9.543  9.521  9.649  9.853 10.000 10.192 10.137
    6.260649 1.0000000  4.7479 -0.2287  8.860  9.046  9.321  9.382  9.318  9.412  9.571  9.547  9.676  9.878 10.022 10.213 10.160
    6.269483 1.0000000  4.7451 -0.2403  8.895  9.079  9.352  9.411  9.348  9.441  9.599  9.574  9.702  9.903 10.045 10.235 10.183
    6.278473 1.0000000  4.7424 -0.2518  8.929  9.112  9.383  9.440  9.378  9.470  9.626  9.600  9.728  9.927 10.068 10.256 10.206
    6.287681 1.0000000  4.7396 -0.2633  8.963  9.144  9.414  9.469  9.407  9.499  9.653  9.626  9.754  9.952 10.090 10.278 10.229
    6.297087 1.0000000  4.7368 -0.2748  8.996  9.176  9.444  9.498  9.436  9.527  9.681  9.651  9.779  9.976 10.112 10.299 10.251
    6.306691 1.0000000  4.7340 -0.2862  9.029  9.208  9.474  9.526  9.465  9.556  9.707  9.677  9.804  9.999 10.134 10.319 10.273
    6.316516 1.0000000  4.7313 -0.2977  9.063  9.240  9.504  9.554  9.494  9.584  9.734  9.702  9.829 10.023 10.156 10.340 10.295
    6.326579 1.0000000  4.7285 -0.3092  9.095  9.271  9.534  9.582  9.522  9.612  9.761  9.727  9.854 10.047 10.177 10.361 10.317
    6.336867 1.0000000  4.7257 -0.3206  9.128  9.303  9.564  9.610  9.551  9.639  9.787  9.752  9.879 10.070 10.199 10.381 10.339
    6.347385 1.0000000  4.7230 -0.3320  9.160  9.333  9.593  9.637  9.578  9.666  9.813  9.776  9.903 10.093 10.220 10.401 10.360
    6.358173 1.0000000  4.7202 -0.3435  9.192  9.364  9.622  9.664  9.606  9.694  9.839  9.801  9.928 10.116 10.241 10.421 10.382
    6.369221 1.0000000  4.7175 -0.3548  9.224  9.394  9.650  9.691  9.634  9.720  9.864  9.825  9.951 10.138 10.262 10.441 10.403
    6.380560 1.0000000  4.7147 -0.3662  9.255  9.425  9.679  9.718  9.661  9.747  9.889  9.849  9.975 10.161 10.282 10.460 10.424
    6.392217 1.0000000  4.7120 -0.3776  9.286  9.454  9.707  9.744  9.688  9.773  9.914  9.873  9.999 10.183 10.303 10.480 10.444
    6.404160 1.0000000  4.7092 -0.3889  9.317  9.484  9.735  9.771  9.715  9.800  9.939  9.896 10.022 10.205 10.323 10.499 10.465
    6.416464 1.0000000  4.7065 -0.4003  9.348  9.513  9.763  9.797  9.742  9.826  9.964  9.920 10.046 10.227 10.344 10.518 10.485
    6.429130 1.0000000  4.7038 -0.4116  9.378  9.542  9.790  9.823  9.768  9.851  9.988  9.943 10.069 10.249 10.363 10.537 10.505
    6.442155 1.0000000  4.7010 -0.4229  9.408  9.571  9.817  9.848  9.794  9.877 10.012  9.966 10.091 10.271 10.383 10.556 10.526
    6.455575 1.0000000  4.6983 -0.4342  9.438  9.600  9.844  9.874  9.820  9.902 10.037  9.989 10.114 10.292 10.403 10.575 10.545
    6.469399 1.0000000  4.6956 -0.4455  9.467  9.628  9.871  9.899  9.846  9.927 10.060 10.011 10.136 10.313 10.422 10.593 10.565
    6.483630 1.0000000  4.6928 -0.4567  9.496  9.656  9.898  9.923  9.871  9.952 10.084 10.034 10.158 10.334 10.442 10.612 10.584
    6.498303 1.0000000  4.6901 -0.4680  9.526  9.684  9.924  9.948  9.896  9.977 10.107 10.056 10.181 10.355 10.461 10.630 10.604
    6.513419 1.0000000  4.6874 -0.4792  9.554  9.711  9.950  9.973  9.921 10.001 10.130 10.078 10.202 10.375 10.480 10.648 10.623
    6.528996 1.0000000  4.6847 -0.4905  9.583  9.739  9.976  9.997  9.946 10.025 10.154 10.100 10.224 10.396 10.499 10.666 10.642
    6.545043 1.0000000  4.6820 -0.5017  9.611  9.766 10.002 10.021  9.970 10.049 10.176 10.121 10.246 10.416 10.517 10.684 10.661
    6.561579 1.0000000  4.6793 -0.5129  9.639  9.793 10.027 10.045  9.995 10.073 10.199 10.143 10.267 10.436 10.536 10.701 10.680
    6.578610 1.0000000  4.6766 -0.5241  9.667  9.819 10.052 10.069 10.019 10.096 10.221 10.164 10.288 10.456 10.554 10.719 10.698
    6.596151 1.0000000  4.6739 -0.5352  9.694  9.846 10.077 10.092 10.043 10.119 10.243 10.185 10.308 10.475 10.572 10.736 10.716
    6.614244 1.0000000  4.6712 -0.5464  9.721  9.872 10.102 10.115 10.066 10.143 10.265 10.205 10.329 10.495 10.590 10.753 10.734
    6.632929 1.0000000  4.6685 -0.5575  9.748  9.898 10.126 10.138 10.090 10.165 10.287 10.226 10.350 10.514 10.608 10.770 10.752
    6.652244 1.0000000  4.6658 -0.5686  9.775  9.923 10.150 10.161 10.113 10.188 10.308 10.246 10.370 10.533 10.626 10.787 10.770
    6.672213 1.0000000  4.6631 -0.5797  9.801  9.948 10.174 10.183 10.136 10.210 10.330 10.267 10.390 10.552 10.643 10.803 10.788
    6.692841 1.0000000  4.6605 -0.5907  9.827  9.973 10.197 10.205 10.158 10.232 10.350 10.286 10.409 10.571 10.660 10.820 10.805
    6.714169 1.0000000  4.6578 -0.6018  9.853  9.998 10.221 10.227 10.181 10.254 10.371 10.306 10.429 10.589 10.677 10.836 10.822
    6.736185 1.0000000  4.6551 -0.6129  9.879 10.023 10.244 10.249 10.203 10.276 10.392 10.326 10.449 10.608 10.695 10.852 10.840
    6.758888 1.0000000  4.6524 -0.6239  9.904 10.047 10.267 10.271 10.225 10.298 10.412 10.345 10.468 10.626 10.711 10.868 10.856
    6.782263 1.0000000  4.6498 -0.6350  9.929 10.071 10.290 10.292 10.247 10.319 10.433 10.365 10.487 10.644 10.728 10.884 10.873
    6.806275 1.0000000  4.6471 -0.6460  9.954 10.095 10.313 10.313 10.269 10.340 10.453 10.384 10.506 10.662 10.745 10.900 10.890
    6.830899 1.0000000  4.6444 -0.6571  9.979 10.119 10.335 10.334 10.290 10.361 10.473 10.403 10.525 10.680 10.761 10.916 10.906
    6.856052 1.0000000  4.6417 -0.6682 10.004 10.143 10.358 10.355 10.312 10.382 10.493 10.422 10.544 10.697 10.777 10.931 10.923
    6.881656 1.0000000  4.6391 -0.6794 10.028 10.166 10.380 10.376 10.333 10.403 10.513 10.440 10.562 10.715 10.794 10.947 10.939
    6.907652 1.0000000  4.6364 -0.6906 10.053 10.190 10.402 10.397 10.355 10.424 10.532 10.459 10.581 10.733 10.810 10.962 10.956
    6.933953 1.0000000  4.6336 -0.7018 10.077 10.213 10.424 10.418 10.376 10.444 10.552 10.478 10.599 10.750 10.826 10.978 10.972
    6.960449 1.0000000  4.6309 -0.7130 10.101 10.236 10.446 10.438 10.397 10.464 10.571 10.496 10.617 10.767 10.842 10.993 10.988
    6.986990 1.0000000  4.6282 -0.7243 10.125 10.259 10.468 10.459 10.417 10.485 10.591 10.514 10.636 10.784 10.858 11.008 11.004
    7.013550 1.0000000  4.6254 -0.7357 10.149 10.282 10.489 10.479 10.438 10.505 10.610 10.533 10.654 10.802 10.874 11.023 11.020
    7.039958 1.0000000  4.6227 -0.7471 10.172 10.305 10.511 10.499 10.459 10.525 10.629 10.551 10.672 10.819 10.890 11.038 11.035
    7.066107 1.0000000  4.6199 -0.7585 10.196 10.327 10.532 10.519 10.479 10.545 10.648 10.569 10.690 10.835 10.905 11.053 11.051
    7.091960 1.0000000  4.6171 -0.7700 10.219 10.350 10.553 10.539 10.500 10.565 10.667 10.587 10.707 10.852 10.921 11.068 11.067
    7.117423 1.0000000  4.6143 -0.7816 10.243 10.372 10.574 10.559 10.520 10.585 10.686 10.605 10.725 10.869 10.936 11.083 11.082
    7.142369 1.0000000  4.6115 -0.7931 10.265 10.394 10.595 10.578 10.540 10.604 10.704 10.622 10.742 10.885 10.952 11.097 11.098
    7.166818 1.0000000  4.6087 -0.8047 10.288 10.416 10.616 10.598 10.560 10.623 10.722 10.639 10.760 10.902 10.967 11.112 11.113
    7.190754 1.0000000  4.6059 -0.8163 10.311 10.438 10.636 10.617 10.579 10.643 10.741 10.657 10.777 10.918 10.982 11.126 11.128
    7.214141 1.0000000  4.6030 -0.8280 10.334 10.460 10.657 10.636 10.599 10.662 10.759 10.674 10.794 10.934 10.997 11.140 11.143
    7.236971 1.0000000  4.6002 -0.8397 10.356 10.481 10.677 10.655 10.619 10.681 10.777 10.691 10.811 10.950 11.012 11.154 11.158
    7.259244 1.0000000  4.5974 -0.8514 10.378 10.502 10.697 10.674 10.638 10.699 10.795 10.708 10.828 10.966 11.027 11.169 11.173
    7.280957 1.0000000  4.5945 -0.8631 10.400 10.523 10.717 10.693 10.657 10.718 10.812 10.725 10.844 10.982 11.041 11.182 11.187
    7.302113 1.0000000  4.5917 -0.8749 10.422 10.544 10.737 10.711 10.676 10.736 10.830 10.741 10.861 10.997 11.056 11.196 11.202
    7.322712 1.0000000  4.5888 -0.8866 10.443 10.564 10.756 10.729 10.694 10.754 10.847 10.758 10.877 11.012 11.070 11.210 11.216
    7.342810 1.0000000  4.5859 -0.8984 10.464 10.585 10.775 10.747 10.713 10.772 10.864 10.774 10.893 11.028 11.084 11.223 11.230
    7.362349 1.0000000  4.5831 -0.9102 10.485 10.605 10.794 10.765 10.731 10.790 10.881 10.790 10.909 11.043 11.098 11.237 11.244
    7.381386 1.0000000  4.5802 -0.9219 10.506 10.625 10.813 10.783 10.749 10.807 10.897 10.806 10.924 11.057 11.112 11.250 11.257
    7.399968 1.0000000  4.5773 -0.9337 10.526 10.644 10.832 10.800 10.767 10.825 10.914 10.821 10.940 11.072 11.125 11.263 11.271
    7.418118 1.0000000  4.5744 -0.9455 10.546 10.664 10.850 10.817 10.784 10.842 10.930 10.837 10.955 11.086 11.139 11.276 11.285
    7.435844 1.0000000  4.5715 -0.9574 10.566 10.683 10.868 10.834 10.802 10.859 10.946 10.852 10.971 11.101 11.152 11.288 11.298
    7.453059 1.0000000  4.5686 -0.9692 10.586 10.702 10.886 10.851 10.819 10.876 10.962 10.867 10.986 11.115 11.165 11.301 11.311
    7.469871 1.0000000  4.5658 -0.9810 10.605 10.721 10.904 10.868 10.836 10.892 10.978 10.882 11.000 11.129 11.178 11.313 11.324
    7.486325 1.0000000  4.5629 -0.9928 10.625 10.739 10.921 10.884 10.853 10.908 10.993 10.897 11.015 11.142 11.191 11.325 11.337
    7.502431 1.0000000  4.5600 -1.0046 10.644 10.757 10.938 10.900 10.869 10.924 11.008 10.911 11.029 11.156 11.204 11.337 11.349
    7.518204 1.0000000  4.5571 -1.0164 10.662 10.775 10.955 10.916 10.885 10.940 11.023 10.925 11.043 11.169 11.216 11.349 11.362
    7.533663 1.0000000  4.5542 -1.0282 10.680 10.793 10.972 10.931 10.901 10.955 11.038 10.939 11.057 11.182 11.228 11.361 11.374
    7.548828 1.0000000  4.5513 -1.0400 10.699 10.810 10.988 10.947 10.917 10.971 11.053 10.953 11.071 11.195 11.241 11.373 11.386
    7.563714 1.0000000  4.5484 -1.0519 10.717 10.827 11.005 10.962 10.933 10.986 11.067 10.967 11.085 11.208 11.253 11.384 11.398
    7.578334 1.0000000  4.5455 -1.0637 10.734 10.844 11.021 10.977 10.948 11.001 11.081 10.981 11.098 11.221 11.265 11.395 11.410
    7.592705 1.0000000  4.5426 -1.0755 10.752 10.861 11.037 10.992 10.963 11.016 11.095 10.994 11.111 11.233 11.276 11.407 11.421
    7.606844 1.0000000  4.5397 -1.0873 10.769 10.877 11.052 11.006 10.978 11.030 11.109 11.007 11.124 11.246 11.288 11.417 11.432
    7.620764 1.0000000  4.5368 -1.0991 10.786 10.893 11.067 11.021 10.993 11.044 11.123 11.020 11.137 11.258 11.299 11.428 11.444
    7.634480 1.0000000  4.5339 -1.1109 10.802 10.909 11.082 11.035 11.007 11.058 11.136 11.032 11.149 11.269 11.310 11.439 11.455
    7.647983 1.0000000  4.5310 -1.1227 10.818 10.925 11.097 11.048 11.021 11.072 11.149 11.045 11.162 11.281 11.321 11.449 11.465
    7.661297 1.0000000  4.5281 -1.1345 10.835 10.940 11.112 11.062 11.035 11.086 11.162 11.057 11.174 11.293 11.332 11.460 11.476
    7.674432 1.0000000  4.5252 -1.1463 10.850 10.955 11.126 11.076 11.049 11.099 11.175 11.069 11.186 11.304 11.343 11.470 11.487
    7.687374 1.0000000  4.5223 -1.1582 10.866 10.971 11.140 11.089 11.063 11.112 11.187 11.081 11.198 11.315 11.353 11.480 11.497
    7.700093 1.0000000  4.5194 -1.1700 10.881 10.985 11.154 11.102 11.076 11.125 11.199 11.093 11.210 11.326 11.363 11.490 11.507
    7.712631 1.0000000  4.5165 -1.1818 10.896 11.000 11.168 11.114 11.089 11.138 11.211 11.104 11.221 11.337 11.374 11.499 11.517
    7.725032 1.0000000  4.5136 -1.1936 10.911 11.014 11.181 11.127 11.102 11.150 11.223 11.116 11.232 11.347 11.384 11.509 11.527
    7.737279 1.0000000  4.5107 -1.2054 10.925 11.028 11.195 11.139 11.115 11.162 11.235 11.127 11.243 11.357 11.393 11.518 11.537
    7.749379 1.0000000  4.5078 -1.2172 10.940 11.041 11.207 11.151 11.127 11.175 11.246 11.138 11.254 11.368 11.403 11.527 11.546
    7.761336 1.0000000  4.5049 -1.2290 10.954 11.055 11.220 11.163 11.139 11.186 11.257 11.148 11.265 11.378 11.412 11.536 11.555
    7.773157 1.0000000  4.5020 -1.2408 10.967 11.068 11.233 11.175 11.151 11.198 11.268 11.159 11.275 11.387 11.422 11.545 11.564
    7.784845 1.0000000  4.4991 -1.2527 10.981 11.081 11.245 11.186 11.163 11.209 11.279 11.169 11.286 11.397 11.431 11.554 11.574
    7.796409 1.0000000  4.4962 -1.2645 10.994 11.094 11.257 11.198 11.175 11.221 11.290 11.180 11.296 11.407 11.440 11.563 11.582
    7.807850 1.0000000  4.4933 -1.2763 11.007 11.106 11.269 11.209 11.186 11.232 11.300 11.189 11.305 11.416 11.449 11.571 11.591
    7.819173 1.0000000  4.4904 -1.2881 11.020 11.118 11.281 11.219 11.197 11.242 11.311 11.199 11.315 11.425 11.458 11.579 11.599
    7.830386 1.0000000  4.4874 -1.2999 11.032 11.130 11.292 11.230 11.208 11.253 11.320 11.209 11.325 11.434 11.466 11.587 11.608
    7.841492 1.0000000  4.4845 -1.3117 11.044 11.142 11.303 11.240 11.218 11.263 11.330 11.218 11.334 11.443 11.475 11.595 11.616
    7.852491 1.0000000  4.4816 -1.3235 11.056 11.153 11.314 11.250 11.229 11.273 11.340 11.227 11.343 11.451 11.483 11.603 11.624
    7.863383 1.0000000  4.4787 -1.3353 11.068 11.164 11.324 11.260 11.239 11.283 11.349 11.236 11.352 11.459 11.491 11.611 11.632
    7.874171 1.0000000  4.4758 -1.3471 11.079 11.175 11.335 11.270 11.249 11.293 11.358 11.245 11.361 11.468 11.499 11.618 11.639
    7.884873 1.0000000  4.4729 -1.3590 11.091 11.186 11.345 11.280 11.259 11.302 11.367 11.254 11.369 11.476 11.506 11.626 11.647
    7.895471 1.0000000  4.4700 -1.3708 11.102 11.196 11.355 11.289 11.268 11.311 11.376 11.262 11.378 11.484 11.514 11.633 11.654
    7.905968 1.0000000  4.4671 -1.3826 11.112 11.207 11.365 11.298 11.278 11.320 11.384 11.270 11.386 11.491 11.521 11.640 11.661
    7.916361 1.0000000  4.4642 -1.3944 11.123 11.216 11.374 11.307 11.287 11.329 11.393 11.278 11.394 11.499 11.528 11.647 11.668
    7.926699 1.0000000  4.4613 -1.4062 11.133 11.226 11.384 11.315 11.296 11.338 11.401 11.286 11.402 11.506 11.536 11.653 11.675
    7.936979 1.0000000  4.4584 -1.4180 11.142 11.236 11.393 11.324 11.304 11.346 11.409 11.294 11.409 11.513 11.542 11.660 11.681
    7.947169 1.0000000  4.4555 -1.4298 11.152 11.245 11.401 11.332 11.312 11.354 11.416 11.301 11.416 11.520 11.549 11.666 11.688
    7.957282 1.0000000  4.4526 -1.4417 11.162 11.254 11.410 11.340 11.321 11.362 11.424 11.308 11.424 11.527 11.556 11.673 11.694
    7.967318 1.0000000  4.4497 -1.4535 11.171 11.263 11.419 11.348 11.329 11.370 11.432 11.315 11.431 11.533 11.562 11.679 11.700
    7.977282 1.0000000  4.4467 -1.4653 11.180 11.271 11.427 11.355 11.337 11.377 11.439 11.322 11.438 11.540 11.568 11.685 11.706
    7.987176 1.0000000  4.4438 -1.4771 11.188 11.279 11.434 11.362 11.344 11.385 11.445 11.329 11.444 11.546 11.575 11.690 11.712
    7.997000 1.0000000  4.4409 -1.4889 11.196 11.287 11.442 11.369 11.351 11.392 11.452 11.335 11.451 11.552 11.580 11.696 11.718
    8.006759 1.0000000  4.4380 -1.5007 11.204 11.295 11.449 11.376 11.358 11.398 11.458 11.341 11.457 11.557 11.586 11.701 11.723
    8.016454 1.0000000  4.4351 -1.5125 11.212 11.302 11.457 11.383 11.365 11.405 11.465 11.347 11.463 11.563 11.592 11.707 11.728
    8.026087 1.0000000  4.4322 -1.5244 11.220 11.310 11.464 11.389 11.372 11.412 11.471 11.354 11.469 11.569 11.597 11.712 11.734
    8.035660 1.0000000  4.4293 -1.5362 11.227 11.317 11.470 11.395 11.378 11.418 11.477 11.359 11.475 11.574 11.603 11.717 11.739
    8.045175 1.0000000  4.4264 -1.5480 11.234 11.323 11.477 11.401 11.385 11.424 11.482 11.365 11.480 11.579 11.608 11.722 11.743
    8.054632 1.0000000  4.4235 -1.5598 11.241 11.330 11.483 11.407 11.391 11.429 11.488 11.370 11.485 11.584 11.613 11.727 11.748
    8.064034 1.0000000  4.4206 -1.5716 11.247 11.336 11.489 11.413 11.396 11.435 11.493 11.375 11.491 11.588 11.617 11.731 11.752
    8.073379 1.0000000  4.4176 -1.5834 11.253 11.342 11.495 11.418 11.402 11.440 11.498 11.380 11.495 11.593 11.622 11.735 11.756
    8.082678 1.0000000  4.4147 -1.5952 11.259 11.348 11.500 11.423 11.407 11.445 11.502 11.384 11.500 11.597 11.626 11.739 11.760
    8.091934 1.0000000  4.4118 -1.6070 11.266 11.353 11.506 11.428 11.412 11.451 11.508 11.389 11.505 11.602 11.631 11.744 11.765
    8.101163 1.0000000  4.4089 -1.6188 11.272 11.359 11.512 11.433 11.418 11.456 11.513 11.394 11.510 11.606 11.635 11.748 11.769
    8.110383 1.0000000  4.4060 -1.6306 11.278 11.365 11.517 11.438 11.423 11.461 11.517 11.399 11.515 11.611 11.639 11.752 11.773
    8.119556 1.0000000  4.4031 -1.6424 11.284 11.370 11.523 11.443 11.428 11.466 11.522 11.403 11.519 11.615 11.644 11.756 11.777
    8.128692 1.0000000  4.4002 -1.6542 11.289 11.376 11.528 11.448 11.433 11.471 11.526 11.408 11.524 11.619 11.648 11.760 11.781
    8.137789 1.0000000  4.3973 -1.6660 11.295 11.381 11.533 11.453 11.438 11.475 11.531 11.412 11.528 11.623 11.651 11.764 11.785
    8.146852 1.0000000  4.3944 -1.6778 11.300 11.386 11.538 11.457 11.443 11.480 11.535 11.416 11.532 11.627 11.655 11.767 11.788
    8.155876 1.0000000  4.3915 -1.6896 11.305 11.391 11.542 11.461 11.447 11.484 11.539 11.420 11.536 11.630 11.659 11.771 11.792
    8.164866 1.0000000  4.3886 -1.7014 11.310 11.395 11.547 11.465 11.452 11.488 11.543 11.424 11.541 11.634 11.662 11.774 11.796
    8.173823 1.0000000  4.3857 -1.7132 11.315 11.400 11.552 11.470 11.456 11.493 11.547 11.428 11.545 11.638 11.666 11.778 11.799
    8.182747 1.0000000  4.3827 -1.7250 11.320 11.404 11.556 11.473 11.460 11.497 11.551 11.432 11.548 11.641 11.669 11.781 11.802
    8.191639 1.0000000  4.3799 -1.7368 11.325 11.409 11.560 11.478 11.464 11.501 11.555 11.436 11.552 11.645 11.673 11.784 11.806
    8.200499 1.0000000  4.3769 -1.7486 11.332 11.416 11.567 11.484 11.471 11.507 11.561 11.442 11.558 11.650 11.678 11.789 11.811
    8.209330 1.0000000  4.3740 -1.7604 11.339 11.423 11.574 11.490 11.477 11.513 11.567 11.447 11.564 11.655 11.683 11.794 11.816
    8.218128 1.0000000  4.3711 -1.7722 11.347 11.430 11.581 11.497 11.484 11.520 11.573 11.453 11.570 11.661 11.689 11.800 11.821
    8.226896 1.0000000  4.3682 -1.7840 11.355 11.438 11.588 11.504 11.491 11.527 11.580 11.460 11.576 11.667 11.695 11.805 11.827
    8.235634 1.0000000  4.3653 -1.7958 11.363 11.446 11.595 11.511 11.499 11.534 11.587 11.466 11.583 11.673 11.701 11.811 11.832
    8.244345 1.0000000  4.3624 -1.8076 11.371 11.454 11.603 11.518 11.506 11.541 11.593 11.473 11.589 11.680 11.707 11.817 11.838
    8.253030 1.0000000  4.3595 -1.8194 11.380 11.462 11.611 11.526 11.514 11.548 11.601 11.480 11.596 11.686 11.713 11.823 11.844
    8.261689 1.0000000  4.3566 -1.8312 11.389 11.471 11.619 11.534 11.522 11.556 11.608 11.487 11.603 11.693 11.720 11.829 11.851
    8.270328 1.0000000  4.3537 -1.8430 11.398 11.479 11.628 11.542 11.530 11.564 11.616 11.494 11.610 11.700 11.727 11.836 11.857
    8.278947 1.0000000  4.3508 -1.8548 11.408 11.489 11.636 11.550 11.539 11.572 11.624 11.502 11.618 11.707 11.734 11.843 11.864
    8.287533 1.0000000  4.3479 -1.8667 11.418 11.498 11.645 11.559 11.547 11.581 11.632 11.510 11.625 11.714 11.741 11.850 11.871
    8.296082 1.0000000  4.3449 -1.8785 11.428 11.508 11.654 11.568 11.556 11.590 11.640 11.518 11.633 11.722 11.749 11.857 11.878
    8.304598 1.0000000  4.3420 -1.8903 11.438 11.518 11.664 11.577 11.566 11.598 11.649 11.526 11.641 11.730 11.756 11.864 11.885
    8.313091 1.0000000  4.3391 -1.9021 11.448 11.528 11.673 11.586 11.575 11.608 11.657 11.534 11.650 11.738 11.764 11.872 11.893
    8.321562 1.0000000  4.3362 -1.9139 11.459 11.538 11.683 11.596 11.585 11.617 11.667 11.543 11.658 11.746 11.773 11.880 11.901
    8.330011 1.0000000  4.3333 -1.9257 11.471 11.549 11.693 11.606 11.595 11.627 11.676 11.552 11.667 11.755 11.781 11.888 11.909
    8.338439 1.0000000  4.3304 -1.9375 11.482 11.560 11.704 11.616 11.606 11.637 11.686 11.561 11.676 11.764 11.790 11.897 11.917
    8.346847 1.0000000  4.3275 -1.9493 11.494 11.572 11.714 11.627 11.617 11.648 11.695 11.570 11.685 11.773 11.799 11.905 11.926
    8.355234 1.0000000  4.3245 -1.9611 11.506 11.583 11.725 11.638 11.628 11.658 11.706 11.580 11.694 11.782 11.808 11.914 11.935
    8.363602 1.0000000  4.3216 -1.9729 11.518 11.595 11.736 11.649 11.639 11.669 11.716 11.590 11.704 11.792 11.818 11.923 11.944
    8.371948 1.0000000  4.3187 -1.9847 11.531 11.607 11.747 11.660 11.650 11.681 11.727 11.600 11.714 11.802 11.827 11.933 11.953
    8.380276 1.0000000  4.3158 -1.9965 11.544 11.620 11.759 11.672 11.662 11.692 11.737 11.610 11.724 11.812 11.837 11.942 11.963
    8.388578 1.0000000  4.3129 -2.0083 11.557 11.632 11.771 11.684 11.674 11.704 11.749 11.620 11.734 11.822 11.848 11.952 11.973
    8.396860 1.0000000  4.3100 -2.0201 11.570 11.645 11.783 11.696 11.687 11.716 11.760 11.631 11.745 11.833 11.858 11.962 11.983
    8.405121 1.0000000  4.3070 -2.0319 11.584 11.659 11.795 11.709 11.699 11.728 11.771 11.642 11.756 11.843 11.869 11.972 11.993
    8.413363 1.0000000  4.3041 -2.0437 11.598 11.672 11.807 11.722 11.712 11.741 11.783 11.653 11.767 11.854 11.880 11.983 12.004
    8.421594 1.0000000  4.3012 -2.0555 11.612 11.686 11.820 11.735 11.726 11.753 11.795 11.664 11.778 11.866 11.891 11.994 12.014
    8.429814 1.0000000  4.2983 -2.0673 11.626 11.699 11.832 11.747 11.738 11.766 11.807 11.676 11.789 11.877 11.901 12.004 12.025
    8.438024 1.0000000  4.2954 -2.0791 11.640 11.713 11.844 11.760 11.751 11.778 11.819 11.687 11.799 11.888 11.912 12.015 12.035
    8.446223 1.0000000  4.2925 -2.0909 11.654 11.726 11.857 11.773 11.764 11.791 11.831 11.698 11.810 11.899 11.924 12.025 12.046
    8.454406 1.0000000  4.2896 -2.1027 11.668 11.740 11.869 11.786 11.777 11.804 11.843 11.709 11.822 11.910 11.935 12.036 12.057
    8.462602 1.0000000  4.2866 -2.1145 11.682 11.754 11.882 11.800 11.791 11.816 11.855 11.721 11.833 11.922 11.946 12.047 12.068
    8.470787 1.0000000  4.2837 -2.1263 11.696 11.768 11.894 11.813 11.804 11.829 11.868 11.732 11.844 11.933 11.958 12.059 12.079
    8.478971 1.0000000  4.2808 -2.1381 11.710 11.782 11.907 11.827 11.818 11.843 11.880 11.744 11.856 11.945 11.970 12.070 12.090
    8.487148 1.0000000  4.2779 -2.1498 11.725 11.796 11.920 11.841 11.832 11.856 11.892 11.756 11.867 11.957 11.981 12.081 12.102
    8.495347 1.0000000  4.2750 -2.1616 11.739 11.811 11.933 11.855 11.846 11.869 11.905 11.768 11.879 11.969 11.993 12.093 12.113
    8.503534 1.0000000  4.2721 -2.1734 11.754 11.826 11.946 11.869 11.860 11.883 11.918 11.780 11.891 11.981 12.006 12.105 12.125
    8.511723 1.0000000  4.2691 -2.1852 11.769 11.840 11.959 11.883 11.874 11.897 11.931 11.793 11.903 11.994 12.018 12.117 12.137
    8.519903 1.0000000  4.2662 -2.1970 11.784 11.855 11.972 11.898 11.889 11.911 11.945 11.805 11.915 12.006 12.030 12.129 12.149
    8.528091 1.0000000  4.2633 -2.2088 11.799 11.871 11.986 11.913 11.903 11.925 11.958 11.818 11.927 12.019 12.043 12.141 12.161
    8.536275 1.0000000  4.2604 -2.2205 11.815 11.886 11.999 11.927 11.918 11.939 11.971 11.830 11.939 12.032 12.056 12.153 12.173
    8.544462 1.0000000  4.2575 -2.2323 11.830 11.901 12.012 11.942 11.933 11.954 11.985 11.843 11.952 12.045 12.069 12.166 12.186
    8.552655 1.0000000  4.2546 -2.2441 11.846 11.917 12.026 11.958 11.948 11.968 11.999 11.856 11.964 12.058 12.082 12.179 12.198
    8.560842 1.0000000  4.2516 -2.2559 11.861 11.932 12.040 11.973 11.963 11.982 12.013 11.869 11.977 12.070 12.094 12.191 12.211
    8.569016 1.0000000  4.2487 -2.2676 11.877 11.947 12.053 11.987 11.978 11.997 12.026 11.882 11.989 12.083 12.107 12.203 12.223
    8.577225 1.0000000  4.2458 -2.2794 11.892 11.963 12.067 12.003 11.993 12.011 12.040 11.895 12.002 12.096 12.120 12.216 12.235
    8.585430 1.0000000  4.2429 -2.2912 11.908 11.978 12.080 12.018 12.008 12.026 12.054 11.908 12.015 12.109 12.133 12.228 12.247
    8.593621 1.0000000  4.2400 -2.3030 11.924 11.994 12.094 12.033 12.023 12.041 12.068 11.921 12.028 12.122 12.146 12.241 12.260
    8.601842 1.0000000  4.2371 -2.3148 11.940 12.010 12.108 12.049 12.038 12.056 12.082 11.934 12.041 12.136 12.159 12.254 12.273
    8.610058 1.0000000  4.2341 -2.3266 11.956 12.026 12.122 12.064 12.054 12.070 12.097 11.947 12.054 12.149 12.172 12.266 12.285
    8.618238 1.0000000  4.2312 -2.3383 11.972 12.042 12.136 12.080 12.069 12.085 12.111 11.961 12.067 12.162 12.185 12.279 12.298
    8.626465 1.0000000  4.2283 -2.3501 11.989 12.057 12.150 12.095 12.085 12.100 12.125 11.974 12.081 12.175 12.198 12.292 12.311
    8.634690 1.0000000  4.2254 -2.3619 12.005 12.073 12.164 12.111 12.100 12.115 12.139 11.987 12.094 12.188 12.211 12.304 12.323
    8.642913 1.0000000  4.2225 -2.3737 12.021 12.089 12.178 12.126 12.115 12.130 12.153 12.000 12.107 12.201 12.224 12.316 12.335
    8.651117 1.0000000  4.2195 -2.3855 12.037 12.105 12.192 12.141 12.130 12.144 12.167 12.013 12.120 12.214 12.237 12.329 12.348
    8.659330 1.0000000  4.2166 -2.3973 12.053 12.121 12.206 12.156 12.146 12.159 12.181 12.027 12.133 12.227 12.249 12.341 12.360
    8.667501 1.0000000  4.2137 -2.4091 12.070 12.137 12.221 12.172 12.161 12.174 12.195 12.040 12.146 12.240 12.262 12.353 12.372
    8.675685 1.0000000  4.2108 -2.4209 12.086 12.153 12.235 12.187 12.176 12.189 12.209 12.053 12.159 12.253 12.275 12.365 12.384
    8.683817 1.0000000  4.2078 -2.4328 12.103 12.169 12.249 12.203 12.192 12.204 12.223 12.067 12.172 12.266 12.288 12.378 12.397
    8.691919 1.0000000  4.2049 -2.4446 12.119 12.185 12.263 12.218 12.207 12.218 12.237 12.080 12.185 12.279 12.301 12.390 12.409
    8.700000 1.0000000  4.2020 -2.4564 12.136 12.201 12.278 12.233 12.223 12.233 12.251 12.094 12.198 12.292 12.313 12.402 12.421
    8.708071 1.0000000  4.1991 -2.4682 12.152 12.218 12.292 12.248 12.238 12.248 12.265 12.107 12.211 12.305 12.326 12.414 12.433
    8.716125 1.0000000  4.1961 -2.4800 12.169 12.234 12.307 12.264 12.254 12.263 12.279 12.120 12.224 12.317 12.339 12.426 12.445
    8.724153 1.0000000  4.1932 -2.4919 12.186 12.250 12.321 12.279 12.269 12.278 12.294 12.134 12.238 12.330 12.351 12.438 12.457
    8.732155 1.0000000  4.1903 -2.5037 12.202 12.266 12.336 12.294 12.285 12.292 12.308 12.147 12.251 12.343 12.364 12.450 12.469
    8.740128 1.0000000  4.1873 -2.5156 12.219 12.283 12.351 12.310 12.300 12.307 12.322 12.161 12.264 12.356 12.377 12.462 12.481
    8.748064 1.0000000  4.1844 -2.5274 12.236 12.299 12.365 12.325 12.316 12.322 12.336 12.175 12.277 12.369 12.389 12.474 12.493
    8.755972 1.0000000  4.1815 -2.5390 12.253 12.315 12.379 12.340 12.331 12.337 12.349 12.188 12.290 12.381 12.401 12.486 12.505
    8.763992 1.0000000  4.1786 -2.5508 12.269 12.332 12.394 12.355 12.347 12.351 12.363 12.201 12.304 12.394 12.414 12.497 12.516
    8.772015 1.0000000  4.1757 -2.5626 12.286 12.348 12.409 12.371 12.362 12.366 12.377 12.215 12.317 12.406 12.426 12.509 12.528
    8.780038 1.0000000  4.1727 -2.5744 12.303 12.364 12.423 12.386 12.377 12.381 12.391 12.228 12.330 12.419 12.439 12.521 12.540
    8.788076 1.0000000  4.1698 -2.5863 12.320 12.381 12.438 12.401 12.393 12.395 12.405 12.241 12.343 12.431 12.451 12.532 12.551
    8.796035 1.0000000  4.1669 -2.5981 12.337 12.397 12.452 12.416 12.408 12.410 12.419 12.255 12.356 12.444 12.463 12.544 12.563
    8.803990 1.0000000  4.1639 -2.6099 12.354 12.413 12.467 12.431 12.423 12.424 12.432 12.268 12.369 12.456 12.475 12.555 12.574
    8.811940 1.0000000  4.1610 -2.6217 12.371 12.429 12.481 12.446 12.438 12.439 12.446 12.281 12.382 12.468 12.487 12.566 12.585
    8.819886 1.0000000  4.1581 -2.6335 12.388 12.446 12.496 12.460 12.453 12.453 12.459 12.294 12.395 12.480 12.499 12.577 12.596
    8.827839 1.0000000  4.1551 -2.6452 12.405 12.462 12.510 12.475 12.467 12.467 12.473 12.307 12.408 12.492 12.511 12.588 12.607
    8.835804 1.0000000  4.1522 -2.6570 12.422 12.478 12.525 12.490 12.482 12.482 12.486 12.320 12.421 12.504 12.523 12.599 12.618
    8.843793 1.0000000  4.1493 -2.6688 12.439 12.494 12.539 12.505 12.497 12.496 12.500 12.333 12.434 12.516 12.534 12.610 12.629
    8.851774 1.0000000  4.1463 -2.6806 12.456 12.511 12.554 12.520 12.512 12.510 12.513 12.346 12.447 12.528 12.546 12.621 12.640
    8.859792 1.0000000  4.1434 -2.6924 12.474 12.527 12.569 12.534 12.527 12.525 12.527 12.360 12.460 12.540 12.558 12.632 12.651
    8.868613 1.0000000  4.1405 -2.7042 12.491 12.544 12.584 12.550 12.543 12.539 12.541 12.373 12.474 12.552 12.570 12.643 12.662
    8.879491 1.0000000  4.1375 -2.7160 12.509 12.561 12.598 12.564 12.558 12.554 12.554 12.386 12.487 12.564 12.582 12.655 12.674
    8.889192 1.0000000  4.1346 -2.7279 12.526 12.577 12.614 12.580 12.574 12.569 12.568 12.400 12.500 12.577 12.594 12.666 12.685
    8.899757 1.0000000  4.1316 -2.7397 12.544 12.594 12.629 12.595 12.589 12.583 12.582 12.413 12.513 12.589 12.606 12.677 12.696
    8.909153 1.0000000  4.1288 -2.7514 12.562 12.611 12.644 12.610 12.604 12.598 12.595 12.426 12.527 12.601 12.618 12.688 12.707
    8.920392 1.0000000  4.1258 -2.7633 12.580 12.628 12.659 12.625 12.620 12.613 12.609 12.439 12.540 12.613 12.630 12.699 12.718
    8.931131 1.0000000  4.1228 -2.7752 12.598 12.645 12.674 12.640 12.636 12.628 12.623 12.453 12.553 12.625 12.642 12.710 12.729
    8.941699 1.0000000  4.1199 -2.7869 12.616 12.662 12.689 12.655 12.651 12.642 12.636 12.466 12.566 12.637 12.653 12.721 12.740
    8.951696 1.0000000  4.1170 -2.7988 12.634 12.679 12.705 12.670 12.667 12.657 12.650 12.479 12.580 12.649 12.666 12.733 12.752
    8.962696 1.0000000  4.1140 -2.8106 12.652 12.696 12.720 12.685 12.683 12.672 12.664 12.493 12.593 12.661 12.677 12.744 12.763
    8.973546 1.0000000  4.1108 -2.8231 12.671 12.714 12.736 12.701 12.699 12.687 12.678 12.506 12.607 12.674 12.690 12.755 12.774
    8.984201 1.0000000  4.1078 -2.8350 12.689 12.731 12.752 12.716 12.714 12.702 12.692 12.520 12.620 12.686 12.701 12.766 12.785
    8.993306 1.0000000  4.1048 -2.8466 12.707 12.748 12.767 12.730 12.730 12.716 12.705 12.533 12.633 12.697 12.713 12.776 12.795
    9.003459 1.0000000  4.1019 -2.8582 12.726 12.765 12.783 12.746 12.745 12.731 12.719 12.546 12.646 12.710 12.725 12.787 12.806
    9.013616 1.0000000  4.0990 -2.8698 12.744 12.782 12.798 12.761 12.761 12.746 12.733 12.559 12.659 12.722 12.736 12.798 12.817
    9.023591 1.0000000  4.0961 -2.8813 12.762 12.800 12.814 12.776 12.776 12.760 12.746 12.572 12.672 12.734 12.748 12.809 12.828
    9.033345 1.0000000  4.0934 -2.8924 12.780 12.816 12.830 12.790 12.792 12.775 12.760 12.585 12.685 12.746 12.760 12.820 12.839
    9.042814 1.0000000  4.0907 -2.9032 12.798 12.833 12.845 12.805 12.807 12.789 12.773 12.598 12.698 12.757 12.771 12.831 12.850
    9.051264 1.0000000  4.0880 -2.9140 12.815 12.849 12.860 12.819 12.821 12.803 12.786 12.611 12.711 12.769 12.782 12.841 12.860
    9.060488 1.0000000  4.0855 -2.9244 12.832 12.865 12.874 12.833 12.836 12.817 12.799 12.623 12.723 12.780 12.794 12.851 12.870
    9.069781 1.0000000  4.0829 -2.9349 12.849 12.881 12.889 12.847 12.850 12.830 12.812 12.636 12.736 12.791 12.804 12.862 12.881
    9.078128 1.0000000  4.0804 -2.9451 12.866 12.897 12.904 12.861 12.865 12.844 12.825 12.648 12.748 12.802 12.815 12.872 12.891
    9.086302 1.0000000  4.0779 -2.9552 12.883 12.913 12.918 12.875 12.879 12.858 12.837 12.660 12.760 12.814 12.826 12.882 12.901
    9.094076 1.0000000  4.0754 -2.9653 12.900 12.929 12.933 12.889 12.893 12.871 12.850 12.672 12.772 12.825 12.837 12.892 12.911
    9.102391 1.0000000  4.0730 -2.9752 12.917 12.944 12.947 12.902 12.907 12.884 12.862 12.684 12.784 12.836 12.848 12.902 12.921
    9.110053 1.0000000  4.0706 -2.9850 12.933 12.960 12.962 12.916 12.922 12.898 12.875 12.697 12.796 12.847 12.858 12.912 12.931
    9.117689 1.0000000  4.0682 -2.9948 12.950 12.975 12.976 12.930 12.936 12.911 12.887 12.709 12.808 12.857 12.869 12.922 12.941
    9.125196 1.0000000  4.0658 -3.0045 12.967 12.991 12.990 12.943 12.950 12.924 12.899 12.721 12.820 12.868 12.880 12.931 12.951
    9.132577 1.0000000  4.0634 -3.0141 12.983 13.006 13.005 12.957 12.963 12.938 12.912 12.732 12.832 12.879 12.890 12.941 12.960
    9.139820 1.0000000  4.0610 -3.0237 13.000 13.022 13.019 12.970 12.977 12.951 12.924 12.744 12.844 12.890 12.901 12.951 12.970
    9.146729 1.0000000  4.0586 -3.0332 13.016 13.037 13.033 12.983 12.991 12.964 12.936 12.756 12.856 12.900 12.911 12.960 12.980
    9.153204 1.0000000  4.0563 -3.0426 13.032 13.053 13.047 12.997 13.005 12.977 12.948 12.768 12.867 12.911 12.921 12.970 12.989
    9.160982 1.0000000  4.0540 -3.0519 13.049 13.068 13.062 13.010 13.019 12.990 12.960 12.780 12.879 12.921 12.932 12.979 12.999
    9.167309 1.0000000  4.0517 -3.0611 13.065 13.083 13.076 13.023 13.032 13.003 12.972 12.791 12.891 12.932 12.942 12.989 13.008
    9.173545 1.0000000  4.0495 -3.0701 13.081 13.098 13.089 13.036 13.046 13.015 12.984 12.803 12.902 12.942 12.952 12.998 13.017
    9.179797 1.0000000  4.0472 -3.0791 13.097 13.113 13.103 13.048 13.059 13.028 12.995 12.814 12.913 12.952 12.962 13.007 13.027
    9.187065 1.0000000  4.0450 -3.0880 13.113 13.127 13.117 13.061 13.072 13.040 13.007 12.825 12.925 12.962 12.972 13.016 13.036
    9.192991 1.0000000  4.0428 -3.0968 13.129 13.142 13.131 13.074 13.086 13.053 13.018 12.837 12.936 12.973 12.982 13.025 13.045
    9.199028 1.0000000  4.0407 -3.1054 13.144 13.157 13.144 13.086 13.099 13.065 13.030 12.848 12.947 12.983 12.991 13.034 13.054
    9.204977 1.0000000  4.0385 -3.1140 13.160 13.172 13.158 13.099 13.112 13.078 13.042 12.859 12.958 12.993 13.001 13.043 13.064
    9.211656 1.0000000  4.0364 -3.1226 13.176 13.186 13.172 13.112 13.125 13.091 13.053 12.871 12.970 13.003 13.012 13.053 13.073
    9.217251 1.0000000  4.0343 -3.1309 13.191 13.201 13.185 13.125 13.138 13.103 13.065 12.882 12.981 13.013 13.021 13.062 13.082
    9.224106 1.0000000  4.0323 -3.1392 13.207 13.215 13.199 13.137 13.151 13.115 13.076 12.893 12.992 13.023 13.031 13.071 13.091
    9.229861 1.0000000  4.0302 -3.1474 13.222 13.230 13.212 13.150 13.164 13.128 13.088 12.904 13.003 13.034 13.041 13.080 13.101
    9.235566 1.0000000  4.0282 -3.1556 13.238 13.245 13.226 13.162 13.178 13.140 13.099 12.915 13.014 13.044 13.051 13.090 13.110
    9.241222 1.0000000  4.0262 -3.1636 13.253 13.259 13.239 13.175 13.190 13.152 13.111 12.926 13.025 13.054 13.061 13.099 13.119
    9.246824 1.0000000  4.0243 -3.1715 13.268 13.273 13.253 13.187 13.203 13.164 13.122 12.937 13.036 13.064 13.071 13.108 13.128
    9.252378 1.0000000  4.0223 -3.1794 13.284 13.287 13.266 13.200 13.216 13.177 13.133 12.948 13.047 13.074 13.081 13.117 13.137
    9.257876 1.0000000  4.0204 -3.1872 13.299 13.301 13.279 13.212 13.229 13.189 13.145 12.959 13.058 13.084 13.090 13.126 13.146
    9.263334 1.0000000  4.0185 -3.1949 13.314 13.315 13.292 13.224 13.241 13.201 13.156 12.970 13.069 13.093 13.100 13.135 13.155
    9.268728 1.0000000  4.0166 -3.2026 13.329 13.330 13.305 13.236 13.254 13.213 13.167 12.981 13.080 13.103 13.110 13.144 13.164
    9.273744 1.0000000  4.0147 -3.2102 13.344 13.344 13.319 13.248 13.267 13.225 13.178 12.992 13.090 13.113 13.119 13.153 13.173
    9.277608 1.0000000  4.0128 -3.2178 13.359 13.358 13.332 13.261 13.280 13.237 13.190 13.002 13.101 13.123 13.129 13.162 13.182
    9.282314 1.0000000  4.0110 -3.2253 13.374 13.372 13.345 13.273 13.292 13.249 13.201 13.013 13.112 13.133 13.139 13.171 13.191
    9.286107 1.0000000  4.0091 -3.2327 13.388 13.385 13.358 13.285 13.304 13.260 13.212 13.024 13.123 13.143 13.148 13.180 13.200
    9.290812 1.0000000  4.0073 -3.2401 13.403 13.399 13.371 13.297 13.317 13.272 13.223 13.034 13.133 13.152 13.158 13.189 13.209
    9.295504 1.0000000  4.0055 -3.2474 13.418 13.413 13.384 13.309 13.329 13.284 13.234 13.045 13.144 13.162 13.167 13.197 13.217
    9.300296 1.0000000  4.0037 -3.2547 13.433 13.427 13.397 13.321 13.342 13.296 13.245 13.056 13.155 13.172 13.177 13.206 13.226
    9.303962 1.0000000  4.0019 -3.2619 13.447 13.441 13.410 13.333 13.354 13.308 13.256 13.066 13.165 13.181 13.186 13.215 13.235
    9.309053 1.0000000  4.0001 -3.2690 13.462 13.454 13.422 13.345 13.367 13.319 13.267 13.077 13.176 13.191 13.196 13.224 13.244
    9.314084 1.0000000  3.9984 -3.2761 13.476 13.468 13.435 13.356 13.379 13.331 13.277 13.087 13.186 13.200 13.205 13.232 13.252
    9.319063 1.0000000  3.9966 -3.2831 13.491 13.481 13.447 13.368 13.391 13.342 13.288 13.097 13.196 13.209 13.214 13.240 13.260
    9.323737 1.0000000  3.9949 -3.2901 13.505 13.494 13.460 13.379 13.402 13.353 13.298 13.107 13.206 13.219 13.223 13.248 13.269
    9.328147 1.0000000  3.9932 -3.2970 13.519 13.507 13.472 13.391 13.414 13.365 13.309 13.117 13.216 13.228 13.231 13.257 13.277
    9.332511 1.0000000  3.9915 -3.3039 13.533 13.520 13.485 13.402 13.426 13.376 13.319 13.127 13.226 13.237 13.240 13.265 13.285
    9.336852 1.0000000  3.9897 -3.3108 13.547 13.533 13.497 13.413 13.438 13.387 13.329 13.137 13.236 13.246 13.249 13.273 13.293
    9.341224 1.0000000  3.9880 -3.3176 13.561 13.546 13.509 13.425 13.450 13.398 13.340 13.147 13.246 13.254 13.258 13.280 13.301
    9.346458 1.0000000  3.9866 -3.3233 13.573 13.557 13.519 13.434 13.460 13.407 13.348 13.155 13.254 13.262 13.265 13.287 13.308
    9.350667 1.0000000  3.9862 -3.3253 13.577 13.561 13.523 13.437 13.463 13.411 13.352 13.158 13.257 13.265 13.268 13.290 13.310
    9.354839 1.0000000  3.9857 -3.3273 13.582 13.565 13.527 13.441 13.467 13.414 13.355 13.162 13.260 13.267 13.270 13.292 13.313
    9.358960 1.0000000  3.9852 -3.3292 13.586 13.569 13.530 13.444 13.470 13.417 13.358 13.164 13.263 13.270 13.273 13.294 13.315
    9.363043 1.0000000  3.9848 -3.3312 13.590 13.573 13.534 13.448 13.474 13.420 13.361 13.167 13.266 13.273 13.276 13.297 13.317
    9.367080 1.0000000  3.9843 -3.3332 13.594 13.577 13.538 13.451 13.477 13.424 13.364 13.170 13.269 13.276 13.278 13.299 13.320
    9.371074 1.0000000  3.9838 -3.3351 13.598 13.580 13.541 13.454 13.480 13.427 13.367 13.173 13.272 13.278 13.281 13.302 13.322
    9.375043 1.0000000  3.9833 -3.3371 13.602 13.584 13.545 13.458 13.484 13.430 13.370 13.176 13.275 13.281 13.283 13.304 13.325
    9.378961 1.0000000  3.9828 -3.3392 13.607 13.588 13.549 13.461 13.488 13.434 13.373 13.179 13.278 13.284 13.286 13.307 13.327
    9.382848 1.0000000  3.9823 -3.3413 13.611 13.593 13.553 13.465 13.491 13.437 13.377 13.183 13.281 13.287 13.289 13.309 13.330
    9.386688 1.0000000  3.9818 -3.3434 13.616 13.597 13.557 13.468 13.495 13.441 13.380 13.186 13.284 13.289 13.292 13.312 13.332
    9.390501 1.0000000  3.9813 -3.3456 13.620 13.601 13.561 13.472 13.499 13.444 13.383 13.189 13.287 13.292 13.295 13.314 13.335
    9.394274 1.0000000  3.9807 -3.3478 13.625 13.605 13.565 13.476 13.503 13.448 13.387 13.192 13.291 13.295 13.297 13.317 13.338
    9.398018 1.0000000  3.9802 -3.3501 13.630 13.610 13.569 13.480 13.507 13.452 13.390 13.196 13.294 13.298 13.301 13.320 13.341
    9.401720 1.0000000  3.9796 -3.3525 13.635 13.614 13.573 13.484 13.511 13.456 13.394 13.199 13.298 13.302 13.304 13.323 13.344
    9.405396 1.0000000  3.9790 -3.3548 13.640 13.619 13.578 13.488 13.515 13.460 13.398 13.203 13.301 13.305 13.307 13.325 13.346
    9.409056 1.0000000  3.9785 -3.3572 13.645 13.624 13.582 13.492 13.520 13.464 13.401 13.206 13.305 13.308 13.310 13.328 13.349
    9.412690 1.0000000  3.9779 -3.3596 13.650 13.628 13.587 13.496 13.524 13.468 13.405 13.210 13.308 13.311 13.313 13.331 13.352
    9.416274 1.0000000  3.9773 -3.3621 13.655 13.633 13.591 13.500 13.528 13.472 13.409 13.214 13.312 13.315 13.317 13.334 13.355
    9.419830 1.0000000  3.9767 -3.3646 13.660 13.638 13.596 13.505 13.533 13.476 13.413 13.218 13.316 13.318 13.320 13.337 13.358
    9.423337 1.0000000  3.9760 -3.3671 13.666 13.643 13.601 13.509 13.537 13.481 13.417 13.221 13.320 13.322 13.323 13.340 13.361
    9.426817 1.0000000  3.9754 -3.3697 13.671 13.648 13.606 13.513 13.542 13.485 13.421 13.225 13.324 13.325 13.327 13.344 13.365
    9.430265 1.0000000  3.9748 -3.3723 13.677 13.654 13.610 13.518 13.547 13.489 13.425 13.229 13.328 13.329 13.330 13.347 13.368
    9.433669 1.0000000  3.9741 -3.3749 13.682 13.659 13.615 13.522 13.551 13.494 13.429 13.233 13.331 13.332 13.334 13.350 13.371
    9.437041 1.0000000  3.9735 -3.3776 13.688 13.664 13.620 13.527 13.556 13.498 13.434 13.237 13.336 13.336 13.337 13.353 13.374
    9.440389 1.0000000  3.9728 -3.3803 13.694 13.670 13.625 13.532 13.561 13.503 13.438 13.241 13.340 13.340 13.341 13.357 13.378
    9.443696 1.0000000  3.9721 -3.3831 13.700 13.675 13.631 13.537 13.566 13.508 13.442 13.246 13.344 13.344 13.345 13.360 13.381
    9.446940 1.0000000  3.9714 -3.3859 13.706 13.681 13.636 13.541 13.571 13.513 13.447 13.250 13.348 13.347 13.348 13.364 13.385
    9.449428 1.0000000  3.9707 -3.3888 13.712 13.687 13.641 13.546 13.576 13.518 13.452 13.255 13.353 13.352 13.352 13.367 13.388
    9.452659 1.0000000  3.9700 -3.3917 13.719 13.692 13.647 13.552 13.582 13.523 13.456 13.259 13.357 13.356 13.356 13.371 13.392
    9.455857 1.0000000  3.9693 -3.3946 13.725 13.698 13.652 13.557 13.587 13.528 13.461 13.263 13.362 13.360 13.360 13.375 13.395
    9.459023 1.0000000  3.9686 -3.3976 13.731 13.704 13.658 13.562 13.592 13.533 13.466 13.268 13.366 13.364 13.364 13.378 13.399
    9.462163 1.0000000  3.9678 -3.4005 13.738 13.710 13.663 13.567 13.598 13.538 13.470 13.272 13.371 13.368 13.368 13.382 13.403
    9.465274 1.0000000  3.9671 -3.4035 13.744 13.716 13.669 13.572 13.603 13.543 13.475 13.277 13.375 13.372 13.372 13.386 13.406
    9.468327 1.0000000  3.9663 -3.4065 13.751 13.722 13.675 13.577 13.609 13.548 13.480 13.281 13.380 13.376 13.376 13.389 13.410
    9.470673 1.0000000  3.9655 -3.4096 13.758 13.729 13.681 13.583 13.614 13.553 13.485 13.286 13.385 13.380 13.380 13.393 13.414
    9.473710 1.0000000  3.9648 -3.4126 13.764 13.735 13.686 13.588 13.620 13.558 13.490 13.291 13.389 13.384 13.384 13.397 13.418
    9.476721 1.0000000  3.9640 -3.4157 13.771 13.741 13.692 13.593 13.625 13.564 13.495 13.296 13.394 13.388 13.388 13.401 13.421
    9.479700 1.0000000  3.9632 -3.4189 13.778 13.747 13.698 13.599 13.631 13.569 13.500 13.300 13.399 13.393 13.393 13.405 13.425
    9.482628 1.0000000  3.9624 -3.4220 13.785 13.754 13.704 13.605 13.637 13.575 13.505 13.305 13.404 13.397 13.397 13.408 13.429
    9.484896 1.0000000  3.9616 -3.4252 13.792 13.760 13.710 13.610 13.643 13.580 13.510 13.310 13.409 13.402 13.401 13.412 13.433
    9.487809 1.0000000  3.9608 -3.4285 13.799 13.767 13.717 13.616 13.649 13.586 13.515 13.315 13.414 13.406 13.406 13.417 13.437
    9.490692 1.0000000  3.9600 -3.4318 13.806 13.774 13.723 13.622 13.655 13.592 13.521 13.320 13.419 13.411 13.411 13.421 13.442
    9.493539 1.0000000  3.9592 -3.4351 13.814 13.781 13.730 13.628 13.661 13.597 13.526 13.326 13.424 13.416 13.415 13.425 13.446
    9.495738 1.0000000  3.9584 -3.4384 13.821 13.788 13.736 13.634 13.667 13.603 13.531 13.331 13.429 13.420 13.420 13.429 13.450
    9.498560 1.0000000  3.9575 -3.4417 13.828 13.794 13.742 13.640 13.673 13.609 13.537 13.336 13.435 13.425 13.424 13.433 13.454
    9.501364 1.0000000  3.9567 -3.4451 13.836 13.801 13.749 13.646 13.680 13.615 13.542 13.341 13.440 13.430 13.429 13.438 13.458
    9.504129 1.0000000  3.9558 -3.4486 13.844 13.809 13.756 13.652 13.686 13.621 13.548 13.347 13.446 13.435 13.434 13.442 13.463
    9.506257 1.0000000  3.9550 -3.4520 13.851 13.816 13.762 13.658 13.693 13.627 13.554 13.352 13.451 13.439 13.438 13.447 13.467
    9.508999 1.0000000  3.9541 -3.4555 13.859 13.823 13.769 13.664 13.699 13.633 13.560 13.358 13.456 13.444 13.443 13.451 13.471
    9.511699 1.0000000  3.9533 -3.4590 13.867 13.831 13.776 13.671 13.706 13.640 13.565 13.363 13.462 13.450 13.448 13.456 13.476
    9.513792 1.0000000  3.9524 -3.4625 13.875 13.838 13.783 13.677 13.713 13.646 13.571 13.369 13.468 13.455 13.453 13.460 13.480
    9.516477 1.0000000  3.9515 -3.4661 13.883 13.845 13.790 13.684 13.719 13.652 13.577 13.374 13.473 13.460 13.458 13.465 13.485
    9.519126 1.0000000  3.9506 -3.4697 13.891 13.853 13.797 13.690 13.726 13.659 13.583 13.380 13.479 13.465 13.463 13.470 13.490
    9.521171 1.0000000  3.9497 -3.4733 13.899 13.861 13.804 13.697 13.733 13.665 13.589 13.386 13.485 13.470 13.468 13.474 13.494
    9.523794 1.0000000  3.9488 -3.4770 13.908 13.868 13.812 13.704 13.740 13.672 13.596 13.392 13.491 13.476 13.473 13.479 13.499
    9.526389 1.0000000  3.9479 -3.4806 13.916 13.876 13.819 13.710 13.747 13.678 13.602 13.398 13.497 13.481 13.479 13.484 13.504
    9.528400 1.0000000  3.9470 -3.4843 13.924 13.884 13.826 13.717 13.754 13.685 13.608 13.404 13.503 13.486 13.484 13.489 13.509
    9.530959 1.0000000  3.9460 -3.4881 13.933 13.892 13.834 13.724 13.762 13.692 13.614 13.410 13.509 13.492 13.489 13.494 13.514
    9.532948 1.0000000  3.9451 -3.4918 13.942 13.900 13.841 13.731 13.769 13.699 13.621 13.416 13.515 13.497 13.494 13.498 13.519
    9.535481 1.0000000  3.9441 -3.4956 13.950 13.908 13.849 13.738 13.776 13.705 13.627 13.422 13.521 13.503 13.500 13.503 13.524
    9.537440 1.0000000  3.9432 -3.4994 13.959 13.916 13.857 13.745 13.783 13.712 13.634 13.428 13.527 13.508 13.505 13.508 13.528
    9.539952 1.0000000  3.9422 -3.5033 13.968 13.925 13.865 13.752 13.791 13.719 13.640 13.435 13.534 13.514 13.511 13.514 13.534
    9.542433 1.0000000  3.9412 -3.5072 13.977 13.933 13.873 13.760 13.799 13.727 13.647 13.441 13.540 13.520 13.516 13.519 13.539
    9.544359 1.0000000  3.9402 -3.5111 13.987 13.942 13.880 13.767 13.806 13.734 13.654 13.448 13.546 13.526 13.522 13.524 13.544
    9.546673 1.0000000  3.9393 -3.5150 13.996 13.950 13.888 13.774 13.814 13.741 13.660 13.454 13.553 13.532 13.528 13.529 13.549
    9.548574 1.0000000  3.9383 -3.5189 14.005 13.958 13.896 13.782 13.821 13.748 13.667 13.461 13.559 13.537 13.533 13.534 13.554
    9.550742 1.0000000  3.9373 -3.5228 14.014 13.967 13.904 13.789 13.829 13.755 13.674 13.467 13.566 13.543 13.539 13.539 13.560
    9.552896 1.0000000  3.9363 -3.5267 14.023 13.976 13.912 13.796 13.837 13.762 13.681 13.474 13.572 13.549 13.545 13.545 13.565
    9.555035 1.0000000  3.9354 -3.5307 14.033 13.984 13.921 13.804 13.845 13.770 13.688 13.480 13.579 13.555 13.550 13.550 13.570
    9.557161 1.0000000  3.9344 -3.5346 14.042 13.993 13.929 13.811 13.852 13.777 13.694 13.487 13.585 13.561 13.556 13.555 13.575
    9.559274 1.0000000  3.9333 -3.5387 14.052 14.002 13.937 13.819 13.861 13.785 13.702 13.494 13.592 13.567 13.562 13.561 13.581
    9.561379 1.0000000  3.9323 -3.5428 14.061 14.011 13.946 13.827 13.869 13.792 13.709 13.501 13.599 13.573 13.568 13.566 13.587
    9.563539 1.0000000  3.9313 -3.5469 14.071 14.020 13.954 13.835 13.877 13.800 13.716 13.508 13.606 13.580 13.574 13.572 13.592
    9.565485 1.0000000  3.9303 -3.5511 14.081 14.029 13.963 13.843 13.885 13.808 13.724 13.515 13.613 13.586 13.580 13.578 13.598
    9.567555 1.0000000  3.9292 -3.5553 14.091 14.039 13.972 13.851 13.894 13.816 13.731 13.522 13.620 13.593 13.587 13.583 13.604
    9.569614 1.0000000  3.9282 -3.5594 14.101 14.048 13.980 13.859 13.902 13.823 13.738 13.529 13.627 13.599 13.593 13.589 13.609
    9.571662 1.0000000  3.9271 -3.5636 14.111 14.057 13.989 13.867 13.910 13.831 13.745 13.536 13.634 13.605 13.599 13.595 13.615
    9.573567 1.0000000  3.9261 -3.5679 14.121 14.067 13.998 13.875 13.919 13.839 13.753 13.543 13.641 13.612 13.605 13.600 13.621
    9.575596 1.0000000  3.9250 -3.5721 14.131 14.076 14.007 13.883 13.927 13.847 13.760 13.550 13.648 13.618 13.611 13.606 13.626
    9.577606 1.0000000  3.9240 -3.5764 14.142 14.085 14.016 13.891 13.936 13.855 13.768 13.557 13.655 13.625 13.618 13.612 13.632
    9.579489 1.0000000  3.9229 -3.5807 14.152 14.095 14.025 13.900 13.945 13.864 13.776 13.565 13.663 13.631 13.624 13.618 13.638
    9.581480 1.0000000  3.9218 -3.5850 14.162 14.105 14.034 13.908 13.953 13.872 13.783 13.572 13.670 13.638 13.630 13.623 13.644
    9.583347 1.0000000  3.9207 -3.5893 14.173 14.114 14.043 13.916 13.962 13.880 13.791 13.579 13.677 13.644 13.637 13.629 13.650
    9.585313 1.0000000  3.9196 -3.5937 14.183 14.124 14.052 13.925 13.971 13.888 13.798 13.587 13.684 13.651 13.643 13.635 13.656
    9.587161 1.0000000  3.9186 -3.5981 14.194 14.134 14.062 13.933 13.980 13.897 13.806 13.594 13.692 13.657 13.650 13.641 13.662
    9.589114 1.0000000  3.9175 -3.6024 14.205 14.144 14.071 13.942 13.989 13.905 13.814 13.602 13.699 13.664 13.656 13.647 13.667
    9.590938 1.0000000  3.9164 -3.6068 14.215 14.154 14.080 13.950 13.997 13.913 13.822 13.609 13.707 13.671 13.663 13.653 13.673
    9.592871 1.0000000  3.9153 -3.6113 14.226 14.164 14.090 13.959 14.007 13.922 13.830 13.617 13.714 13.677 13.670 13.659 13.680
    9.594683 1.0000000  3.9141 -3.6157 14.237 14.174 14.099 13.968 14.016 13.930 13.838 13.624 13.722 13.684 13.676 13.665 13.686
    9.596487 1.0000000  3.9131 -3.6201 14.248 14.184 14.109 13.976 14.025 13.939 13.845 13.632 13.729 13.691 13.683 13.671 13.692
    9.598274 1.0000000  3.9119 -3.6246 14.259 14.194 14.118 13.985 14.034 13.947 13.853 13.640 13.737 13.698 13.690 13.677 13.698
    9.600150 1.0000000  3.9108 -3.6290 14.270 14.204 14.128 13.994 14.043 13.956 13.861 13.647 13.745 13.704 13.696 13.683 13.704
    9.601923 1.0000000  3.9097 -3.6335 14.281 14.215 14.137 14.003 14.052 13.964 13.869 13.655 13.752 13.711 13.703 13.689 13.710
    9.603695 1.0000000  3.9086 -3.6379 14.291 14.225 14.147 14.011 14.061 13.973 13.877 13.663 13.760 13.718 13.709 13.695 13.716
    9.605515 1.0000000  3.9075 -3.6425 14.303 14.235 14.157 14.020 14.071 13.982 13.886 13.671 13.768 13.725 13.716 13.702 13.723
    9.607267 1.0000000  3.9063 -3.6470 14.314 14.246 14.166 14.029 14.080 13.990 13.894 13.678 13.776 13.732 13.723 13.708 13.729
    9.609009 1.0000000  3.9052 -3.6515 14.325 14.256 14.176 14.038 14.089 13.999 13.902 13.686 13.783 13.739 13.730 13.714 13.735
    9.610801 1.0000000  3.9041 -3.6561 14.336 14.267 14.186 14.047 14.099 14.008 13.910 13.694 13.791 13.746 13.737 13.720 13.741
    9.612539 1.0000000  3.9029 -3.6606 14.348 14.277 14.196 14.056 14.108 14.017 13.918 13.702 13.799 13.753 13.744 13.727 13.748
    9.614260 1.0000000  3.9018 -3.6653 14.359 14.288 14.206 14.066 14.118 14.026 13.927 13.710 13.807 13.760 13.751 13.733 13.754
    9.615983 1.0000000  3.9006 -3.6699 14.371 14.299 14.216 14.075 14.127 14.035 13.935 13.718 13.815 13.767 13.758 13.740 13.761
    9.617684 1.0000000  3.8995 -3.6746 14.383 14.310 14.227 14.084 14.137 14.044 13.944 13.726 13.824 13.775 13.765 13.746 13.767
    9.619398 1.0000000  3.8983 -3.6792 14.394 14.320 14.237 14.093 14.147 14.053 13.952 13.734 13.831 13.782 13.772 13.752 13.774
    9.621089 1.0000000  3.8971 -3.6839 14.406 14.331 14.247 14.103 14.157 14.063 13.961 13.743 13.840 13.789 13.779 13.759 13.780
    9.622782 1.0000000  3.8960 -3.6886 14.418 14.342 14.257 14.112 14.167 14.072 13.969 13.751 13.848 13.797 13.787 13.765 13.787
    9.624469 1.0000000  3.8948 -3.6934 14.430 14.354 14.268 14.122 14.177 14.081 13.978 13.760 13.857 13.804 13.794 13.772 13.794
    9.626092 1.0000000  3.8936 -3.6981 14.442 14.365 14.278 14.132 14.187 14.091 13.987 13.768 13.865 13.812 13.801 13.779 13.800
    9.627761 1.0000000  3.8924 -3.7029 14.454 14.376 14.289 14.141 14.197 14.100 13.996 13.776 13.873 13.819 13.809 13.785 13.807
    9.629423 1.0000000  3.8912 -3.7077 14.467 14.387 14.300 14.151 14.207 14.110 14.004 13.785 13.882 13.827 13.816 13.792 13.814
    9.631032 1.0000000  3.8901 -3.7124 14.479 14.399 14.310 14.161 14.217 14.119 14.013 13.793 13.890 13.834 13.823 13.799 13.820
    9.632683 1.0000000  3.8889 -3.7173 14.491 14.410 14.321 14.171 14.227 14.129 14.022 13.802 13.899 13.842 13.831 13.806 13.827
    9.634328 1.0000000  3.8877 -3.7221 14.504 14.422 14.332 14.181 14.237 14.138 14.031 13.810 13.907 13.850 13.838 13.812 13.834
    9.635918 1.0000000  3.8864 -3.7269 14.516 14.433 14.342 14.190 14.248 14.148 14.040 13.819 13.916 13.857 13.846 13.819 13.841
    9.637555 1.0000000  3.8852 -3.7319 14.529 14.445 14.354 14.201 14.258 14.158 14.049 13.828 13.925 13.865 13.853 13.826 13.848
    9.639125 1.0000000  3.8840 -3.7369 14.542 14.457 14.365 14.211 14.269 14.168 14.059 13.837 13.934 13.873 13.861 13.833 13.855
    9.640745 1.0000000  3.8827 -3.7419 14.555 14.469 14.376 14.221 14.280 14.178 14.068 13.846 13.943 13.881 13.869 13.840 13.862
    9.642311 1.0000000  3.8815 -3.7469 14.568 14.481 14.387 14.232 14.290 14.188 14.077 13.855 13.952 13.889 13.877 13.847 13.869
    9.643870 1.0000000  3.8803 -3.7518 14.581 14.493 14.398 14.242 14.301 14.198 14.087 13.863 13.960 13.897 13.884 13.854 13.876
    9.645478 1.0000000  3.8790 -3.7567 14.593 14.505 14.410 14.252 14.311 14.208 14.096 13.872 13.969 13.905 13.892 13.861 13.883
    9.647021 1.0000000  3.8778 -3.7616 14.606 14.517 14.421 14.262 14.322 14.217 14.105 13.881 13.978 13.913 13.900 13.868 13.890
    9.648560 1.0000000  3.8766 -3.7666 14.619 14.529 14.432 14.272 14.333 14.228 14.114 13.890 13.987 13.921 13.907 13.875 13.897
    9.650099 1.0000000  3.8754 -3.7715 14.632 14.541 14.443 14.283 14.343 14.238 14.124 13.899 13.996 13.929 13.915 13.882 13.904
    9.651689 1.0000000  3.8740 -3.7768 14.646 14.554 14.455 14.294 14.355 14.248 14.134 13.909 14.006 13.938 13.923 13.890 13.912
    9.653157 1.0000000  3.8727 -3.7821 14.660 14.567 14.468 14.305 14.366 14.259 14.144 13.918 14.015 13.946 13.932 13.897 13.919
    9.654676 1.0000000  3.8714 -3.7875 14.675 14.580 14.480 14.316 14.378 14.270 14.154 13.928 14.025 13.955 13.940 13.905 13.927
    9.656186 1.0000000  3.8700 -3.7929 14.689 14.593 14.492 14.327 14.390 14.281 14.164 13.938 14.035 13.963 13.949 13.913 13.935
    9.657701 1.0000000  3.8687 -3.7983 14.703 14.606 14.505 14.339 14.402 14.292 14.175 13.948 14.045 13.972 13.957 13.920 13.943
    9.659208 1.0000000  3.8674 -3.8036 14.718 14.619 14.517 14.350 14.414 14.303 14.185 13.957 14.054 13.981 13.965 13.928 13.950
    9.660662 1.0000000  3.8660 -3.8089 14.732 14.633 14.529 14.361 14.425 14.314 14.195 13.967 14.064 13.989 13.974 13.936 13.958
    9.662164 1.0000000  3.8647 -3.8143 14.746 14.646 14.542 14.373 14.437 14.325 14.205 13.977 14.074 13.998 13.982 13.943 13.966
    9.663604 1.0000000  3.8634 -3.8197 14.761 14.659 14.555 14.384 14.449 14.337 14.216 13.987 14.084 14.007 13.991 13.951 13.973
    9.665095 1.0000000  3.8620 -3.8250 14.775 14.673 14.567 14.395 14.461 14.347 14.226 13.996 14.093 14.016 13.999 13.959 13.981
    9.666533 1.0000000  3.8607 -3.8304 14.790 14.686 14.580 14.407 14.473 14.359 14.236 14.006 14.103 14.025 14.008 13.967 13.989
    9.668007 1.0000000  3.8594 -3.8357 14.804 14.699 14.592 14.418 14.485 14.370 14.247 14.016 14.113 14.033 14.016 13.974 13.997
    9.669448 1.0000000  3.8580 -3.8412 14.819 14.713 14.605 14.430 14.497 14.381 14.257 14.026 14.123 14.042 14.025 13.983 14.005
    9.670860 1.0000000  3.8567 -3.8466 14.834 14.727 14.618 14.441 14.509 14.393 14.268 14.036 14.133 14.051 14.034 13.990 14.013
    9.672290 1.0000000  3.8553 -3.8522 14.849 14.741 14.631 14.453 14.522 14.404 14.279 14.047 14.144 14.060 14.043 13.999 14.021
    9.673725 1.0000000  3.8539 -3.8577 14.864 14.755 14.644 14.465 14.534 14.416 14.289 14.057 14.154 14.069 14.052 14.007 14.029
    9.675207 1.0000000  3.8525 -3.8633 14.880 14.769 14.658 14.477 14.547 14.428 14.300 14.067 14.164 14.079 14.061 14.015 14.037
    9.676660 1.0000000  3.8511 -3.8690 14.896 14.783 14.671 14.490 14.560 14.440 14.312 14.078 14.175 14.088 14.070 14.023 14.045
    9.678052 1.0000000  3.8497 -3.8746 14.911 14.797 14.685 14.502 14.573 14.452 14.323 14.088 14.185 14.097 14.079 14.031 14.054
    9.679433 1.0000000  3.8483 -3.8801 14.926 14.811 14.698 14.514 14.585 14.463 14.333 14.099 14.196 14.106 14.088 14.040 14.062
    9.680819 1.0000000  3.8469 -3.8858 14.942 14.826 14.711 14.526 14.598 14.475 14.345 14.109 14.206 14.116 14.097 14.048 14.070
    9.682201 1.0000000  3.8455 -3.8915 14.958 14.841 14.725 14.538 14.611 14.487 14.356 14.120 14.217 14.125 14.106 14.056 14.078
    9.683576 1.0000000  3.8441 -3.8973 14.974 14.855 14.739 14.551 14.625 14.500 14.367 14.131 14.228 14.135 14.116 14.065 14.087
    9.684948 1.0000000  3.8426 -3.9032 14.991 14.871 14.753 14.564 14.638 14.512 14.379 14.142 14.239 14.145 14.125 14.074 14.096
    9.686310 1.0000000  3.8411 -3.9090 15.007 14.886 14.768 14.577 14.652 14.525 14.391 14.153 14.250 14.155 14.135 14.082 14.104
    9.687671 1.0000000  3.8397 -3.9149 15.024 14.901 14.782 14.590 14.665 14.537 14.402 14.164 14.261 14.164 14.144 14.091 14.113
    9.689031 1.0000000  3.8382 -3.9208 15.041 14.916 14.796 14.603 14.679 14.550 14.414 14.176 14.272 14.174 14.154 14.100 14.122
    9.690384 1.0000000  3.8367 -3.9268 15.058 14.932 14.811 14.616 14.693 14.563 14.426 14.187 14.284 14.185 14.164 14.108 14.131
    9.691732 1.0000000  3.8352 -3.9328 15.075 14.948 14.826 14.630 14.707 14.576 14.438 14.199 14.295 14.195 14.174 14.117 14.140
    9.693073 1.0000000  3.8337 -3.9388 15.093 14.964 14.840 14.643 14.721 14.589 14.450 14.210 14.307 14.205 14.183 14.126 14.148
    9.694417 1.0000000  3.8322 -3.9449 15.110 14.980 14.856 14.657 14.735 14.602 14.463 14.222 14.319 14.215 14.193 14.135 14.158
    9.695753 1.0000000  3.8307 -3.9510 15.128 14.996 14.871 14.670 14.749 14.615 14.475 14.234 14.330 14.225 14.203 14.144 14.167
    9.697085 1.0000000  3.8291 -3.9572 15.146 15.012 14.886 14.684 14.764 14.629 14.487 14.246 14.342 14.236 14.214 14.154 14.176
    9.698414 1.0000000  3.8276 -3.9634 15.164 15.029 14.901 14.698 14.778 14.642 14.500 14.258 14.354 14.247 14.224 14.163 14.185
    9.699740 1.0000000  3.8260 -3.9696 15.182 15.045 14.917 14.712 14.793 14.656 14.513 14.270 14.366 14.257 14.234 14.172 14.194
    9.701064 1.0000000  3.8244 -3.9761 15.201 15.063 14.933 14.727 14.809 14.670 14.526 14.282 14.379 14.268 14.245 14.182 14.204
    9.702381 1.0000000  3.8228 -3.9826 15.220 15.080 14.949 14.742 14.824 14.684 14.539 14.295 14.391 14.279 14.256 14.191 14.214
    9.703686 1.0000000  3.8212 -3.9891 15.239 15.098 14.966 14.757 14.839 14.699 14.553 14.308 14.404 14.291 14.266 14.201 14.224
    9.704992 1.0000000  3.8195 -3.9957 15.259 15.115 14.982 14.772 14.855 14.713 14.566 14.321 14.417 14.302 14.277 14.211 14.234
    9.706301 1.0000000  3.8179 -4.0023 15.278 15.133 14.999 14.787 14.871 14.728 14.580 14.334 14.430 14.313 14.288 14.221 14.244
    9.707596 1.0000000  3.8162 -4.0089 15.298 15.151 15.016 14.802 14.887 14.742 14.593 14.347 14.443 14.325 14.299 14.231 14.253
    9.708901 1.0000000  3.8146 -4.0155 15.318 15.169 15.033 14.817 14.903 14.757 14.607 14.360 14.456 14.336 14.310 14.240 14.263
    9.710185 1.0000000  3.8129 -4.0222 15.338 15.187 15.050 14.833 14.919 14.772 14.621 14.373 14.469 14.348 14.322 14.251 14.274
    9.711480 1.0000000  3.8112 -4.0290 15.359 15.206 15.067 14.849 14.935 14.787 14.635 14.386 14.482 14.359 14.333 14.261 14.284
    9.712766 1.0000000  3.8095 -4.0358 15.380 15.225 15.085 14.865 14.952 14.802 14.649 14.400 14.496 14.371 14.345 14.271 14.294
    9.714044 1.0000000  3.8078 -4.0426 15.401 15.244 15.103 14.881 14.969 14.818 14.664 14.414 14.509 14.383 14.356 14.282 14.305
    9.715327 1.0000000  3.8061 -4.0494 15.422 15.263 15.121 14.897 14.985 14.833 14.678 14.427 14.523 14.395 14.368 14.292 14.315
    9.716597 1.0000000  3.8043 -4.0565 15.444 15.283 15.139 14.913 15.003 14.850 14.693 14.441 14.537 14.408 14.380 14.303 14.326
    9.717873 1.0000000  3.8026 -4.0636 15.466 15.303 15.158 14.930 15.021 14.866 14.708 14.456 14.551 14.420 14.392 14.314 14.337
    9.719128 1.0000000  3.8008 -4.0707 15.488 15.324 15.177 14.947 15.038 14.882 14.723 14.470 14.566 14.432 14.404 14.325 14.348
    9.720393 1.0000000  3.7990 -4.0778 15.511 15.344 15.196 14.964 15.056 14.898 14.738 14.484 14.580 14.445 14.416 14.336 14.359
    9.721650 1.0000000  3.7973 -4.0847 15.533 15.364 15.214 14.980 15.073 14.914 14.753 14.498 14.594 14.457 14.428 14.346 14.370
    9.722910 1.0000000  3.7955 -4.0917 15.555 15.384 15.233 14.997 15.091 14.931 14.767 14.513 14.608 14.470 14.440 14.357 14.381
    9.724167 1.0000000  3.7938 -4.0986 15.577 15.404 15.251 15.014 15.108 14.947 14.782 14.527 14.622 14.482 14.451 14.368 14.391
    9.725408 1.0000000  3.7921 -4.1057 15.600 15.424 15.271 15.031 15.126 14.963 14.798 14.541 14.637 14.494 14.464 14.379 14.402
    9.726660 1.0000000  3.7902 -4.1129 15.623 15.445 15.290 15.048 15.145 14.980 14.813 14.556 14.651 14.507 14.476 14.390 14.414
    9.727894 1.0000000  3.7884 -4.1202 15.647 15.467 15.310 15.066 15.163 14.997 14.829 14.571 14.666 14.520 14.489 14.401 14.425
    9.729132 1.0000000  3.7866 -4.1275 15.671 15.488 15.330 15.084 15.182 15.015 14.845 14.586 14.681 14.533 14.501 14.413 14.437
    9.730364 1.0000000  3.7847 -4.1349 15.695 15.510 15.350 15.102 15.201 15.032 14.861 14.601 14.697 14.547 14.514 14.424 14.448
    9.731599 1.0000000  3.7829 -4.1424 15.720 15.532 15.371 15.120 15.221 15.050 14.877 14.617 14.712 14.560 14.527 14.436 14.460
    9.732824 1.0000000  3.7810 -4.1500 15.745 15.555 15.392 15.139 15.240 15.068 14.893 14.633 14.728 14.574 14.541 14.448 14.472
    9.734054 1.0000000  3.7791 -4.1576 15.770 15.577 15.413 15.158 15.260 15.086 14.910 14.649 14.744 14.588 14.554 14.460 14.484
    9.735269 1.0000000  3.7772 -4.1651 15.795 15.600 15.434 15.177 15.280 15.104 14.927 14.664 14.759 14.601 14.567 14.472 14.496
    9.736490 1.0000000  3.7753 -4.1727 15.821 15.624 15.456 15.196 15.300 15.123 14.944 14.680 14.776 14.615 14.580 14.484 14.508
    9.737696 1.0000000  3.7734 -4.1802 15.847 15.647 15.477 15.215 15.320 15.141 14.960 14.696 14.791 14.629 14.594 14.496 14.520
    9.738911 1.0000000  3.7715 -4.1878 15.874 15.670 15.499 15.234 15.341 15.160 14.978 14.713 14.808 14.643 14.607 14.508 14.532
    9.740110 1.0000000  3.7696 -4.1957 15.901 15.695 15.522 15.255 15.362 15.179 14.995 14.729 14.824 14.658 14.621 14.521 14.545
    9.741316 1.0000000  3.7676 -4.2038 15.930 15.721 15.546 15.275 15.384 15.199 15.014 14.747 14.842 14.673 14.636 14.534 14.558
    9.742518 1.0000000  3.7655 -4.2119 15.959 15.746 15.569 15.296 15.406 15.219 15.032 14.764 14.859 14.688 14.650 14.547 14.571
    9.743718 1.0000000  3.7635 -4.2200 15.988 15.772 15.593 15.317 15.428 15.239 15.051 14.782 14.877 14.703 14.665 14.560 14.584
    9.744911 1.0000000  3.7615 -4.2280 16.016 15.798 15.617 15.338 15.450 15.259 15.069 14.799 14.894 14.718 14.679 14.572 14.597
    9.746100 1.0000000  3.7595 -4.2361 16.046 15.824 15.641 15.360 15.473 15.280 15.088 14.817 14.912 14.733 14.694 14.586 14.610
    9.747283 1.0000000  3.7574 -4.2442 16.075 15.850 15.665 15.381 15.495 15.300 15.107 14.835 14.929 14.748 14.709 14.599 14.623
    9.748465 1.0000000  3.7554 -4.2524 16.105 15.877 15.690 15.403 15.518 15.321 15.126 14.853 14.947 14.764 14.724 14.612 14.637
    9.749647 1.0000000  3.7534 -4.2607 16.136 15.904 15.715 15.425 15.541 15.342 15.145 14.871 14.966 14.780 14.739 14.625 14.650
    9.750824 1.0000000  3.7513 -4.2690 16.167 15.932 15.741 15.447 15.565 15.363 15.165 14.889 14.984 14.795 14.754 14.639 14.664
    9.752007 1.0000000  3.7492 -4.2773 16.198 15.959 15.766 15.470 15.589 15.385 15.184 14.908 15.003 14.811 14.770 14.652 14.677
    9.753173 1.0000000  3.7471 -4.2858 16.230 15.988 15.792 15.493 15.613 15.407 15.204 14.927 15.022 14.828 14.785 14.666 14.691
    9.754337 1.0000000  3.7449 -4.2943 16.263 16.016 15.819 15.516 15.637 15.429 15.225 14.946 15.041 14.844 14.801 14.680 14.705
    9.755503 1.0000000  3.7428 -4.3028 16.295 16.045 15.845 15.539 15.662 15.451 15.245 14.965 15.060 14.860 14.817 14.694 14.719
    9.756667 1.0000000  3.7407 -4.3115 16.329 16.075 15.872 15.563 15.687 15.474 15.266 14.984 15.079 14.877 14.833 14.708 14.733
    9.757823 1.0000000  3.7385 -4.3202 16.363 16.106 15.900 15.588 15.713 15.497 15.287 15.005 15.100 14.894 14.850 14.723 14.748
    9.758970 1.0000000  3.7363 -4.3290 16.399 16.137 15.929 15.613 15.740 15.521 15.309 15.025 15.120 14.912 14.867 14.738 14.763
    9.760127 1.0000000  3.7341 -4.3378 16.435 16.168 15.958 15.638 15.767 15.545 15.331 15.046 15.141 14.929 14.884 14.753 14.778
    9.761282 1.0000000  3.7318 -4.3468 16.472 16.201 15.988 15.664 15.794 15.570 15.354 15.067 15.162 14.948 14.901 14.769 14.794
    9.762430 1.0000000  3.7296 -4.3558 16.509 16.233 16.018 15.691 15.822 15.595 15.376 15.089 15.184 14.966 14.919 14.784 14.810
    9.763571 1.0000000  3.7273 -4.3648 16.547 16.267 16.049 15.718 15.850 15.620 15.399 15.110 15.205 14.984 14.936 14.800 14.826
    9.764708 1.0000000  3.7250 -4.3740 16.586 16.301 16.080 15.745 15.879 15.646 15.423 15.133 15.228 15.003 14.955 14.816 14.842
    9.765843 1.0000000  3.7227 -4.3832 16.625 16.335 16.112 15.773 15.908 15.672 15.447 15.155 15.250 15.022 14.973 14.832 14.858
    9.766983 1.0000000  3.7204 -4.3924 16.665 16.370 16.144 15.801 15.938 15.698 15.471 15.178 15.273 15.041 14.991 14.849 14.875
    9.768109 1.0000000  3.7181 -4.4018 16.706 16.405 16.177 15.829 15.968 15.726 15.495 15.201 15.296 15.061 15.010 14.865 14.891
    9.769239 1.0000000  3.7157 -4.4112 16.747 16.441 16.210 15.858 15.999 15.753 15.520 15.224 15.319 15.081 15.029 14.882 14.908
    9.770358 1.0000000  3.7133 -4.4210 16.790 16.479 16.245 15.889 16.031 15.782 15.547 15.249 15.344 15.102 15.049 14.900 14.926
    9.771489 1.0000000  3.7108 -4.4309 16.834 16.518 16.281 15.919 16.064 15.811 15.573 15.274 15.369 15.123 15.070 14.918 14.944
    9.772611 1.0000000  3.7083 -4.4408 16.878 16.557 16.317 15.951 16.097 15.840 15.600 15.300 15.394 15.144 15.090 14.936 14.962
    9.773731 1.0000000  3.7059 -4.4505 16.923 16.596 16.353 15.982 16.129 15.869 15.627 15.325 15.419 15.166 15.110 14.954 14.980
    9.774838 1.0000000  3.7035 -4.4603 16.967 16.635 16.389 16.013 16.163 15.899 15.654 15.351 15.445 15.187 15.131 14.972 14.999
    9.775950 1.0000000  3.7010 -4.4702 17.013 16.675 16.426 16.045 16.197 15.929 15.682 15.377 15.471 15.209 15.152 14.990 15.017
    9.777060 1.0000000  3.6985 -4.4801 17.059 16.715 16.463 16.077 16.231 15.959 15.710 15.403 15.497 15.231 15.173 15.009 15.036
    9.778157 1.0000000  3.6960 -4.4902 17.106 16.757 16.502 16.110 16.266 15.990 15.738 15.430 15.524 15.254 15.194 15.028 15.055
    9.779261 1.0000000  3.6935 -4.5003 17.154 16.798 16.541 16.144 16.302 16.022 15.767 15.457 15.551 15.277 15.216 15.047 15.074
    9.780360 1.0000000  3.6909 -4.5105 17.203 16.841 16.580 16.178 16.338 16.054 15.797 15.485 15.579 15.300 15.239 15.067 15.094
    9.781457 1.0000000  3.6883 -4.5208 17.253 16.885 16.620 16.213 16.375 16.087 15.827 15.513 15.607 15.324 15.262 15.087 15.114
    9.782556 1.0000000  3.6858 -4.5312 17.304 16.929 16.661 16.249 16.413 16.121 15.857 15.542 15.636 15.348 15.285 15.107 15.135
    9.783646 1.0000000  3.6831 -4.5416 17.355 16.974 16.703 16.285 16.451 16.154 15.888 15.571 15.664 15.372 15.308 15.128 15.156
    9.784735 1.0000000  3.6805 -4.5522 17.407 17.020 16.746 16.322 16.490 16.189 15.920 15.601 15.694 15.397 15.332 15.149 15.177
    9.785815 1.0000000  3.6778 -4.5628 17.461 17.066 16.789 16.359 16.529 16.224 15.952 15.631 15.724 15.422 15.357 15.170 15.198
    9.786907 1.0000000  3.6752 -4.5736 17.515 17.113 16.833 16.397 16.570 16.260 15.984 15.662 15.755 15.448 15.381 15.192 15.220
    9.787982 1.0000000  3.6725 -4.5844 17.570 17.161 16.878 16.436 16.611 16.296 16.018 15.693 15.786 15.474 15.407 15.214 15.242
    9.789052 1.0000000  3.6697 -4.5952 17.626 17.210 16.923 16.475 16.652 16.333 16.051 15.725 15.818 15.501 15.432 15.236 15.265
    9.790131 1.0000000  3.6670 -4.6062 17.682 17.260 16.969 16.515 16.695 16.370 16.085 15.757 15.850 15.528 15.458 15.259 15.288
    9.791208 1.0000000  3.6643 -4.6172 17.740 17.310 17.016 16.556 16.737 16.408 16.120 15.790 15.883 15.555 15.484 15.282 15.311
    9.792287 1.0000000  3.6615 -4.6283 17.798 17.361 17.064 16.597 16.781 16.446 16.155 15.823 15.916 15.583 15.510 15.305 15.334
    9.793349 1.0000000  3.6587 -4.6395 17.858 17.413 17.112 16.639 16.825 16.485 16.191 15.857 15.950 15.611 15.537 15.329 15.358
    9.794408 1.0000000  3.6559 -4.6508 17.918 17.466 17.162 16.682 16.871 16.525 16.228 15.892 15.984 15.640 15.565 15.353 15.382
    9.795473 1.0000000  3.6530 -4.6622 17.980 17.519 17.212 16.725 16.917 16.565 16.265 15.927 16.019 15.669 15.593 15.377 15.407
    9.796538 1.0000000  3.6501 -4.6738 18.043 17.575 17.264 16.770 16.964 16.607 16.303 15.963 16.055 15.700 15.621 15.402 15.432
    9.797593 1.0000000  3.6472 -4.6855 18.107 17.631 17.317 16.816 17.012 16.649 16.342 16.000 16.092 15.730 15.651 15.428 15.458
    9.798642 1.0000000  3.6442 -4.6972 18.173 17.688 17.371 16.862 17.061 16.692 16.381 16.037 16.129 15.761 15.680 15.454 15.484
    9.799689 1.0000000  3.6413 -4.7091 18.239 17.746 17.426 16.910 17.111 16.736 16.422 16.075 16.167 15.793 15.711 15.481 15.511
    9.800746 1.0000000  3.6383 -4.7211 18.307 17.805 17.482 16.958 17.162 16.780 16.463 16.114 16.206 15.825 15.742 15.508 15.538
    9.801789 1.0000000  3.6353 -4.7332 18.376 17.866 17.539 17.008 17.213 16.826 16.505 16.154 16.245 15.858 15.773 15.535 15.566
    9.802836 1.0000000  3.6322 -4.7453 18.446 17.927 17.596 17.057 17.266 16.871 16.547 16.194 16.285 15.892 15.805 15.563 15.594
    9.803858 1.0000000  3.6292 -4.7574 18.517 17.988 17.655 17.108 17.318 16.918 16.590 16.234 16.325 15.925 15.837 15.592 15.622
    9.804863 1.0000000  3.6262 -4.7695 18.587 18.050 17.713 17.158 17.371 16.964 16.633 16.274 16.366 15.959 15.870 15.620 15.651
    9.805871 1.0000000  3.6232 -4.7816 18.658 18.112 17.772 17.209 17.425 17.011 16.676 16.315 16.407 15.993 15.902 15.648 15.679
    9.806862 1.0000000  3.6202 -4.7936 18.730 18.174 17.831 17.260 17.478 17.058 16.720 16.356 16.447 16.027 15.935 15.677 15.708
    9.807854 1.0000000  3.6172 -4.8057 18.802 18.237 17.891 17.312 17.533 17.105 16.764 16.398 16.489 16.062 15.968 15.705 15.737
    9.808831 1.0000000  3.6141 -4.8178 18.874 18.301 17.952 17.364 17.588 17.153 16.808 16.440 16.531 16.097 16.001 15.734 15.767
    9.809802 1.0000000  3.6111 -4.8299 18.948 18.365 18.013 17.417 17.643 17.202 16.853 16.483 16.573 16.132 16.034 15.764 15.796
    9.810758 1.0000000  3.6081 -4.8420 19.021 18.429 18.074 17.470 17.699 17.250 16.898 16.526 16.616 16.167 16.068 15.793 15.826
    9.811706 1.0000000  3.6051 -4.8541 19.095 18.494 18.136 17.523 17.755 17.299 16.944 16.569 16.659 16.203 16.102 15.823 15.856
    9.812652 1.0000000  3.6020 -4.8661 19.170 18.559 18.199 17.577 17.812 17.348 16.990 16.612 16.702 16.239 16.136 15.852 15.886
    9.813592 1.0000000  3.5990 -4.8783 19.246 18.626 18.262 17.632 17.870 17.399 17.037 16.657 16.747 16.276 16.171 15.883 15.917
    9.814512 1.0000000  3.5960 -4.8903 19.321 18.692 18.326 17.687 17.927 17.449 17.083 16.701 16.791 16.312 16.206 15.913 15.948
    9.815423 1.0000000  3.5930 -4.9024 19.398 18.760 18.391 17.743 17.986 17.500 17.131 16.746 16.836 16.349 16.242 15.944 15.979
    9.816340 1.0000000  3.5900 -4.9144 19.475 18.827 18.455 17.799 18.044 17.550 17.178 16.791 16.881 16.387 16.277 15.975 16.010
    9.817234 1.0000000  3.5869 -4.9265 19.553 18.896 18.521 17.856 18.104 17.602 17.226 16.837 16.926 16.424 16.313 16.007 16.042
    9.818138 1.0000000  3.5839 -4.9386 19.631 18.964 18.587 17.913 18.163 17.654 17.275 16.883 16.972 16.463 16.350 16.039 16.074
    9.819032 1.0000000  3.5809 -4.9506 19.709 19.033 18.654 17.971 18.223 17.706 17.324 16.929 17.018 16.501 16.386 16.070 16.106
    9.819913 1.0000000  3.5779 -4.9626 19.788 19.103 18.720 18.029 18.284 17.758 17.373 16.975 17.065 16.539 16.423 16.102 16.138
    9.820797 1.0000000  3.5749 -4.9745 19.868 19.172 18.788 18.087 18.345 17.811 17.422 17.022 17.112 16.578 16.459 16.134 16.171
    9.821686 1.0000000  3.5720 -4.9865 19.948 19.243 18.856 18.146 18.406 17.864 17.472 17.070 17.159 16.617 16.496 16.167 16.204
    9.822566 1.0000000  3.5690 -4.9986 20.029 19.314 18.925 18.206 18.468 17.918 17.523 17.118 17.207 16.657 16.534 16.200 16.237
    9.823447 1.0000000  3.5659 -5.0108 20.112 19.387 18.995 18.267 18.532 17.974 17.574 17.167 17.256 16.697 16.573 16.233 16.271
    9.824314 1.0000000  3.5629 -5.0229 20.195 19.460 19.065 18.328 18.596 18.029 17.626 17.216 17.305 16.738 16.611 16.267 16.305
    9.825168 1.0000000  3.5599 -5.0349 20.278 19.533 19.136 18.390 18.659 18.084 17.678 17.266 17.354 16.778 16.649 16.300 16.339
    9.826023 1.0000000  3.5569 -5.0469 20.362 19.607 19.207 18.451 18.723 18.139 17.730 17.315 17.404 16.819 16.688 16.334 16.373
    9.826867 1.0000000  3.5539 -5.0589 20.446 19.680 19.278 18.513 18.788 18.195 17.782 17.365 17.453 16.860 16.727 16.368 16.408
