#   log(t)       Mwd   log(Teff)log(L/Lo) F435W F475  F502N  F550M  F555W  F606W  F625W  F658N  F660N  F775W  F814W  F850LP F892N
    5.996895 0.7700000  5.0611  1.4708  4.436  4.972  4.539  5.408  5.417  5.390  5.300  5.113  5.180  5.607  5.722  6.354  6.137
    5.999437 0.7700000  5.0540  1.4377  4.516  5.044  4.636  5.480  5.485  5.461  5.385  5.205  5.272  5.697  5.815  6.435  6.218
    6.002660 0.7700000  5.0468  1.4043  4.597  5.115  4.734  5.551  5.554  5.533  5.471  5.297  5.364  5.787  5.908  6.516  6.300
    6.006582 0.7700000  5.0396  1.3703  4.676  5.186  4.831  5.622  5.622  5.605  5.557  5.389  5.456  5.878  6.002  6.598  6.381
    6.011149 0.7700000  5.0323  1.3359  4.758  5.258  4.929  5.694  5.691  5.677  5.644  5.482  5.549  5.969  6.096  6.680  6.464
    6.016253 0.7700000  5.0250  1.3011  4.840  5.332  5.029  5.768  5.762  5.751  5.732  5.577  5.643  6.061  6.191  6.763  6.547
    6.021778 0.7700000  5.0176  1.2661  4.926  5.408  5.130  5.844  5.835  5.828  5.821  5.672  5.739  6.154  6.287  6.847  6.632
    6.027656 0.7700000  5.0102  1.2308  5.012  5.485  5.232  5.921  5.909  5.905  5.911  5.768  5.835  6.247  6.383  6.931  6.716
    6.033830 0.7700000  5.0027  1.1952  5.103  5.567  5.336  6.001  5.987  5.986  6.003  5.865  5.933  6.342  6.479  7.016  6.803
    6.040165 0.7700000  4.9952  1.1602  5.193  5.648  5.439  6.081  6.065  6.066  6.094  5.961  6.029  6.435  6.574  7.099  6.888
    6.046854 0.7700000  4.9876  1.1247  5.286  5.733  5.545  6.163  6.145  6.150  6.187  6.059  6.128  6.530  6.670  7.184  6.975
    6.053656 0.7700000  4.9800  1.0892  5.382  5.819  5.651  6.248  6.227  6.234  6.281  6.157  6.226  6.625  6.766  7.268  7.063
    6.060706 0.7700000  4.9723  1.0537  5.479  5.908  5.759  6.333  6.311  6.321  6.376  6.256  6.326  6.720  6.862  7.353  7.150
    6.067905 0.7700000  4.9646  1.0181  5.578  5.998  5.867  6.421  6.396  6.409  6.471  6.355  6.425  6.815  6.958  7.437  7.238
    6.075243 0.7700000  4.9567  0.9825  5.679  6.090  5.976  6.509  6.483  6.498  6.568  6.455  6.526  6.911  7.053  7.522  7.326
    6.082582 0.7700000  4.9488  0.9467  5.782  6.185  6.087  6.600  6.572  6.590  6.665  6.555  6.627  7.007  7.148  7.606  7.415
    6.090211 0.7700000  4.9410  0.9116  5.884  6.279  6.195  6.689  6.660  6.680  6.760  6.653  6.725  7.101  7.241  7.689  7.502
    6.098115 0.7700000  4.9331  0.8760  5.988  6.373  6.304  6.780  6.749  6.771  6.856  6.751  6.825  7.195  7.335  7.772  7.590
    6.106175 0.7700000  4.9251  0.8405  6.091  6.469  6.413  6.871  6.839  6.863  6.952  6.850  6.924  7.289  7.428  7.855  7.677
    6.114431 0.7700000  4.9172  0.8050  6.195  6.564  6.522  6.961  6.928  6.954  7.048  6.947  7.023  7.382  7.520  7.937  7.764
    6.122859 0.7700000  4.9092  0.7695  6.299  6.660  6.630  7.052  7.018  7.046  7.143  7.044  7.121  7.475  7.611  8.018  7.850
    6.131497 0.7700000  4.9012  0.7341  6.402  6.756  6.737  7.143  7.107  7.137  7.238  7.140  7.218  7.566  7.701  8.099  7.935
    6.140355 0.7700000  4.8932  0.6986  6.506  6.851  6.844  7.233  7.197  7.228  7.332  7.236  7.315  7.658  7.790  8.179  8.020
    6.149410 0.7700000  4.8852  0.6631  6.610  6.947  6.951  7.324  7.286  7.320  7.426  7.331  7.411  7.748  7.879  8.258  8.105
    6.158687 0.7700000  4.8771  0.6277  6.713  7.043  7.056  7.414  7.376  7.410  7.519  7.425  7.506  7.838  7.967  8.337  8.188
    6.168179 0.7700000  4.8690  0.5922  6.816  7.138  7.161  7.504  7.465  7.501  7.611  7.519  7.601  7.927  8.054  8.414  8.271
    6.177902 0.7700000  4.8610  0.5567  6.918  7.233  7.266  7.593  7.553  7.591  7.703  7.612  7.694  8.015  8.140  8.492  8.354
    6.187856 0.7700000  4.8529  0.5213  7.020  7.328  7.369  7.682  7.641  7.681  7.794  7.703  7.787  8.102  8.224  8.568  8.435
    6.198059 0.7700000  4.8448  0.4858  7.122  7.422  7.471  7.770  7.729  7.770  7.884  7.794  7.879  8.188  8.308  8.643  8.516
    6.208506 0.7700000  4.8366  0.4504  7.223  7.516  7.573  7.858  7.816  7.858  7.974  7.884  7.970  8.273  8.391  8.718  8.596
    6.219199 0.7700000  4.8285  0.4150  7.322  7.609  7.673  7.945  7.903  7.946  8.062  7.973  8.060  8.357  8.473  8.792  8.675
    6.230161 0.7700000  4.8204  0.3796  7.422  7.701  7.773  8.031  7.989  8.033  8.150  8.061  8.149  8.441  8.554  8.864  8.753
    6.241383 0.7700000  4.8122  0.3442  7.520  7.793  7.871  8.117  8.074  8.119  8.236  8.148  8.236  8.523  8.634  8.936  8.830
    6.252867 0.7700000  4.8040  0.3088  7.618  7.884  7.969  8.202  8.159  8.205  8.322  8.234  8.323  8.604  8.712  9.008  8.906
    6.264612 0.7700000  4.7958  0.2734  7.715  7.974  8.065  8.286  8.243  8.290  8.407  8.319  8.409  8.684  8.790  9.078  8.981
    6.276625 0.7700000  4.7876  0.2380  7.811  8.064  8.160  8.369  8.326  8.374  8.491  8.402  8.494  8.763  8.867  9.147  9.055
    6.288928 0.7700000  4.7794  0.2026  7.906  8.153  8.254  8.452  8.408  8.457  8.573  8.485  8.577  8.841  8.942  9.215  9.129
    6.301495 0.7700000  4.7711  0.1671  8.001  8.241  8.347  8.533  8.490  8.539  8.655  8.567  8.660  8.918  9.016  9.283  9.201
    6.314318 0.7700000  4.7628  0.1318  8.094  8.328  8.439  8.614  8.570  8.620  8.736  8.647  8.741  8.994  9.089  9.349  9.272
    6.327521 0.7700000  4.7546  0.0965  8.185  8.413  8.529  8.693  8.650  8.700  8.815  8.725  8.820  9.068  9.161  9.414  9.342
    6.341162 0.7700000  4.7463  0.0613  8.276  8.498  8.617  8.771  8.728  8.779  8.893  8.803  8.899  9.141  9.231  9.478  9.410
    6.355226 0.7700000  4.7380  0.0261  8.365  8.581  8.704  8.848  8.805  8.857  8.969  8.879  8.976  9.213  9.300  9.540  9.478
    6.369791 0.7700000  4.7297 -0.0091  8.452  8.663  8.790  8.924  8.881  8.933  9.045  8.954  9.051  9.284  9.368  9.602  9.544
    6.384826 0.7700000  4.7215 -0.0444  8.539  8.744  8.875  8.999  8.956  9.009  9.119  9.028  9.126  9.353  9.436  9.663  9.610
    6.400377 0.7700000  4.7132 -0.0795  8.624  8.824  8.957  9.072  9.030  9.083  9.192  9.100  9.199  9.421  9.501  9.723  9.674
    6.416484 0.7700000  4.7050 -0.1146  8.707  8.902  9.039  9.145  9.102  9.155  9.263  9.171  9.271  9.488  9.565  9.782  9.736
    6.433272 0.7700000  4.6967 -0.1497  8.789  8.979  9.119  9.216  9.174  9.227  9.334  9.240  9.341  9.554  9.629  9.839  9.798
    6.450690 0.7700000  4.6885 -0.1847  8.870  9.055  9.197  9.285  9.244  9.297  9.403  9.309  9.410  9.618  9.690  9.896  9.859
    6.468873 0.7700000  4.6803 -0.2197  8.949  9.129  9.274  9.354  9.312  9.366  9.470  9.376  9.478  9.681  9.751  9.951  9.918
    6.487790 0.7700000  4.6721 -0.2546  9.027  9.202  9.349  9.421  9.380  9.434  9.536  9.441  9.544  9.743  9.810 10.006  9.976
    6.507585 0.7700000  4.6639 -0.2896  9.104  9.274  9.423  9.487  9.446  9.500  9.602  9.505  9.609  9.803  9.869 10.059 10.033
    6.528339 0.7700000  4.6558 -0.3245  9.179  9.344  9.495  9.552  9.512  9.565  9.665  9.568  9.673  9.862  9.926 10.112 10.089
    6.550031 0.7700000  4.6476 -0.3594  9.252  9.414  9.566  9.615  9.575  9.629  9.728  9.630  9.735  9.920  9.981 10.163 10.143
    6.572731 0.7700000  4.6394 -0.3942  9.324  9.481  9.635  9.677  9.638  9.692  9.788  9.690  9.795  9.977 10.036 10.213 10.197
    6.596444 0.7700000  4.6312 -0.4290  9.394  9.547  9.703  9.738  9.699  9.753  9.848  9.749  9.855 10.032 10.089 10.262 10.249
    6.621171 0.7700000  4.6229 -0.4639  9.463  9.612  9.769  9.797  9.759  9.812  9.906  9.806  9.913 10.086 10.141 10.309 10.299
    6.646989 0.7700000  4.6147 -0.4986  9.530  9.676  9.833  9.855  9.817  9.871  9.963  9.862  9.969 10.138 10.191 10.356 10.349
    6.674128 0.7700000  4.6064 -0.5333  9.596  9.737  9.896  9.911  9.875  9.927 10.018  9.916 10.024 10.189 10.240 10.401 10.397
    6.702707 0.7700000  4.5982 -0.5679  9.660  9.798  9.957  9.966  9.930  9.983 10.071  9.969 10.077 10.238 10.288 10.445 10.443
    6.732734 0.7700000  4.5900 -0.6025  9.722  9.856 10.016 10.020  9.984 10.036 10.124 10.020 10.129 10.287 10.334 10.488 10.489
    6.764214 0.7700000  4.5818 -0.6371  9.783  9.914 10.074 10.072 10.037 10.089 10.175 10.070 10.179 10.333 10.379 10.530 10.533
    6.797145 0.7700000  4.5736 -0.6717  9.842  9.969 10.130 10.123 10.089 10.140 10.224 10.118 10.228 10.379 10.423 10.570 10.576
    6.831532 0.7700000  4.5654 -0.7062  9.900 10.024 10.185 10.172 10.139 10.190 10.272 10.166 10.276 10.423 10.466 10.610 10.618
    6.867481 0.7700000  4.5572 -0.7407  9.955 10.076 10.238 10.220 10.187 10.238 10.319 10.211 10.322 10.466 10.507 10.648 10.658
    6.905138 0.7700000  4.5490 -0.7752 10.010 10.128 10.289 10.266 10.235 10.285 10.364 10.256 10.366 10.508 10.547 10.686 10.697
    6.944565 0.7700000  4.5408 -0.8096 10.062 10.177 10.339 10.311 10.280 10.330 10.407 10.298 10.409 10.548 10.586 10.722 10.735
    6.985792 0.7700000  4.5326 -0.8439 10.113 10.225 10.386 10.354 10.324 10.373 10.449 10.339 10.451 10.586 10.623 10.756 10.771
    7.029150 0.7700000  4.5244 -0.8781 10.161 10.271 10.432 10.396 10.367 10.415 10.489 10.378 10.490 10.623 10.659 10.790 10.806
    7.074812 0.7700000  4.5162 -0.9123 10.208 10.315 10.477 10.436 10.407 10.455 10.528 10.416 10.529 10.658 10.693 10.822 10.839
    7.122774 0.7700000  4.5079 -0.9464 10.253 10.358 10.519 10.474 10.447 10.494 10.565 10.453 10.565 10.692 10.726 10.853 10.871
    7.172847 0.7700000  4.4997 -0.9806 10.297 10.399 10.560 10.511 10.485 10.531 10.601 10.488 10.600 10.725 10.758 10.883 10.902
    7.224746 0.7700000  4.4915 -1.0149 10.339 10.439 10.599 10.547 10.521 10.567 10.635 10.521 10.634 10.756 10.788 10.911 10.932
    7.277737 0.7700000  4.4832 -1.0493 10.379 10.477 10.637 10.581 10.556 10.601 10.668 10.553 10.667 10.786 10.818 10.939 10.960
    7.330991 0.7700000  4.4748 -1.0839 10.418 10.514 10.673 10.614 10.590 10.634 10.700 10.584 10.697 10.815 10.846 10.966 10.987
    7.384183 0.7700000  4.4665 -1.1186 10.455 10.549 10.707 10.645 10.622 10.666 10.730 10.614 10.727 10.843 10.873 10.991 11.013
    7.436667 0.7700000  4.4581 -1.1534 10.490 10.583 10.740 10.675 10.653 10.696 10.759 10.642 10.756 10.869 10.899 11.016 11.038
    7.487920 0.7700000  4.4496 -1.1883 10.524 10.615 10.772 10.704 10.683 10.724 10.786 10.668 10.782 10.894 10.923 11.039 11.061
    7.537608 0.7700000  4.4412 -1.2234 10.556 10.645 10.801 10.731 10.711 10.752 10.812 10.694 10.808 10.917 10.946 11.061 11.083
    7.585474 0.7700000  4.4326 -1.2586 10.586 10.674 10.829 10.756 10.737 10.777 10.837 10.717 10.831 10.939 10.968 11.082 11.104
    7.631448 0.7700000  4.4241 -1.2938 10.615 10.701 10.855 10.780 10.762 10.801 10.859 10.739 10.854 10.960 10.989 11.102 11.124
    7.675560 0.7700000  4.4156 -1.3292 10.641 10.727 10.880 10.802 10.786 10.823 10.881 10.760 10.874 10.979 11.008 11.121 11.142
    7.717640 0.7700000  4.4070 -1.3646 10.664 10.748 10.901 10.821 10.806 10.843 10.899 10.778 10.892 10.996 11.025 11.136 11.157
    7.758020 0.7700000  4.3984 -1.3999 10.684 10.767 10.920 10.838 10.823 10.860 10.915 10.794 10.908 11.010 11.039 11.150 11.171
    7.796834 0.7700000  4.3898 -1.4353 10.702 10.784 10.936 10.853 10.839 10.875 10.929 10.808 10.922 11.023 11.052 11.162 11.184
    7.834200 0.7700000  4.3811 -1.4708 10.717 10.798 10.950 10.865 10.852 10.888 10.941 10.820 10.935 11.035 11.063 11.173 11.195
    7.870234 0.7700000  4.3726 -1.5062 10.736 10.816 10.968 10.882 10.869 10.904 10.957 10.835 10.950 11.049 11.077 11.186 11.209
    7.904894 0.7700000  4.3639 -1.5417 10.756 10.836 10.987 10.899 10.887 10.922 10.974 10.852 10.967 11.064 11.092 11.201 11.223
    7.938384 0.7700000  4.3553 -1.5772 10.777 10.856 11.006 10.918 10.906 10.940 10.991 10.869 10.983 11.080 11.107 11.216 11.238
    7.970869 0.7700000  4.3467 -1.6126 10.799 10.876 11.025 10.937 10.925 10.958 11.009 10.886 11.000 11.096 11.123 11.231 11.253
    8.002431 0.7700000  4.3381 -1.6481 10.823 10.901 11.048 10.959 10.948 10.980 11.030 10.906 11.020 11.115 11.142 11.249 11.271
    8.033170 0.7700000  4.3294 -1.6835 10.854 10.930 11.075 10.986 10.975 11.007 11.055 10.929 11.043 11.138 11.164 11.271 11.292
    8.063197 0.7700000  4.3207 -1.7190 10.887 10.962 11.105 11.015 11.005 11.036 11.083 10.956 11.069 11.163 11.189 11.295 11.316
    8.092557 0.7700000  4.3121 -1.7544 10.923 10.996 11.137 11.048 11.038 11.068 11.112 10.984 11.097 11.191 11.216 11.321 11.342
    8.121350 0.7700000  4.3034 -1.7899 10.962 11.034 11.172 11.083 11.074 11.102 11.145 11.015 11.127 11.221 11.246 11.350 11.371
    8.149649 0.7700000  4.2947 -1.8253 11.001 11.073 11.207 11.119 11.110 11.137 11.178 11.046 11.158 11.251 11.277 11.379 11.400
    8.177488 0.7700000  4.2860 -1.8607 11.042 11.112 11.242 11.157 11.148 11.174 11.213 11.079 11.190 11.283 11.308 11.409 11.430
    8.204906 0.7700000  4.2773 -1.8961 11.083 11.153 11.279 11.196 11.187 11.212 11.249 11.113 11.223 11.317 11.341 11.441 11.462
    8.231936 0.7700000  4.2686 -1.9316 11.127 11.196 11.317 11.238 11.229 11.252 11.287 11.148 11.258 11.352 11.376 11.475 11.496
    8.258584 0.7700000  4.2599 -1.9670 11.172 11.241 11.356 11.281 11.272 11.293 11.326 11.185 11.294 11.389 11.413 11.511 11.531
    8.284899 0.7700000  4.2512 -2.0024 11.218 11.287 11.397 11.325 11.316 11.336 11.366 11.223 11.331 11.427 11.450 11.547 11.567
    8.310925 0.7700000  4.2425 -2.0378 11.265 11.333 11.438 11.370 11.361 11.379 11.407 11.262 11.369 11.465 11.488 11.584 11.604
    8.336637 0.7700000  4.2338 -2.0733 11.314 11.381 11.480 11.417 11.408 11.424 11.450 11.302 11.409 11.505 11.528 11.622 11.642
    8.362047 0.7700000  4.2251 -2.1087 11.363 11.429 11.522 11.463 11.454 11.469 11.492 11.342 11.448 11.544 11.567 11.660 11.679
    8.387163 0.7700000  4.2164 -2.1442 11.412 11.477 11.565 11.510 11.501 11.514 11.535 11.382 11.488 11.584 11.606 11.698 11.716
    8.412009 0.7700000  4.2077 -2.1796 11.462 11.526 11.608 11.557 11.547 11.559 11.578 11.423 11.528 11.623 11.645 11.735 11.753
    8.436652 0.7700000  4.1990 -2.2149 11.512 11.575 11.652 11.603 11.594 11.604 11.621 11.464 11.568 11.662 11.683 11.772 11.790
    8.461274 0.7700000  4.1903 -2.2503 11.563 11.625 11.696 11.651 11.642 11.649 11.664 11.505 11.609 11.702 11.722 11.809 11.828
    8.485833 0.7700000  4.1816 -2.2856 11.614 11.675 11.741 11.698 11.690 11.695 11.707 11.547 11.650 11.741 11.761 11.846 11.865
    8.510317 0.7700000  4.1729 -2.3210 11.666 11.725 11.786 11.745 11.737 11.741 11.751 11.589 11.691 11.780 11.800 11.882 11.901
    8.534698 0.7700000  4.1642 -2.3564 11.718 11.775 11.831 11.791 11.784 11.785 11.793 11.630 11.731 11.818 11.838 11.918 11.937
    8.559038 0.7700000  4.1555 -2.3918 11.770 11.825 11.876 11.837 11.830 11.830 11.835 11.670 11.771 11.856 11.875 11.953 11.972
    8.583278 0.7700000  4.1468 -2.4271 11.822 11.875 11.921 11.883 11.876 11.874 11.877 11.711 11.812 11.894 11.912 11.987 12.006
    8.607496 0.7700000  4.1381 -2.4625 11.875 11.926 11.967 11.929 11.923 11.919 11.919 11.751 11.852 11.931 11.949 12.021 12.040
    8.631536 0.7700000  4.1293 -2.4980 11.929 11.978 12.013 11.975 11.971 11.964 11.962 11.792 11.893 11.969 11.986 12.056 12.075
    8.655353 0.7700000  4.1206 -2.5335 11.984 12.029 12.060 12.021 12.018 12.009 12.004 11.833 11.934 12.006 12.022 12.090 12.109
    8.678869 0.7700000  4.1118 -2.5690 12.039 12.082 12.107 12.067 12.066 12.055 12.046 11.875 11.974 12.043 12.059 12.124 12.143
    8.702172 0.7700000  4.1031 -2.6044 12.094 12.134 12.154 12.114 12.114 12.100 12.088 11.916 12.016 12.081 12.096 12.158 12.177
    8.725152 0.7700000  4.0943 -2.6399 12.151 12.188 12.203 12.161 12.163 12.146 12.132 11.957 12.057 12.118 12.133 12.193 12.212
    8.748190 0.7700000  4.0856 -2.6752 12.209 12.241 12.252 12.209 12.212 12.193 12.175 11.999 12.099 12.156 12.170 12.228 12.247
    8.771211 0.7700000  4.0768 -2.7107 12.268 12.296 12.303 12.257 12.262 12.240 12.219 12.042 12.142 12.194 12.207 12.263 12.282
    8.794093 0.7700000  4.0681 -2.7461 12.327 12.352 12.354 12.306 12.312 12.288 12.263 12.085 12.185 12.234 12.246 12.298 12.317
    8.816925 0.7700000  4.0593 -2.7815 12.388 12.409 12.407 12.355 12.364 12.336 12.309 12.129 12.228 12.273 12.284 12.334 12.353
    8.839755 0.7700000  4.0505 -2.8168 12.450 12.467 12.460 12.405 12.415 12.385 12.354 12.173 12.272 12.313 12.323 12.369 12.389
    8.862589 0.7700000  4.0418 -2.8522 12.513 12.526 12.514 12.456 12.468 12.435 12.400 12.218 12.317 12.353 12.363 12.406 12.426
    8.885435 0.7700000  4.0330 -2.8876 12.578 12.587 12.571 12.509 12.523 12.487 12.449 12.265 12.364 12.396 12.404 12.444 12.464
    8.908303 0.7700000  4.0242 -2.9229 12.645 12.650 12.629 12.563 12.579 12.540 12.498 12.313 12.412 12.439 12.447 12.484 12.504
    8.931197 0.7700000  4.0155 -2.9582 12.713 12.713 12.689 12.619 12.637 12.595 12.549 12.362 12.461 12.484 12.491 12.524 12.544
    8.954229 0.7700000  4.0067 -2.9936 12.783 12.779 12.750 12.676 12.696 12.651 12.601 12.413 12.512 12.530 12.536 12.566 12.586
    8.977307 0.7700000  3.9980 -3.0289 12.855 12.845 12.812 12.733 12.756 12.708 12.654 12.464 12.563 12.576 12.581 12.608 12.628
    9.000415 0.7700000  3.9892 -3.0643 12.927 12.912 12.875 12.791 12.816 12.765 12.707 12.514 12.613 12.622 12.626 12.649 12.670
    9.028125 0.7700000  3.9830 -3.0908 12.982 12.964 12.924 12.836 12.862 12.809 12.748 12.554 12.652 12.658 12.661 12.681 12.702
    9.067041 0.7700000  3.9754 -3.1220 13.048 13.025 12.981 12.889 12.918 12.860 12.796 12.601 12.699 12.700 12.702 12.719 12.740
    9.102756 0.7700000  3.9678 -3.1531 13.115 13.087 13.039 12.942 12.973 12.913 12.845 12.647 12.745 12.742 12.743 12.757 12.778
    9.137304 0.7700000  3.9603 -3.1837 13.182 13.149 13.098 12.996 13.029 12.966 12.894 12.694 12.793 12.785 12.785 12.795 12.816
    9.177128 0.7700000  3.9528 -3.2139 13.249 13.211 13.156 13.050 13.086 13.019 12.944 12.742 12.840 12.828 12.827 12.834 12.854
    9.214303 0.7700000  3.9453 -3.2442 13.318 13.275 13.217 13.105 13.144 13.073 12.995 12.790 12.889 12.872 12.869 12.873 12.893
    9.249537 0.7700000  3.9377 -3.2748 13.389 13.341 13.278 13.162 13.203 13.129 13.047 12.841 12.939 12.917 12.913 12.914 12.934
    9.280878 0.7700000  3.9303 -3.3050 13.461 13.408 13.341 13.220 13.263 13.185 13.100 12.892 12.990 12.963 12.958 12.955 12.975
    9.310559 0.7700000  3.9227 -3.3355 13.534 13.476 13.405 13.279 13.324 13.243 13.154 12.943 13.041 13.009 13.003 12.996 13.016
    9.338584 0.7700000  3.9152 -3.3660 13.608 13.545 13.470 13.338 13.386 13.301 13.209 12.996 13.093 13.056 13.049 13.038 13.059
    9.362018 0.7700000  3.9076 -3.3966 13.683 13.614 13.535 13.398 13.449 13.360 13.264 13.049 13.146 13.103 13.095 13.080 13.101
    9.386496 0.7700000  3.9000 -3.4276 13.760 13.686 13.603 13.461 13.514 13.421 13.320 13.103 13.200 13.152 13.143 13.124 13.145
    9.409457 0.7700000  3.8925 -3.4581 13.838 13.758 13.671 13.523 13.578 13.482 13.377 13.158 13.255 13.201 13.190 13.167 13.189
    9.430459 0.7700000  3.8849 -3.4887 13.916 13.832 13.739 13.586 13.644 13.543 13.434 13.213 13.310 13.250 13.238 13.211 13.233
    9.450988 0.7700000  3.8774 -3.5189 13.995 13.905 13.808 13.649 13.709 13.604 13.492 13.267 13.364 13.299 13.286 13.254 13.276
    9.469720 0.7700000  3.8697 -3.5501 14.078 13.981 13.880 13.714 13.777 13.668 13.551 13.324 13.421 13.350 13.335 13.299 13.321
    9.487727 0.7700000  3.8620 -3.5809 14.161 14.058 13.951 13.779 13.845 13.732 13.610 13.381 13.478 13.400 13.384 13.344 13.366
    9.504627 0.7700000  3.8545 -3.6112 14.243 14.134 14.023 13.844 13.913 13.795 13.669 13.437 13.534 13.450 13.433 13.388 13.410
    9.520918 0.7700000  3.8470 -3.6416 14.327 14.211 14.095 13.910 13.982 13.859 13.729 13.493 13.590 13.500 13.482 13.433 13.455
    9.535950 0.7700000  3.8394 -3.6721 14.413 14.290 14.169 13.977 14.052 13.925 13.789 13.551 13.648 13.551 13.531 13.477 13.500
    9.550418 0.7700000  3.8317 -3.7028 14.502 14.370 14.245 14.046 14.124 13.991 13.851 13.610 13.707 13.603 13.581 13.523 13.545
    9.564256 0.7700000  3.8240 -3.7338 14.592 14.453 14.322 14.115 14.197 14.058 13.914 13.670 13.766 13.656 13.632 13.569 13.592
    9.577312 0.7700000  3.8161 -3.7654 14.686 14.538 14.402 14.188 14.272 14.128 13.979 13.732 13.828 13.710 13.685 13.616 13.639
    9.590025 0.7700000  3.8082 -3.7970 14.783 14.626 14.483 14.261 14.349 14.199 14.044 13.794 13.890 13.765 13.738 13.664 13.687
    9.602213 0.7700000  3.8003 -3.8289 14.883 14.716 14.567 14.336 14.428 14.272 14.111 13.858 13.954 13.821 13.792 13.713 13.736
    9.613892 0.7700000  3.7926 -3.8599 14.982 14.805 14.650 14.411 14.506 14.343 14.177 13.921 14.017 13.875 13.845 13.761 13.784
    9.625094 0.7700000  3.7847 -3.8914 15.085 14.898 14.736 14.487 14.587 14.417 14.245 13.986 14.081 13.931 13.899 13.810 13.833
    9.636092 0.7700000  3.7769 -3.9228 15.191 14.992 14.824 14.565 14.669 14.492 14.314 14.051 14.146 13.988 13.954 13.859 13.883
    9.646260 0.7700000  3.7691 -3.9543 15.302 15.091 14.915 14.645 14.753 14.569 14.384 14.118 14.213 14.045 14.009 13.908 13.932
    9.656520 0.7700000  3.7611 -3.9864 15.419 15.194 15.010 14.728 14.841 14.649 14.457 14.186 14.281 14.104 14.066 13.959 13.983
    9.666391 0.7700000  3.7532 -4.0184 15.539 15.300 15.107 14.813 14.931 14.730 14.531 14.256 14.351 14.164 14.124 14.010 14.034
    9.676007 0.7700000  3.7451 -4.0506 15.663 15.409 15.207 14.901 15.024 14.813 14.607 14.327 14.422 14.225 14.182 14.061 14.086
    9.685274 0.7700000  3.7434 -4.0793 15.744 15.488 15.284 14.974 15.098 14.885 14.678 14.397 14.492 14.293 14.250 14.127 14.152
    9.693993 0.7700000  3.7352 -4.1053 15.861 15.588 15.374 15.050 15.180 14.956 14.741 14.455 14.550 14.339 14.294 14.164 14.189
    9.702899 0.7700000  3.7276 -4.1357 15.992 15.701 15.477 15.140 15.275 15.041 14.817 14.527 14.622 14.399 14.351 14.215 14.241
    9.711421 0.7700000  3.7198 -4.1672 16.132 15.822 15.588 15.235 15.376 15.131 14.898 14.603 14.698 14.463 14.413 14.269 14.295
    9.719780 0.7700000  3.7117 -4.1995 16.281 15.951 15.707 15.337 15.484 15.226 14.985 14.684 14.779 14.531 14.477 14.325 14.352
    9.727986 0.7700000  3.7037 -4.2319 16.437 16.086 15.831 15.442 15.597 15.325 15.075 14.768 14.862 14.600 14.543 14.383 14.410
    9.736036 0.7700000  3.6957 -4.2640 16.596 16.224 15.958 15.550 15.712 15.426 15.166 14.854 14.948 14.671 14.611 14.442 14.469
    9.743941 0.7700000  3.6877 -4.2960 16.761 16.366 16.089 15.662 15.831 15.530 15.261 14.942 15.036 14.744 14.681 14.503 14.530
    9.751704 0.7700000  3.6796 -4.3283 16.932 16.514 16.226 15.779 15.956 15.639 15.359 15.035 15.127 14.820 14.753 14.566 14.594
    9.759332 0.7700000  3.6714 -4.3611 17.111 16.669 16.369 15.902 16.086 15.752 15.462 15.131 15.224 14.899 14.829 14.631 14.660
    9.766829 0.7700000  3.6633 -4.3938 17.294 16.827 16.517 16.028 16.220 15.869 15.568 15.231 15.323 14.981 14.907 14.698 14.727
    9.774197 0.7700000  3.6551 -4.4268 17.483 16.991 16.671 16.159 16.359 15.989 15.679 15.334 15.427 15.066 14.987 14.768 14.798
    9.779819 0.7700000  3.6404 -4.4700 17.800 17.260 16.922 16.367 16.581 16.176 15.846 15.489 15.580 15.184 15.097 14.857 14.888
    9.786972 0.7700000  3.6316 -4.5053 18.018 17.450 17.102 16.521 16.743 16.316 15.974 15.610 15.701 15.282 15.191 14.939 14.970
    9.794012 0.7700000  3.6226 -4.5412 18.244 17.647 17.290 16.682 16.912 16.462 16.109 15.737 15.828 15.386 15.290 15.024 15.055
    9.800857 0.7700000  3.6136 -4.5774 18.476 17.850 17.484 16.849 17.087 16.614 16.250 15.869 15.959 15.493 15.392 15.111 15.144
    9.807488 0.7700000  3.6045 -4.6136 18.712 18.058 17.683 17.020 17.267 16.768 16.394 16.005 16.095 15.603 15.496 15.201 15.235
    9.813934 0.7700000  3.5955 -4.6497 18.954 18.270 17.887 17.196 17.451 16.927 16.542 16.145 16.235 15.717 15.604 15.294 15.329
    9.820210 0.7700000  3.5865 -4.6859 19.200 18.487 18.097 17.378 17.640 17.090 16.695 16.290 16.379 15.835 15.715 15.390 15.426
    9.826303 0.7700000  3.5774 -4.7221 19.452 18.709 18.313 17.565 17.835 17.258 16.852 16.439 16.528 15.956 15.830 15.489 15.526
    9.832195 0.7700000  3.5684 -4.7583 19.708 18.935 18.532 17.756 18.033 17.429 17.013 16.592 16.680 16.081 15.947 15.590 15.629
    9.837913 0.7700000  3.5593 -4.7945 19.968 19.165 18.756 17.951 18.236 17.603 17.177 16.749 16.836 16.208 16.068 15.694 15.734
    9.843494 0.7700000  3.5503 -4.8306 20.232 19.398 18.984 18.150 18.442 17.781 17.345 16.909 16.996 16.338 16.190 15.800 15.841
