#   log(t)       Mwd   log(Teff)log(L/Lo) F435W F475  F502N  F550M  F555W  F606W  F625W  F658N  F660N  F775W  F814W  F850LP F892N
    6.394002 0.6100000  4.8286  0.6559  7.428  7.703  7.582  7.930  7.903  7.940  7.915  7.773  7.845  8.055  8.105  8.417  8.397
    6.396852 0.6100000  4.8261  0.6442  7.449  7.722  7.605  7.950  7.923  7.959  7.936  7.794  7.866  8.077  8.127  8.436  8.417
    6.399580 0.6100000  4.8230  0.6327  7.473  7.743  7.631  7.970  7.943  7.979  7.958  7.817  7.890  8.099  8.149  8.456  8.437
    6.402429 0.6100000  4.8206  0.6213  7.493  7.763  7.654  7.989  7.961  7.998  7.978  7.837  7.911  8.120  8.170  8.475  8.456
    6.405404 0.6100000  4.8180  0.6094  7.515  7.783  7.677  8.009  7.981  8.018  7.999  7.859  7.933  8.142  8.191  8.495  8.477
    6.408376 0.6100000  4.8155  0.5976  7.536  7.802  7.700  8.029  8.000  8.038  8.020  7.880  7.955  8.164  8.213  8.514  8.497
    6.411374 0.6100000  4.8130  0.5858  7.557  7.822  7.724  8.049  8.020  8.057  8.041  7.901  7.976  8.186  8.235  8.534  8.517
    6.414401 0.6100000  4.8105  0.5740  7.579  7.842  7.747  8.068  8.039  8.077  8.062  7.922  7.998  8.208  8.256  8.554  8.537
    6.417457 0.6100000  4.8079  0.5622  7.600  7.862  7.770  8.088  8.059  8.097  8.083  7.943  8.020  8.230  8.278  8.573  8.557
    6.420541 0.6100000  4.8054  0.5503  7.621  7.882  7.793  8.108  8.078  8.116  8.104  7.965  8.042  8.252  8.299  8.593  8.577
    6.423648 0.6100000  4.8029  0.5385  7.643  7.902  7.817  8.128  8.098  8.136  8.125  7.986  8.064  8.273  8.321  8.613  8.597
    6.426780 0.6100000  4.8003  0.5267  7.664  7.922  7.840  8.147  8.117  8.156  8.146  8.007  8.085  8.295  8.342  8.632  8.617
    6.429941 0.6100000  4.7978  0.5149  7.686  7.942  7.863  8.167  8.136  8.175  8.167  8.028  8.107  8.317  8.363  8.652  8.637
    6.433135 0.6100000  4.7953  0.5031  7.707  7.962  7.887  8.187  8.156  8.195  8.188  8.049  8.129  8.338  8.385  8.671  8.656
    6.436358 0.6100000  4.7927  0.4913  7.729  7.982  7.910  8.206  8.175  8.214  8.209  8.071  8.151  8.360  8.406  8.691  8.676
    6.439610 0.6100000  4.7902  0.4795  7.750  8.002  7.933  8.226  8.195  8.234  8.230  8.092  8.172  8.381  8.427  8.710  8.696
    6.442881 0.6100000  4.7876  0.4676  7.772  8.022  7.957  8.246  8.214  8.254  8.251  8.113  8.194  8.403  8.449  8.730  8.716
    6.446173 0.6100000  4.7851  0.4558  7.793  8.042  7.980  8.265  8.233  8.273  8.272  8.134  8.216  8.425  8.470  8.749  8.736
    6.449483 0.6100000  4.7825  0.4440  7.815  8.062  8.003  8.285  8.253  8.293  8.292  8.155  8.238  8.446  8.491  8.768  8.756
    6.452822 0.6100000  4.7799  0.4322  7.836  8.082  8.027  8.305  8.272  8.313  8.313  8.177  8.259  8.467  8.513  8.788  8.775
    6.456191 0.6100000  4.7774  0.4204  7.858  8.102  8.050  8.324  8.292  8.332  8.334  8.198  8.281  8.489  8.534  8.807  8.795
    6.459581 0.6100000  4.7748  0.4086  7.879  8.122  8.073  8.344  8.311  8.352  8.355  8.219  8.303  8.510  8.555  8.826  8.815
    6.463009 0.6100000  4.7723  0.3968  7.901  8.142  8.097  8.363  8.330  8.371  8.376  8.240  8.324  8.531  8.576  8.845  8.834
    6.466463 0.6100000  4.7697  0.3849  7.923  8.162  8.120  8.383  8.350  8.391  8.397  8.261  8.346  8.553  8.597  8.865  8.854
    6.469943 0.6100000  4.7671  0.3731  7.944  8.182  8.143  8.403  8.369  8.410  8.417  8.282  8.368  8.574  8.618  8.884  8.873
    6.473438 0.6100000  4.7645  0.3613  7.966  8.202  8.166  8.422  8.388  8.430  8.438  8.303  8.389  8.595  8.639  8.903  8.893
    6.476968 0.6100000  4.7620  0.3495  7.987  8.222  8.189  8.442  8.408  8.449  8.459  8.324  8.411  8.616  8.660  8.922  8.912
    6.480520 0.6100000  4.7594  0.3376  8.009  8.243  8.213  8.461  8.427  8.469  8.480  8.345  8.432  8.638  8.681  8.941  8.932
    6.484092 0.6100000  4.7568  0.3258  8.030  8.263  8.236  8.481  8.446  8.489  8.500  8.366  8.454  8.659  8.702  8.960  8.951
    6.487685 0.6100000  4.7542  0.3140  8.052  8.282  8.259  8.500  8.465  8.508  8.521  8.387  8.475  8.680  8.723  8.979  8.971
    6.491300 0.6100000  4.7516  0.3022  8.073  8.302  8.282  8.519  8.485  8.527  8.541  8.408  8.496  8.700  8.743  8.998  8.990
    6.494938 0.6100000  4.7490  0.2903  8.095  8.323  8.305  8.539  8.504  8.547  8.562  8.429  8.518  8.721  8.764  9.017  9.009
    6.498601 0.6100000  4.7464  0.2785  8.117  8.342  8.328  8.558  8.523  8.566  8.582  8.450  8.539  8.742  8.785  9.036  9.028
    6.502278 0.6100000  4.7438  0.2667  8.138  8.362  8.351  8.578  8.542  8.586  8.603  8.471  8.560  8.763  8.805  9.054  9.047
    6.505989 0.6100000  4.7412  0.2549  8.160  8.382  8.374  8.597  8.561  8.605  8.623  8.492  8.581  8.784  8.826  9.073  9.067
    6.509723 0.6100000  4.7386  0.2431  8.181  8.402  8.397  8.616  8.580  8.624  8.644  8.512  8.602  8.804  8.846  9.091  9.086
    6.513484 0.6100000  4.7360  0.2312  8.203  8.422  8.420  8.635  8.599  8.643  8.664  8.533  8.624  8.825  8.867  9.110  9.105
    6.517264 0.6100000  4.7334  0.2194  8.224  8.442  8.443  8.654  8.618  8.663  8.684  8.554  8.645  8.845  8.887  9.129  9.124
    6.521066 0.6100000  4.7307  0.2076  8.245  8.462  8.466  8.674  8.637  8.682  8.705  8.574  8.666  8.866  8.907  9.147  9.142
    6.524885 0.6100000  4.7281  0.1957  8.267  8.482  8.488  8.693  8.656  8.701  8.725  8.595  8.687  8.886  8.928  9.166  9.161
    6.528719 0.6100000  4.7255  0.1839  8.288  8.502  8.511  8.712  8.675  8.720  8.745  8.615  8.707  8.906  8.948  9.184  9.180
    6.532569 0.6100000  4.7229  0.1721  8.309  8.521  8.534  8.731  8.694  8.739  8.765  8.636  8.728  8.927  8.968  9.202  9.199
    6.536451 0.6100000  4.7202  0.1602  8.331  8.541  8.556  8.750  8.713  8.758  8.785  8.656  8.749  8.947  8.988  9.220  9.217
    6.540352 0.6100000  4.7176  0.1484  8.352  8.561  8.579  8.769  8.732  8.777  8.805  8.677  8.770  8.967  9.008  9.238  9.236
    6.544273 0.6100000  4.7149  0.1366  8.373  8.580  8.601  8.788  8.750  8.796  8.825  8.697  8.790  8.987  9.028  9.256  9.254
    6.548210 0.6100000  4.7123  0.1247  8.395  8.600  8.624  8.806  8.769  8.815  8.845  8.717  8.811  9.007  9.048  9.275  9.273
    6.552160 0.6100000  4.7096  0.1128  8.416  8.620  8.646  8.825  8.788  8.834  8.865  8.737  8.832  9.027  9.067  9.293  9.291
    6.556118 0.6100000  4.7069  0.1010  8.437  8.639  8.669  8.844  8.807  8.853  8.885  8.757  8.852  9.047  9.087  9.310  9.310
    6.560082 0.6100000  4.7042  0.0892  8.458  8.659  8.691  8.863  8.825  8.871  8.905  8.777  8.872  9.066  9.106  9.328  9.328
    6.564075 0.6100000  4.7016  0.0774  8.479  8.678  8.713  8.881  8.843  8.890  8.924  8.797  8.892  9.086  9.126  9.346  9.346
    6.568097 0.6100000  4.6989  0.0656  8.500  8.698  8.735  8.900  8.862  8.908  8.944  8.817  8.913  9.105  9.145  9.363  9.364
    6.572146 0.6100000  4.6962  0.0537  8.521  8.717  8.757  8.918  8.880  8.927  8.963  8.837  8.933  9.125  9.164  9.381  9.382
    6.576225 0.6100000  4.6935  0.0419  8.542  8.736  8.779  8.936  8.899  8.946  8.983  8.857  8.953  9.144  9.184  9.398  9.400
    6.580334 0.6100000  4.6908  0.0302  8.562  8.755  8.801  8.955  8.917  8.964  9.002  8.876  8.973  9.163  9.202  9.415  9.417
    6.584475 0.6100000  4.6882  0.0184  8.583  8.774  8.822  8.973  8.935  8.982  9.021  8.896  8.992  9.182  9.221  9.433  9.435
    6.588649 0.6100000  4.6855  0.0066  8.603  8.794  8.844  8.991  8.953  9.000  9.040  8.915  9.012  9.201  9.240  9.450  9.452
    6.592864 0.6100000  4.6828 -0.0052  8.624  8.813  8.866  9.009  8.971  9.019  9.059  8.935  9.032  9.220  9.259  9.467  9.470
    6.597112 0.6100000  4.6801 -0.0170  8.645  8.832  8.887  9.027  8.989  9.037  9.078  8.954  9.051  9.239  9.278  9.484  9.487
    6.601390 0.6100000  4.6774 -0.0288  8.665  8.851  8.909  9.045  9.007  9.055  9.097  8.973  9.071  9.258  9.297  9.501  9.505
    6.605699 0.6100000  4.6748 -0.0406  8.685  8.870  8.930  9.063  9.025  9.073  9.116  8.992  9.090  9.276  9.315  9.518  9.522
    6.610044 0.6100000  4.6721 -0.0524  8.706  8.888  8.951  9.081  9.043  9.091  9.135  9.011  9.110  9.295  9.334  9.535  9.539
    6.614415 0.6100000  4.6694 -0.0641  8.726  8.907  8.972  9.099  9.060  9.109  9.153  9.030  9.129  9.313  9.352  9.551  9.556
    6.618831 0.6100000  4.6667 -0.0759  8.746  8.926  8.993  9.117  9.078  9.127  9.172  9.049  9.148  9.332  9.370  9.568  9.573
    6.623282 0.6100000  4.6640 -0.0877  8.766  8.945  9.014  9.134  9.096  9.144  9.191  9.068  9.167  9.350  9.388  9.585  9.590
    6.627765 0.6100000  4.6613 -0.0995  8.786  8.963  9.035  9.152  9.113  9.162  9.209  9.087  9.186  9.368  9.407  9.601  9.607
    6.632287 0.6100000  4.6586 -0.1113  8.806  8.982  9.056  9.169  9.131  9.180  9.228  9.105  9.205  9.387  9.425  9.618  9.624
    6.636835 0.6100000  4.6559 -0.1231  8.826  9.000  9.077  9.187  9.148  9.197  9.246  9.124  9.224  9.405  9.443  9.634  9.641
    6.641430 0.6100000  4.6533 -0.1348  8.846  9.019  9.098  9.204  9.166  9.215  9.264  9.142  9.243  9.423  9.460  9.650  9.657
    6.646061 0.6100000  4.6506 -0.1466  8.866  9.037  9.118  9.222  9.183  9.232  9.282  9.161  9.261  9.440  9.478  9.666  9.674
    6.650730 0.6100000  4.6479 -0.1584  8.886  9.055  9.139  9.239  9.200  9.250  9.300  9.179  9.280  9.458  9.496  9.682  9.691
    6.655434 0.6100000  4.6452 -0.1701  8.905  9.074  9.159  9.256  9.218  9.267  9.318  9.197  9.298  9.476  9.513  9.698  9.707
    6.660194 0.6100000  4.6425 -0.1819  8.925  9.092  9.179  9.273  9.235  9.284  9.336  9.216  9.317  9.493  9.531  9.714  9.723
    6.664992 0.6100000  4.6398 -0.1937  8.945  9.110  9.200  9.290  9.252  9.301  9.354  9.234  9.335  9.511  9.548  9.730  9.740
    6.669830 0.6100000  4.6371 -0.2054  8.964  9.128  9.219  9.307  9.269  9.318  9.372  9.252  9.353  9.528  9.565  9.746  9.756
    6.674707 0.6100000  4.6345 -0.2172  8.984  9.146  9.240  9.324  9.286  9.336  9.389  9.270  9.371  9.546  9.583  9.762  9.772
    6.679633 0.6100000  4.6318 -0.2289  9.003  9.164  9.259  9.341  9.303  9.352  9.407  9.287  9.389  9.563  9.600  9.777  9.788
    6.684614 0.6100000  4.6291 -0.2407  9.022  9.182  9.279  9.358  9.320  9.369  9.424  9.305  9.407  9.580  9.617  9.793  9.804
    6.689627 0.6100000  4.6264 -0.2525  9.041  9.200  9.299  9.375  9.336  9.386  9.442  9.323  9.425  9.597  9.634  9.809  9.820
    6.694677 0.6100000  4.6237 -0.2643  9.060  9.218  9.319  9.391  9.353  9.403  9.459  9.340  9.443  9.614  9.651  9.824  9.835
    6.699761 0.6100000  4.6210 -0.2759  9.079  9.235  9.338  9.408  9.369  9.419  9.476  9.357  9.460  9.631  9.667  9.839  9.851
    6.704921 0.6100000  4.6184 -0.2877  9.098  9.253  9.358  9.424  9.386  9.436  9.494  9.375  9.478  9.647  9.684  9.854  9.866
    6.710149 0.6100000  4.6156 -0.2994  9.117  9.270  9.377  9.441  9.403  9.453  9.511  9.392  9.495  9.664  9.700  9.869  9.882
    6.715415 0.6100000  4.6130 -0.3112  9.136  9.288  9.396  9.457  9.419  9.469  9.528  9.409  9.513  9.681  9.717  9.885  9.897
    6.720720 0.6100000  4.6103 -0.3229  9.155  9.305  9.415  9.473  9.435  9.485  9.544  9.426  9.530  9.697  9.733  9.900  9.912
    6.726069 0.6100000  4.6076 -0.3347  9.173  9.323  9.434  9.490  9.452  9.502  9.561  9.443  9.547  9.713  9.749  9.915  9.928
    6.731479 0.6100000  4.6049 -0.3464  9.192  9.340  9.453  9.506  9.468  9.518  9.578  9.460  9.564  9.729  9.765  9.929  9.943
    6.736962 0.6100000  4.6022 -0.3580  9.210  9.357  9.472  9.521  9.484  9.534  9.594  9.477  9.581  9.745  9.781  9.944  9.958
    6.742519 0.6100000  4.5995 -0.3698  9.229  9.374  9.490  9.538  9.500  9.550  9.611  9.493  9.598  9.762  9.797  9.959  9.973
    6.748138 0.6100000  4.5969 -0.3815  9.247  9.391  9.509  9.553  9.516  9.566  9.627  9.510  9.615  9.777  9.813  9.973  9.988
    6.753820 0.6100000  4.5942 -0.3932  9.265  9.408  9.527  9.569  9.532  9.582  9.644  9.526  9.631  9.793  9.829  9.988 10.002
    6.759575 0.6100000  4.5915 -0.4048  9.283  9.425  9.546  9.585  9.547  9.598  9.660  9.542  9.648  9.809  9.844 10.002 10.017
    6.765416 0.6100000  4.5888 -0.4165  9.301  9.441  9.564  9.600  9.563  9.613  9.676  9.559  9.664  9.824  9.859 10.016 10.031
    6.771326 0.6100000  4.5861 -0.4283  9.319  9.458  9.582  9.616  9.579  9.629  9.692  9.575  9.680  9.840  9.875 10.030 10.046
    6.777295 0.6100000  4.5835 -0.4399  9.337  9.475  9.600  9.631  9.594  9.645  9.708  9.591  9.696  9.855  9.890 10.044 10.060
    6.783345 0.6100000  4.5808 -0.4516  9.354  9.491  9.618  9.647  9.610  9.660  9.724  9.607  9.713  9.870  9.905 10.058 10.074
    6.789473 0.6100000  4.5781 -0.4633  9.372  9.508  9.636  9.662  9.625  9.676  9.739  9.623  9.729  9.886  9.920 10.072 10.089
    6.795672 0.6100000  4.5754 -0.4750  9.390  9.524  9.654  9.677  9.641  9.691  9.755  9.639  9.745  9.901  9.935 10.086 10.103
    6.801943 0.6100000  4.5728 -0.4867  9.407  9.541  9.671  9.692  9.656  9.706  9.771  9.654  9.760  9.916  9.950 10.100 10.117
    6.808291 0.6100000  4.5701 -0.4984  9.425  9.557  9.689  9.708  9.671  9.721  9.786  9.670  9.776  9.931  9.965 10.114 10.131
    6.814718 0.6100000  4.5674 -0.5101  9.442  9.573  9.706  9.723  9.687  9.737  9.802  9.685  9.792  9.945  9.980 10.127 10.145
    6.821211 0.6100000  4.5647 -0.5218  9.459  9.589  9.724  9.737  9.702  9.752  9.817  9.701  9.807  9.960  9.994 10.141 10.158
    6.827763 0.6100000  4.5620 -0.5335  9.476  9.605  9.741  9.752  9.717  9.766  9.832  9.716  9.823  9.975 10.009 10.154 10.172
    6.834378 0.6100000  4.5593 -0.5452  9.494  9.621  9.758  9.767  9.731  9.781  9.847  9.731  9.838  9.989 10.023 10.167 10.185
    6.841059 0.6100000  4.5566 -0.5569  9.511  9.637  9.775  9.781  9.746  9.796  9.862  9.746  9.853 10.003 10.037 10.180 10.199
    6.847813 0.6100000  4.5539 -0.5686  9.527  9.653  9.792  9.796  9.761  9.811  9.877  9.761  9.868 10.018 10.051 10.194 10.212
    6.854643 0.6100000  4.5512 -0.5803  9.544  9.668  9.808  9.810  9.776  9.825  9.891  9.776  9.883 10.032 10.065 10.207 10.225
    6.861536 0.6100000  4.5485 -0.5920  9.561  9.684  9.825  9.825  9.790  9.839  9.906  9.790  9.898 10.045 10.079 10.219 10.238
    6.868464 0.6100000  4.5458 -0.6037  9.577  9.699  9.841  9.839  9.804  9.854  9.920  9.804  9.912 10.059 10.093 10.232 10.251
    6.875450 0.6100000  4.5430 -0.6154  9.593  9.714  9.857  9.853  9.819  9.868  9.935  9.819  9.927 10.073 10.106 10.244 10.264
    6.882523 0.6100000  4.5403 -0.6270  9.610  9.729  9.873  9.867  9.833  9.882  9.949  9.833  9.941 10.086 10.120 10.257 10.276
    6.889689 0.6100000  4.5376 -0.6387  9.626  9.745  9.889  9.880  9.847  9.896  9.963  9.847  9.955 10.100 10.133 10.269 10.289
    6.896942 0.6100000  4.5349 -0.6503  9.642  9.759  9.905  9.894  9.861  9.909  9.977  9.861  9.969 10.113 10.146 10.281 10.301
    6.904294 0.6100000  4.5322 -0.6620  9.658  9.774  9.921  9.908  9.875  9.923  9.991  9.875  9.983 10.126 10.159 10.294 10.314
    6.911736 0.6100000  4.5295 -0.6736  9.673  9.789  9.936  9.921  9.888  9.937 10.004  9.888  9.997 10.139 10.172 10.306 10.326
    6.919274 0.6100000  4.5268 -0.6852  9.689  9.804  9.952  9.935  9.902  9.950 10.018  9.902 10.011 10.152 10.185 10.317 10.338
    6.926943 0.6100000  4.5241 -0.6968  9.705  9.818  9.967  9.948  9.916  9.964 10.031  9.915 10.024 10.165 10.197 10.329 10.350
    6.934761 0.6100000  4.5214 -0.7084  9.720  9.833  9.982  9.961  9.929  9.977 10.045  9.929 10.038 10.177 10.210 10.341 10.362
    6.942719 0.6100000  4.5187 -0.7199  9.735  9.847  9.997  9.974  9.942  9.990 10.058  9.942 10.051 10.190 10.222 10.353 10.373
    6.950824 0.6100000  4.5160 -0.7315  9.751  9.861 10.012  9.987  9.956 10.004 10.071  9.955 10.064 10.202 10.235 10.364 10.385
    6.959076 0.6100000  4.5133 -0.7431  9.766  9.876 10.027 10.000  9.969 10.017 10.084  9.968 10.077 10.215 10.247 10.376 10.397
    6.967461 0.6100000  4.5106 -0.7547  9.781  9.890 10.042 10.013  9.982 10.030 10.097  9.981 10.091 10.227 10.259 10.387 10.408
    6.975979 0.6100000  4.5079 -0.7662  9.796  9.904 10.056 10.026  9.995 10.042 10.110  9.994 10.103 10.239 10.271 10.398 10.419
    6.984640 0.6100000  4.5052 -0.7778  9.811  9.918 10.071 10.039 10.008 10.055 10.123 10.007 10.116 10.251 10.283 10.409 10.431
    6.993435 0.6100000  4.5025 -0.7894  9.826  9.932 10.085 10.051 10.021 10.068 10.135 10.019 10.129 10.263 10.295 10.421 10.442
    7.002385 0.6100000  4.4999 -0.8009  9.840  9.945 10.099 10.064 10.034 10.081 10.148 10.032 10.141 10.275 10.306 10.432 10.453
    7.011485 0.6100000  4.4972 -0.8125  9.855  9.959 10.114 10.076 10.047 10.093 10.160 10.044 10.154 10.286 10.318 10.443 10.464
    7.020724 0.6100000  4.4945 -0.8240  9.869  9.973 10.128 10.088 10.059 10.106 10.173 10.056 10.166 10.298 10.329 10.453 10.475
    7.030133 0.6100000  4.4918 -0.8355  9.884  9.986 10.141 10.101 10.072 10.118 10.185 10.068 10.179 10.309 10.341 10.464 10.486
    7.039821 0.6100000  4.4892 -0.8469  9.898  9.999 10.155 10.113 10.084 10.130 10.197 10.080 10.190 10.321 10.352 10.475 10.496
    7.049722 0.6100000  4.4865 -0.8585  9.912 10.013 10.169 10.125 10.096 10.142 10.209 10.092 10.203 10.332 10.363 10.485 10.507
    7.059781 0.6100000  4.4838 -0.8700  9.926 10.026 10.182 10.137 10.108 10.154 10.221 10.104 10.214 10.343 10.374 10.495 10.517
    7.069982 0.6100000  4.4811 -0.8816  9.940 10.039 10.196 10.149 10.121 10.166 10.232 10.115 10.226 10.354 10.385 10.506 10.528
    7.080315 0.6100000  4.4784 -0.8931  9.953 10.052 10.209 10.160 10.133 10.178 10.244 10.127 10.238 10.365 10.396 10.516 10.538
    7.090800 0.6100000  4.4757 -0.9046  9.967 10.065 10.222 10.172 10.145 10.190 10.256 10.138 10.249 10.375 10.406 10.526 10.548
    7.101534 0.6100000  4.4731 -0.9161  9.981 10.078 10.235 10.183 10.157 10.201 10.267 10.150 10.261 10.386 10.417 10.536 10.558
    7.112437 0.6100000  4.4704 -0.9277  9.994 10.090 10.248 10.195 10.168 10.213 10.278 10.161 10.272 10.397 10.427 10.546 10.568
    7.123463 0.6100000  4.4677 -0.9393 10.008 10.103 10.260 10.206 10.180 10.224 10.290 10.172 10.283 10.407 10.438 10.556 10.578
    7.134583 0.6100000  4.4650 -0.9509 10.021 10.116 10.273 10.217 10.192 10.236 10.301 10.183 10.294 10.417 10.448 10.566 10.588
    7.145794 0.6100000  4.4622 -0.9625 10.034 10.128 10.285 10.229 10.203 10.247 10.312 10.194 10.305 10.427 10.458 10.575 10.597
    7.157085 0.6100000  4.4595 -0.9741 10.047 10.140 10.298 10.240 10.215 10.258 10.323 10.204 10.316 10.438 10.468 10.585 10.607
    7.168478 0.6100000  4.4568 -0.9857 10.060 10.153 10.310 10.251 10.226 10.269 10.333 10.215 10.326 10.447 10.478 10.594 10.616
    7.179931 0.6100000  4.4541 -0.9973 10.073 10.165 10.322 10.261 10.237 10.280 10.344 10.225 10.337 10.457 10.487 10.603 10.625
    7.191476 0.6100000  4.4514 -1.0089 10.086 10.177 10.334 10.272 10.248 10.291 10.354 10.236 10.347 10.467 10.497 10.613 10.635
    7.203104 0.6100000  4.4486 -1.0205 10.098 10.189 10.346 10.283 10.259 10.301 10.365 10.246 10.358 10.476 10.506 10.622 10.644
    7.214813 0.6100000  4.4459 -1.0321 10.111 10.200 10.357 10.293 10.270 10.312 10.375 10.256 10.368 10.486 10.516 10.630 10.652
    7.226605 0.6100000  4.4432 -1.0437 10.123 10.212 10.369 10.303 10.281 10.322 10.385 10.266 10.378 10.495 10.525 10.639 10.661
    7.238502 0.6100000  4.4405 -1.0553 10.135 10.223 10.380 10.314 10.291 10.333 10.395 10.275 10.387 10.504 10.534 10.648 10.670
    7.250483 0.6100000  4.4377 -1.0668 10.147 10.235 10.391 10.323 10.302 10.343 10.404 10.285 10.397 10.513 10.542 10.656 10.678
    7.262581 0.6100000  4.4350 -1.0784 10.159 10.246 10.402 10.333 10.312 10.353 10.414 10.294 10.406 10.522 10.551 10.665 10.686
    7.274765 0.6100000  4.4322 -1.0900 10.171 10.257 10.413 10.343 10.322 10.363 10.424 10.303 10.416 10.530 10.560 10.673 10.695
    7.287053 0.6100000  4.4295 -1.1015 10.182 10.268 10.423 10.353 10.332 10.372 10.433 10.312 10.425 10.539 10.568 10.681 10.703
    7.299484 0.6100000  4.4268 -1.1131 10.193 10.279 10.434 10.363 10.343 10.382 10.442 10.321 10.434 10.547 10.576 10.689 10.711
    7.312013 0.6100000  4.4240 -1.1246 10.205 10.290 10.444 10.372 10.352 10.392 10.451 10.330 10.443 10.555 10.584 10.697 10.718
    7.324682 0.6100000  4.4213 -1.1361 10.216 10.300 10.454 10.381 10.362 10.401 10.460 10.339 10.451 10.563 10.592 10.705 10.726
    7.337487 0.6100000  4.4185 -1.1477 10.227 10.311 10.464 10.390 10.372 10.410 10.469 10.347 10.460 10.571 10.600 10.712 10.734
    7.350399 0.6100000  4.4158 -1.1592 10.238 10.321 10.474 10.399 10.381 10.419 10.478 10.356 10.469 10.579 10.608 10.720 10.741
    7.363461 0.6100000  4.4131 -1.1708 10.248 10.331 10.483 10.408 10.390 10.428 10.486 10.364 10.477 10.586 10.615 10.727 10.748
    7.376626 0.6100000  4.4103 -1.1823 10.257 10.339 10.492 10.416 10.398 10.436 10.493 10.371 10.484 10.593 10.622 10.734 10.755
    7.389915 0.6100000  4.4076 -1.1938 10.266 10.348 10.501 10.423 10.406 10.444 10.501 10.378 10.491 10.600 10.629 10.740 10.761
    7.403352 0.6100000  4.4048 -1.2054 10.275 10.357 10.509 10.431 10.414 10.451 10.508 10.385 10.498 10.607 10.635 10.746 10.767
    7.416841 0.6100000  4.4021 -1.2169 10.284 10.365 10.517 10.438 10.422 10.458 10.515 10.392 10.505 10.613 10.641 10.752 10.773
    7.430433 0.6100000  4.3993 -1.2284 10.292 10.372 10.524 10.445 10.429 10.465 10.521 10.398 10.512 10.619 10.647 10.758 10.779
    7.444149 0.6100000  4.3965 -1.2400 10.300 10.380 10.532 10.452 10.436 10.472 10.528 10.405 10.518 10.625 10.653 10.764 10.785
    7.457920 0.6100000  4.3938 -1.2516 10.307 10.387 10.539 10.458 10.443 10.479 10.534 10.411 10.524 10.631 10.659 10.769 10.791
    7.471787 0.6100000  4.3910 -1.2631 10.314 10.394 10.546 10.464 10.449 10.485 10.540 10.417 10.530 10.636 10.665 10.775 10.796
    7.485710 0.6100000  4.3883 -1.2747 10.322 10.401 10.553 10.470 10.455 10.491 10.546 10.423 10.536 10.642 10.670 10.780 10.801
    7.499705 0.6100000  4.3855 -1.2863 10.328 10.408 10.560 10.476 10.462 10.497 10.551 10.428 10.541 10.647 10.675 10.785 10.806
    7.513736 0.6100000  4.3827 -1.2979 10.335 10.414 10.566 10.482 10.467 10.503 10.557 10.434 10.547 10.652 10.680 10.789 10.811
    7.527809 0.6100000  4.3800 -1.3095 10.341 10.420 10.572 10.487 10.473 10.508 10.562 10.439 10.552 10.657 10.685 10.794 10.816
    7.541906 0.6100000  4.3772 -1.3211 10.348 10.427 10.578 10.493 10.479 10.514 10.568 10.444 10.557 10.662 10.690 10.799 10.821
    7.556012 0.6100000  4.3744 -1.3327 10.354 10.433 10.584 10.498 10.485 10.519 10.573 10.450 10.563 10.667 10.695 10.804 10.826
    7.570112 0.6100000  4.3717 -1.3443 10.361 10.439 10.590 10.504 10.491 10.525 10.578 10.455 10.568 10.672 10.700 10.808 10.830
    7.584210 0.6100000  4.3689 -1.3560 10.367 10.445 10.596 10.510 10.496 10.531 10.584 10.460 10.573 10.677 10.705 10.813 10.835
    7.598273 0.6100000  4.3661 -1.3676 10.373 10.451 10.602 10.515 10.502 10.536 10.589 10.465 10.578 10.681 10.709 10.817 10.839
    7.612310 0.6100000  4.3633 -1.3792 10.379 10.457 10.608 10.520 10.507 10.541 10.594 10.470 10.583 10.686 10.714 10.822 10.844
    7.626335 0.6100000  4.3606 -1.3909 10.385 10.462 10.613 10.525 10.513 10.546 10.599 10.475 10.588 10.690 10.718 10.826 10.848
    7.640325 0.6100000  4.3578 -1.4026 10.391 10.468 10.619 10.530 10.518 10.552 10.604 10.480 10.593 10.695 10.723 10.830 10.853
    7.654254 0.6100000  4.3550 -1.4142 10.397 10.473 10.624 10.535 10.523 10.556 10.608 10.484 10.597 10.699 10.727 10.835 10.857
    7.668121 0.6100000  4.3522 -1.4259 10.402 10.479 10.629 10.540 10.528 10.561 10.613 10.489 10.602 10.703 10.731 10.839 10.861
    7.681900 0.6100000  4.3495 -1.4376 10.407 10.484 10.634 10.545 10.533 10.566 10.617 10.493 10.606 10.707 10.735 10.843 10.865
    7.695583 0.6100000  4.3467 -1.4493 10.413 10.489 10.638 10.549 10.537 10.571 10.622 10.497 10.610 10.711 10.739 10.847 10.869
    7.709187 0.6100000  4.3439 -1.4610 10.418 10.494 10.643 10.554 10.542 10.575 10.626 10.501 10.614 10.715 10.743 10.850 10.872
    7.722703 0.6100000  4.3411 -1.4728 10.425 10.500 10.649 10.560 10.548 10.581 10.632 10.507 10.620 10.721 10.748 10.855 10.877
    7.736110 0.6100000  4.3383 -1.4845 10.433 10.509 10.657 10.568 10.556 10.589 10.639 10.514 10.627 10.727 10.755 10.862 10.884
    7.749430 0.6100000  4.3355 -1.4962 10.442 10.517 10.665 10.576 10.564 10.596 10.646 10.521 10.634 10.734 10.762 10.868 10.890
    7.762648 0.6100000  4.3327 -1.5080 10.451 10.526 10.673 10.584 10.573 10.605 10.654 10.528 10.641 10.741 10.769 10.875 10.897
    7.775736 0.6100000  4.3299 -1.5197 10.461 10.536 10.682 10.593 10.581 10.613 10.662 10.536 10.649 10.748 10.776 10.882 10.904
    7.788733 0.6100000  4.3271 -1.5314 10.471 10.545 10.691 10.601 10.590 10.622 10.670 10.544 10.657 10.756 10.783 10.889 10.911
    7.801622 0.6100000  4.3243 -1.5432 10.481 10.555 10.700 10.611 10.600 10.631 10.679 10.552 10.665 10.764 10.791 10.897 10.918
    7.814367 0.6100000  4.3215 -1.5550 10.492 10.565 10.710 10.620 10.609 10.640 10.688 10.561 10.673 10.772 10.799 10.904 10.926
    7.827017 0.6100000  4.3187 -1.5667 10.502 10.576 10.719 10.630 10.619 10.650 10.697 10.569 10.682 10.780 10.807 10.912 10.934
    7.839545 0.6100000  4.3158 -1.5785 10.514 10.587 10.730 10.640 10.629 10.659 10.706 10.578 10.690 10.789 10.816 10.920 10.942
    7.851932 0.6100000  4.3130 -1.5903 10.525 10.598 10.740 10.650 10.640 10.670 10.716 10.587 10.700 10.798 10.824 10.929 10.950
    7.864200 0.6100000  4.3102 -1.6021 10.537 10.610 10.751 10.661 10.651 10.680 10.726 10.597 10.709 10.807 10.833 10.937 10.959
    7.876344 0.6100000  4.3073 -1.6139 10.550 10.622 10.762 10.672 10.662 10.691 10.736 10.607 10.719 10.816 10.843 10.946 10.968
    7.888360 0.6100000  4.3045 -1.6257 10.562 10.634 10.773 10.684 10.674 10.702 10.747 10.616 10.729 10.826 10.852 10.955 10.977
    7.900256 0.6100000  4.3017 -1.6375 10.575 10.646 10.784 10.695 10.685 10.714 10.758 10.627 10.739 10.836 10.862 10.965 10.986
    7.912024 0.6100000  4.2988 -1.6493 10.588 10.659 10.796 10.707 10.697 10.725 10.768 10.637 10.749 10.845 10.871 10.974 10.995
    7.923693 0.6100000  4.2960 -1.6610 10.600 10.671 10.807 10.718 10.709 10.736 10.779 10.647 10.759 10.855 10.881 10.983 11.004
    7.935262 0.6100000  4.2931 -1.6729 10.613 10.683 10.818 10.730 10.721 10.748 10.790 10.657 10.769 10.865 10.891 10.993 11.014
    7.946685 0.6100000  4.2903 -1.6847 10.626 10.696 10.830 10.742 10.733 10.759 10.801 10.668 10.779 10.876 10.901 11.003 11.024
    7.958004 0.6100000  4.2875 -1.6965 10.639 10.709 10.841 10.755 10.745 10.771 10.812 10.678 10.790 10.886 10.911 11.013 11.034
    7.969207 0.6100000  4.2846 -1.7083 10.653 10.722 10.853 10.767 10.758 10.783 10.824 10.689 10.800 10.897 10.922 11.023 11.044
    7.980282 0.6100000  4.2818 -1.7201 10.666 10.736 10.865 10.780 10.771 10.796 10.835 10.700 10.811 10.907 10.932 11.033 11.054
    7.991264 0.6100000  4.2789 -1.7319 10.680 10.749 10.877 10.793 10.784 10.808 10.847 10.711 10.822 10.918 10.943 11.044 11.064
    8.002143 0.6100000  4.2761 -1.7438 10.695 10.763 10.890 10.806 10.797 10.821 10.859 10.723 10.834 10.930 10.955 11.055 11.075
    8.012909 0.6100000  4.2732 -1.7556 10.709 10.777 10.902 10.820 10.811 10.834 10.872 10.735 10.845 10.941 10.966 11.065 11.086
    8.023564 0.6100000  4.2703 -1.7674 10.723 10.791 10.915 10.833 10.824 10.847 10.884 10.746 10.856 10.953 10.977 11.076 11.097
    8.034118 0.6100000  4.2675 -1.7792 10.738 10.806 10.927 10.847 10.838 10.861 10.897 10.758 10.868 10.964 10.989 11.088 11.109
    8.044573 0.6100000  4.2646 -1.7911 10.753 10.821 10.941 10.862 10.853 10.874 10.910 10.770 10.880 10.977 11.001 11.099 11.120
    8.054932 0.6100000  4.2617 -1.8029 10.768 10.836 10.954 10.876 10.867 10.888 10.923 10.783 10.892 10.989 11.013 11.111 11.132
    8.065197 0.6100000  4.2589 -1.8147 10.783 10.851 10.967 10.890 10.881 10.902 10.936 10.795 10.904 11.001 11.025 11.123 11.144
    8.075379 0.6100000  4.2560 -1.8265 10.799 10.866 10.981 10.905 10.896 10.916 10.950 10.808 10.917 11.014 11.038 11.135 11.156
    8.085474 0.6100000  4.2531 -1.8383 10.814 10.881 10.994 10.920 10.911 10.931 10.963 10.820 10.929 11.026 11.050 11.147 11.167
    8.095492 0.6100000  4.2503 -1.8502 10.830 10.897 11.007 10.935 10.926 10.945 10.976 10.833 10.942 11.039 11.062 11.159 11.179
    8.105439 0.6100000  4.2474 -1.8620 10.845 10.912 11.021 10.949 10.941 10.959 10.990 10.846 10.954 11.051 11.075 11.171 11.191
    8.115316 0.6100000  4.2446 -1.8738 10.861 10.927 11.034 10.964 10.955 10.973 11.003 10.859 10.967 11.064 11.087 11.183 11.203
    8.125110 0.6100000  4.2417 -1.8857 10.877 10.943 11.048 10.980 10.971 10.988 11.017 10.872 10.979 11.077 11.100 11.195 11.216
    8.134807 0.6100000  4.2388 -1.8975 10.893 10.959 11.062 10.995 10.986 11.003 11.031 10.885 10.992 11.090 11.113 11.208 11.228
    8.144449 0.6100000  4.2359 -1.9093 10.909 10.974 11.076 11.010 11.001 11.018 11.045 10.898 11.005 11.103 11.126 11.220 11.240
    8.154030 0.6100000  4.2331 -1.9211 10.925 10.990 11.090 11.026 11.017 11.032 11.059 10.912 11.018 11.116 11.139 11.233 11.252
    8.163546 0.6100000  4.2302 -1.9329 10.941 11.007 11.104 11.042 11.033 11.048 11.073 10.925 11.031 11.129 11.152 11.246 11.265
    8.172998 0.6100000  4.2273 -1.9447 10.958 11.022 11.118 11.057 11.048 11.062 11.087 10.938 11.044 11.142 11.165 11.258 11.277
    8.182389 0.6100000  4.2244 -1.9565 10.974 11.038 11.132 11.072 11.063 11.077 11.101 10.952 11.057 11.155 11.178 11.271 11.290
    8.191722 0.6100000  4.2216 -1.9684 10.991 11.055 11.147 11.088 11.079 11.092 11.116 10.966 11.071 11.168 11.191 11.284 11.302
    8.200996 0.6100000  4.2187 -1.9802 11.007 11.071 11.161 11.103 11.095 11.107 11.130 10.979 11.084 11.181 11.204 11.296 11.314
    8.210217 0.6100000  4.2158 -1.9920 11.023 11.087 11.176 11.119 11.110 11.122 11.144 10.993 11.097 11.194 11.217 11.308 11.327
    8.219381 0.6100000  4.2129 -2.0038 11.040 11.103 11.190 11.135 11.126 11.137 11.158 11.006 11.111 11.208 11.230 11.321 11.339
    8.228493 0.6100000  4.2101 -2.0156 11.057 11.120 11.205 11.150 11.141 11.152 11.173 11.020 11.124 11.221 11.243 11.333 11.352
    8.237552 0.6100000  4.2072 -2.0275 11.074 11.137 11.219 11.166 11.157 11.168 11.187 11.034 11.138 11.234 11.256 11.346 11.364
    8.246561 0.6100000  4.2043 -2.0393 11.091 11.153 11.234 11.182 11.173 11.183 11.202 11.048 11.151 11.247 11.269 11.359 11.377
    8.255523 0.6100000  4.2014 -2.0511 11.107 11.170 11.249 11.198 11.189 11.198 11.216 11.061 11.165 11.261 11.282 11.371 11.389
    8.264436 0.6100000  4.1986 -2.0629 11.124 11.186 11.264 11.214 11.205 11.214 11.231 11.075 11.179 11.274 11.295 11.384 11.402
    8.273305 0.6100000  4.1957 -2.0747 11.142 11.203 11.279 11.230 11.221 11.229 11.245 11.089 11.192 11.287 11.309 11.396 11.415
    8.282122 0.6100000  4.1928 -2.0866 11.159 11.220 11.294 11.246 11.237 11.245 11.260 11.104 11.207 11.301 11.322 11.409 11.427
    8.290882 0.6100000  4.1899 -2.0984 11.176 11.237 11.309 11.262 11.253 11.260 11.275 11.118 11.220 11.314 11.335 11.421 11.440
    8.299579 0.6100000  4.1870 -2.1102 11.193 11.254 11.324 11.278 11.269 11.276 11.290 11.132 11.234 11.328 11.348 11.434 11.453
    8.308229 0.6100000  4.1841 -2.1221 11.211 11.271 11.339 11.294 11.286 11.291 11.305 11.146 11.249 11.341 11.362 11.447 11.465
    8.316833 0.6100000  4.1812 -2.1339 11.229 11.288 11.355 11.310 11.302 11.307 11.319 11.160 11.263 11.355 11.375 11.459 11.478
    8.325399 0.6100000  4.1784 -2.1457 11.246 11.305 11.370 11.326 11.318 11.323 11.334 11.175 11.277 11.368 11.388 11.472 11.491
    8.333926 0.6100000  4.1755 -2.1575 11.264 11.323 11.385 11.342 11.335 11.338 11.349 11.189 11.291 11.382 11.402 11.485 11.504
    8.342415 0.6100000  4.1726 -2.1693 11.281 11.339 11.400 11.358 11.350 11.354 11.364 11.203 11.305 11.395 11.414 11.497 11.516
    8.350866 0.6100000  4.1697 -2.1812 11.299 11.357 11.416 11.374 11.367 11.369 11.378 11.217 11.318 11.408 11.427 11.509 11.528
    8.359279 0.6100000  4.1668 -2.1930 11.316 11.373 11.431 11.390 11.382 11.384 11.393 11.230 11.332 11.421 11.440 11.521 11.540
    8.367655 0.6100000  4.1639 -2.2048 11.334 11.390 11.446 11.405 11.398 11.399 11.407 11.244 11.346 11.434 11.453 11.533 11.552
    8.375997 0.6100000  4.1610 -2.2166 11.351 11.407 11.461 11.421 11.414 11.415 11.421 11.258 11.359 11.447 11.466 11.545 11.564
    8.384298 0.6100000  4.1581 -2.2285 11.369 11.424 11.477 11.437 11.430 11.430 11.436 11.272 11.373 11.460 11.479 11.557 11.576
    8.392566 0.6100000  4.1552 -2.2403 11.387 11.441 11.492 11.452 11.446 11.445 11.450 11.286 11.387 11.473 11.491 11.569 11.588
    8.400800 0.6100000  4.1523 -2.2521 11.405 11.458 11.508 11.468 11.462 11.460 11.464 11.299 11.401 11.485 11.504 11.581 11.600
    8.409001 0.6100000  4.1494 -2.2639 11.422 11.475 11.523 11.483 11.478 11.476 11.479 11.313 11.414 11.498 11.516 11.592 11.611
    8.417171 0.6100000  4.1465 -2.2757 11.440 11.492 11.539 11.499 11.494 11.491 11.493 11.327 11.428 11.511 11.529 11.604 11.623
    8.425320 0.6100000  4.1436 -2.2876 11.458 11.510 11.554 11.515 11.510 11.506 11.508 11.341 11.442 11.524 11.542 11.616 11.635
    8.433441 0.6100000  4.1407 -2.2993 11.476 11.527 11.570 11.530 11.525 11.521 11.522 11.355 11.455 11.536 11.554 11.628 11.647
    8.441553 0.6100000  4.1379 -2.3112 11.494 11.544 11.585 11.546 11.541 11.537 11.536 11.369 11.469 11.549 11.567 11.639 11.658
    8.449642 0.6100000  4.1349 -2.3230 11.512 11.561 11.601 11.561 11.557 11.552 11.550 11.382 11.483 11.562 11.579 11.651 11.670
    8.457707 0.6100000  4.1320 -2.3348 11.530 11.578 11.616 11.577 11.573 11.567 11.565 11.396 11.497 11.574 11.592 11.663 11.682
    8.465757 0.6100000  4.1292 -2.3466 11.548 11.596 11.632 11.592 11.589 11.582 11.579 11.410 11.510 11.587 11.604 11.674 11.693
    8.473798 0.6100000  4.1263 -2.3584 11.566 11.613 11.648 11.608 11.605 11.597 11.593 11.424 11.524 11.600 11.616 11.686 11.705
    8.481835 0.6100000  4.1234 -2.3702 11.584 11.630 11.663 11.623 11.621 11.612 11.607 11.438 11.538 11.612 11.629 11.697 11.716
    8.489841 0.6100000  4.1205 -2.3820 11.603 11.648 11.679 11.639 11.637 11.628 11.622 11.452 11.552 11.625 11.641 11.709 11.728
    8.497847 0.6100000  4.1176 -2.3938 11.621 11.665 11.695 11.654 11.653 11.643 11.636 11.465 11.565 11.637 11.653 11.720 11.739
    8.505840 0.6100000  4.1147 -2.4056 11.639 11.682 11.711 11.670 11.669 11.658 11.650 11.479 11.579 11.650 11.666 11.732 11.751
    8.513825 0.6100000  4.1118 -2.4174 11.658 11.700 11.727 11.686 11.685 11.673 11.664 11.493 11.593 11.662 11.678 11.743 11.762
    8.521792 0.6100000  4.1089 -2.4292 11.676 11.718 11.743 11.701 11.701 11.689 11.679 11.507 11.607 11.675 11.690 11.755 11.774
    8.529748 0.6100000  4.1060 -2.4409 11.695 11.735 11.759 11.717 11.717 11.704 11.693 11.521 11.621 11.687 11.703 11.766 11.785
    8.537701 0.6100000  4.1031 -2.4528 11.714 11.753 11.775 11.733 11.733 11.719 11.708 11.535 11.635 11.700 11.715 11.778 11.797
    8.545631 0.6100000  4.1002 -2.4645 11.733 11.771 11.791 11.748 11.750 11.735 11.722 11.549 11.649 11.713 11.727 11.789 11.808
    8.553559 0.6100000  4.0973 -2.4764 11.752 11.789 11.808 11.765 11.766 11.750 11.737 11.563 11.663 11.725 11.740 11.801 11.820
    8.561474 0.6100000  4.0944 -2.4881 11.771 11.807 11.824 11.780 11.782 11.766 11.751 11.577 11.677 11.738 11.752 11.813 11.832
    8.569380 0.6100000  4.0915 -2.4999 11.790 11.825 11.840 11.796 11.799 11.781 11.765 11.591 11.691 11.751 11.765 11.824 11.843
    8.577284 0.6100000  4.0886 -2.5117 11.810 11.843 11.857 11.812 11.815 11.797 11.780 11.605 11.705 11.764 11.777 11.836 11.855
    8.585185 0.6100000  4.0857 -2.5235 11.829 11.861 11.873 11.828 11.832 11.813 11.794 11.619 11.719 11.776 11.790 11.848 11.867
    8.593081 0.6100000  4.0828 -2.5353 11.849 11.879 11.890 11.844 11.848 11.828 11.809 11.633 11.733 11.789 11.802 11.859 11.878
    8.600968 0.6100000  4.0799 -2.5471 11.868 11.898 11.907 11.860 11.865 11.844 11.824 11.647 11.747 11.802 11.815 11.871 11.890
    8.608838 0.6100000  4.0769 -2.5590 11.888 11.916 11.924 11.877 11.882 11.860 11.838 11.662 11.762 11.815 11.828 11.883 11.902
    8.616651 0.6100000  4.0741 -2.5706 11.908 11.935 11.941 11.893 11.898 11.876 11.853 11.676 11.776 11.828 11.840 11.895 11.914
    8.624564 0.6100000  4.0712 -2.5825 11.928 11.954 11.958 11.909 11.916 11.892 11.868 11.691 11.791 11.841 11.853 11.907 11.926
    8.632432 0.6100000  4.0683 -2.5943 11.948 11.973 11.976 11.926 11.933 11.908 11.883 11.705 11.805 11.854 11.866 11.919 11.938
    8.640279 0.6100000  4.0654 -2.6061 11.968 11.992 11.993 11.942 11.950 11.925 11.899 11.720 11.820 11.868 11.879 11.931 11.950
    8.648108 0.6100000  4.0625 -2.6178 11.989 12.011 12.010 11.959 11.967 11.941 11.914 11.735 11.835 11.881 11.892 11.943 11.962
    8.655981 0.6100000  4.0596 -2.6297 12.009 12.030 12.028 11.976 11.984 11.957 11.929 11.750 11.850 11.894 11.906 11.955 11.974
    8.663782 0.6100000  4.0567 -2.6416 12.030 12.050 12.046 11.993 12.002 11.974 11.945 11.765 11.864 11.908 11.919 11.967 11.987
    8.671525 0.6100000  4.0537 -2.6534 12.051 12.069 12.064 12.010 12.019 11.990 11.960 11.779 11.879 11.921 11.932 11.979 11.999
    8.679230 0.6100000  4.0508 -2.6652 12.072 12.089 12.082 12.027 12.037 12.007 11.975 11.794 11.894 11.935 11.945 11.991 12.011
    8.686932 0.6100000  4.0479 -2.6771 12.093 12.109 12.100 12.044 12.055 12.024 11.991 11.810 11.909 11.949 11.959 12.004 12.023
    8.694610 0.6100000  4.0450 -2.6889 12.114 12.128 12.118 12.061 12.072 12.040 12.007 11.825 11.924 11.962 11.972 12.016 12.036
    8.702266 0.6100000  4.0421 -2.7007 12.135 12.148 12.137 12.078 12.090 12.057 12.022 11.840 11.939 11.976 11.986 12.028 12.048
    8.709889 0.6100000  4.0392 -2.7126 12.157 12.169 12.155 12.096 12.108 12.074 12.039 11.855 11.955 11.990 12.000 12.041 12.061
    8.717463 0.6100000  4.0363 -2.7244 12.178 12.189 12.174 12.113 12.126 12.092 12.055 11.871 11.971 12.004 12.014 12.054 12.074
    8.725032 0.6100000  4.0333 -2.7363 12.200 12.210 12.193 12.131 12.145 12.109 12.071 11.887 11.987 12.019 12.028 12.067 12.087
    8.732526 0.6100000  4.0305 -2.7480 12.222 12.230 12.213 12.149 12.164 12.127 12.087 11.903 12.002 12.033 12.042 12.080 12.100
    8.740070 0.6100000  4.0276 -2.7597 12.244 12.251 12.232 12.167 12.182 12.145 12.104 11.919 12.018 12.047 12.056 12.093 12.113
    8.747675 0.6100000  4.0247 -2.7715 12.267 12.272 12.251 12.185 12.201 12.163 12.121 11.935 12.035 12.062 12.070 12.107 12.127
    8.755311 0.6100000  4.0218 -2.7833 12.289 12.293 12.271 12.204 12.220 12.181 12.138 11.951 12.051 12.077 12.085 12.120 12.140
    8.762905 0.6100000  4.0189 -2.7951 12.312 12.314 12.291 12.222 12.239 12.199 12.154 11.968 12.067 12.092 12.099 12.134 12.154
    8.770486 0.6100000  4.0160 -2.8069 12.335 12.335 12.311 12.241 12.259 12.217 12.172 11.984 12.084 12.107 12.114 12.147 12.167
    8.778068 0.6100000  4.0131 -2.8187 12.358 12.357 12.331 12.260 12.278 12.236 12.189 12.001 12.100 12.122 12.129 12.161 12.181
    8.785644 0.6100000  4.0102 -2.8306 12.382 12.379 12.352 12.279 12.298 12.255 12.206 12.018 12.117 12.138 12.144 12.175 12.195
    8.793199 0.6100000  4.0073 -2.8424 12.405 12.401 12.372 12.298 12.318 12.274 12.224 12.035 12.134 12.153 12.159 12.189 12.209
    8.800736 0.6100000  4.0043 -2.8542 12.428 12.423 12.393 12.317 12.338 12.292 12.241 12.052 12.151 12.168 12.174 12.204 12.224
    8.808266 0.6100000  4.0015 -2.8660 12.452 12.445 12.414 12.336 12.358 12.311 12.259 12.069 12.168 12.184 12.189 12.218 12.238
    8.815789 0.6100000  3.9985 -2.8778 12.476 12.467 12.434 12.355 12.378 12.330 12.277 12.086 12.185 12.199 12.204 12.232 12.252
    8.823311 0.6100000  3.9956 -2.8896 12.500 12.489 12.455 12.375 12.398 12.349 12.294 12.103 12.202 12.215 12.219 12.245 12.265
    8.830831 0.6100000  3.9927 -2.9014 12.524 12.511 12.476 12.394 12.418 12.368 12.312 12.120 12.219 12.230 12.234 12.259 12.279
    8.838346 0.6100000  3.9898 -2.9132 12.548 12.534 12.497 12.413 12.438 12.387 12.329 12.137 12.235 12.245 12.249 12.272 12.293
    8.845863 0.6100000  3.9869 -2.9250 12.572 12.556 12.518 12.432 12.458 12.405 12.347 12.154 12.252 12.260 12.263 12.286 12.306
    8.853379 0.6100000  3.9851 -2.9338 12.591 12.574 12.534 12.448 12.474 12.421 12.361 12.168 12.266 12.273 12.276 12.298 12.318
    8.863391 0.6100000  3.9828 -2.9437 12.612 12.593 12.552 12.464 12.492 12.437 12.376 12.183 12.281 12.287 12.289 12.310 12.331
    8.875159 0.6100000  3.9800 -2.9554 12.637 12.616 12.574 12.484 12.512 12.456 12.394 12.200 12.298 12.302 12.305 12.324 12.345
    8.886929 0.6100000  3.9772 -2.9672 12.662 12.639 12.595 12.504 12.533 12.476 12.413 12.218 12.315 12.318 12.320 12.338 12.359
    8.898631 0.6100000  3.9744 -2.9789 12.687 12.662 12.617 12.524 12.554 12.496 12.431 12.235 12.333 12.334 12.336 12.352 12.373
    8.910313 0.6100000  3.9716 -2.9906 12.712 12.686 12.639 12.544 12.575 12.515 12.449 12.253 12.351 12.350 12.351 12.367 12.388
    8.921968 0.6100000  3.9688 -3.0023 12.737 12.709 12.661 12.564 12.596 12.535 12.468 12.271 12.368 12.366 12.367 12.381 12.402
    8.933567 0.6100000  3.9659 -3.0141 12.762 12.733 12.683 12.585 12.617 12.555 12.487 12.289 12.387 12.383 12.383 12.396 12.417
    8.945097 0.6100000  3.9630 -3.0259 12.788 12.757 12.706 12.606 12.639 12.576 12.506 12.307 12.405 12.399 12.399 12.411 12.431
    8.956478 0.6100000  3.9602 -3.0378 12.814 12.781 12.729 12.627 12.661 12.596 12.525 12.325 12.423 12.416 12.415 12.426 12.446
    8.967714 0.6100000  3.9573 -3.0496 12.840 12.805 12.752 12.648 12.683 12.617 12.544 12.343 12.441 12.432 12.432 12.441 12.461
    8.978843 0.6100000  3.9544 -3.0614 12.866 12.829 12.775 12.669 12.705 12.638 12.564 12.362 12.460 12.449 12.448 12.456 12.476
    8.989864 0.6100000  3.9515 -3.0732 12.893 12.854 12.798 12.690 12.727 12.659 12.583 12.381 12.479 12.466 12.464 12.471 12.491
    9.000764 0.6100000  3.9486 -3.0850 12.919 12.879 12.821 12.711 12.749 12.680 12.603 12.399 12.498 12.483 12.481 12.487 12.506
    9.011560 0.6100000  3.9457 -3.0968 12.946 12.904 12.845 12.733 12.772 12.701 12.623 12.418 12.517 12.500 12.498 12.502 12.522
    9.022253 0.6100000  3.9428 -3.1087 12.973 12.929 12.869 12.755 12.794 12.723 12.643 12.438 12.536 12.517 12.515 12.518 12.537
    9.032809 0.6100000  3.9399 -3.1206 13.001 12.955 12.893 12.777 12.818 12.744 12.663 12.457 12.555 12.535 12.532 12.533 12.553
    9.043222 0.6100000  3.9370 -3.1324 13.028 12.980 12.917 12.799 12.840 12.766 12.684 12.477 12.575 12.552 12.549 12.549 12.569
    9.053519 0.6100000  3.9341 -3.1443 13.056 13.006 12.941 12.822 12.864 12.788 12.704 12.497 12.595 12.570 12.567 12.565 12.585
    9.063700 0.6100000  3.9312 -3.1562 13.084 13.033 12.966 12.844 12.887 12.810 12.725 12.517 12.615 12.588 12.584 12.581 12.601
    9.073747 0.6100000  3.9283 -3.1680 13.112 13.059 12.990 12.867 12.911 12.832 12.746 12.537 12.635 12.606 12.601 12.597 12.617
    9.083677 0.6100000  3.9254 -3.1799 13.141 13.085 13.015 12.889 12.935 12.855 12.767 12.557 12.655 12.624 12.619 12.613 12.633
    9.093478 0.6100000  3.9224 -3.1918 13.169 13.112 13.040 12.913 12.959 12.877 12.788 12.577 12.675 12.642 12.637 12.630 12.650
    9.103159 0.6100000  3.9195 -3.2037 13.198 13.138 13.065 12.936 12.983 12.900 12.809 12.597 12.695 12.661 12.655 12.646 12.666
    9.112732 0.6100000  3.9166 -3.2156 13.227 13.165 13.090 12.959 13.007 12.923 12.830 12.618 12.716 12.679 12.673 12.662 12.683
    9.122174 0.6100000  3.9137 -3.2274 13.256 13.192 13.116 12.982 13.031 12.945 12.852 12.638 12.736 12.697 12.690 12.679 12.699
    9.131511 0.6100000  3.9108 -3.2392 13.285 13.219 13.141 13.006 13.055 12.968 12.873 12.659 12.757 12.716 12.708 12.695 12.716
    9.140874 0.6100000  3.9078 -3.2512 13.315 13.247 13.167 13.030 13.080 12.992 12.895 12.680 12.778 12.735 12.727 12.712 12.733
    9.150031 0.6100000  3.9048 -3.2635 13.346 13.275 13.194 13.054 13.106 13.016 12.918 12.701 12.799 12.754 12.746 12.730 12.751
    9.158777 0.6100000  3.9019 -3.2753 13.375 13.302 13.220 13.078 13.131 13.039 12.939 12.722 12.820 12.773 12.764 12.746 12.767
    9.167457 0.6100000  3.8990 -3.2872 13.405 13.330 13.246 13.102 13.156 13.063 12.961 12.743 12.841 12.792 12.782 12.763 12.784
    9.176093 0.6100000  3.8960 -3.2992 13.436 13.359 13.273 13.127 13.181 13.086 12.984 12.765 12.862 12.811 12.801 12.780 12.801
    9.184559 0.6100000  3.8930 -3.3111 13.466 13.387 13.299 13.151 13.206 13.110 13.006 12.786 12.883 12.830 12.819 12.797 12.818
    9.192887 0.6100000  3.8900 -3.3231 13.497 13.415 13.326 13.175 13.232 13.134 13.028 12.807 12.905 12.849 12.838 12.814 12.835
    9.201102 0.6100000  3.8871 -3.3349 13.527 13.444 13.352 13.200 13.257 13.158 13.050 12.828 12.926 12.868 12.856 12.831 12.852
    9.209281 0.6100000  3.8841 -3.3468 13.558 13.472 13.379 13.224 13.283 13.182 13.073 12.850 12.947 12.887 12.875 12.848 12.869
    9.217900 0.6100000  3.8812 -3.3586 13.589 13.501 13.406 13.249 13.308 13.206 13.095 12.871 12.969 12.906 12.893 12.865 12.887
    9.228182 0.6100000  3.8783 -3.3704 13.620 13.530 13.433 13.273 13.334 13.230 13.118 12.893 12.990 12.926 12.912 12.882 12.904
    9.238955 0.6100000  3.8754 -3.3823 13.651 13.559 13.460 13.299 13.360 13.254 13.141 12.915 13.012 12.945 12.931 12.899 12.921
    9.249497 0.6100000  3.8724 -3.3944 13.684 13.588 13.488 13.324 13.387 13.279 13.164 12.937 13.034 12.965 12.950 12.917 12.939
    9.260427 0.6100000  3.8694 -3.4064 13.715 13.618 13.516 13.349 13.413 13.304 13.187 12.959 13.056 12.984 12.970 12.934 12.956
    9.271055 0.6100000  3.8665 -3.4183 13.747 13.647 13.543 13.375 13.439 13.328 13.210 12.981 13.078 13.004 12.988 12.951 12.973
    9.281305 0.6100000  3.8635 -3.4302 13.779 13.677 13.571 13.400 13.466 13.353 13.232 13.003 13.100 13.023 13.007 12.968 12.991
    9.291405 0.6100000  3.8605 -3.4422 13.812 13.707 13.599 13.425 13.492 13.378 13.256 13.025 13.122 13.043 13.026 12.986 13.008
    9.301141 0.6100000  3.8575 -3.4540 13.844 13.736 13.627 13.451 13.519 13.402 13.278 13.047 13.144 13.062 13.045 13.003 13.025
    9.310754 0.6100000  3.8546 -3.4659 13.877 13.766 13.655 13.476 13.545 13.427 13.302 13.069 13.166 13.082 13.065 13.020 13.043
    9.320188 0.6100000  3.8516 -3.4778 13.909 13.796 13.683 13.502 13.572 13.452 13.325 13.091 13.188 13.102 13.084 13.038 13.060
    9.329762 0.6100000  3.8487 -3.4897 13.942 13.827 13.712 13.528 13.599 13.477 13.348 13.113 13.210 13.122 13.103 13.056 13.078
    9.338785 0.6100000  3.8458 -3.5016 13.975 13.857 13.740 13.554 13.626 13.502 13.372 13.136 13.233 13.142 13.123 13.073 13.095
    9.348407 0.6100000  3.8429 -3.5135 14.009 13.888 13.769 13.580 13.653 13.528 13.395 13.159 13.255 13.162 13.142 13.091 13.113
    9.357037 0.6100000  3.8399 -3.5256 14.043 13.919 13.799 13.607 13.681 13.554 13.419 13.182 13.278 13.182 13.162 13.109 13.131
    9.365106 0.6100000  3.8369 -3.5375 14.077 13.950 13.828 13.633 13.709 13.579 13.443 13.204 13.301 13.202 13.181 13.126 13.149
    9.373623 0.6100000  3.8340 -3.5494 14.111 13.981 13.857 13.660 13.737 13.605 13.467 13.227 13.324 13.222 13.201 13.144 13.166
    9.382420 0.6100000  3.8310 -3.5613 14.146 14.013 13.887 13.687 13.764 13.631 13.491 13.250 13.347 13.242 13.221 13.162 13.184
    9.390825 0.6100000  3.8280 -3.5733 14.181 14.045 13.916 13.714 13.793 13.657 13.515 13.273 13.370 13.263 13.240 13.180 13.202
    9.399341 0.6100000  3.8250 -3.5854 14.217 14.077 13.947 13.741 13.821 13.684 13.540 13.297 13.393 13.283 13.260 13.198 13.220
    9.407508 0.6100000  3.8220 -3.5975 14.253 14.110 13.977 13.768 13.850 13.711 13.565 13.320 13.417 13.304 13.280 13.216 13.239
    9.414744 0.6100000  3.8191 -3.6093 14.288 14.142 14.007 13.795 13.879 13.737 13.589 13.343 13.440 13.324 13.300 13.234 13.256
    9.421185 0.6100000  3.8161 -3.6213 14.324 14.175 14.037 13.823 13.907 13.764 13.614 13.367 13.463 13.345 13.320 13.252 13.275
    9.427578 0.6100000  3.8132 -3.6332 14.360 14.207 14.068 13.850 13.936 13.790 13.639 13.391 13.487 13.366 13.340 13.270 13.293
    9.434662 0.6100000  3.8102 -3.6452 14.397 14.241 14.099 13.878 13.966 13.817 13.664 13.415 13.510 13.387 13.360 13.288 13.311
    9.442385 0.6100000  3.8073 -3.6571 14.434 14.274 14.130 13.906 13.995 13.844 13.688 13.438 13.534 13.408 13.380 13.307 13.330
    9.449414 0.6100000  3.8043 -3.6691 14.471 14.308 14.162 13.934 14.025 13.871 13.714 13.462 13.558 13.429 13.401 13.325 13.348
    9.456584 0.6100000  3.8014 -3.6810 14.509 14.342 14.193 13.963 14.054 13.899 13.739 13.486 13.582 13.450 13.421 13.343 13.366
    9.463316 0.6100000  3.7984 -3.6930 14.547 14.377 14.225 13.991 14.084 13.926 13.764 13.510 13.606 13.471 13.441 13.362 13.385
    9.470565 0.6100000  3.7954 -3.7049 14.586 14.411 14.257 14.020 14.114 13.954 13.789 13.534 13.630 13.492 13.462 13.380 13.403
    9.477152 0.6100000  3.7925 -3.7169 14.625 14.446 14.289 14.048 14.145 13.981 13.815 13.559 13.654 13.513 13.482 13.398 13.421
    9.484105 0.6100000  3.7894 -3.7289 14.664 14.481 14.322 14.078 14.175 14.009 13.841 13.583 13.679 13.534 13.503 13.417 13.440
    9.490498 0.6100000  3.7865 -3.7409 14.703 14.517 14.355 14.107 14.206 14.037 13.867 13.607 13.703 13.555 13.523 13.435 13.458
    9.496844 0.6100000  3.7835 -3.7528 14.743 14.552 14.388 14.136 14.237 14.065 13.892 13.632 13.728 13.577 13.544 13.454 13.477
    9.503133 0.6100000  3.7806 -3.7647 14.783 14.588 14.421 14.165 14.268 14.093 13.918 13.656 13.752 13.598 13.564 13.472 13.495
    9.509365 0.6100000  3.7776 -3.7767 14.824 14.624 14.454 14.195 14.299 14.122 13.944 13.681 13.777 13.619 13.585 13.491 13.514
    9.515529 0.6100000  3.7746 -3.7888 14.866 14.662 14.489 14.225 14.331 14.151 13.971 13.707 13.802 13.641 13.606 13.510 13.533
    9.521582 0.6100000  3.7716 -3.8007 14.909 14.700 14.524 14.256 14.363 14.180 13.998 13.732 13.827 13.663 13.627 13.528 13.551
    9.527162 0.6100000  3.7687 -3.8127 14.952 14.738 14.559 14.287 14.396 14.210 14.025 13.757 13.853 13.684 13.648 13.547 13.570
    9.533112 0.6100000  3.7657 -3.8246 14.996 14.776 14.594 14.317 14.429 14.239 14.051 13.782 13.878 13.706 13.669 13.565 13.589
    9.538581 0.6100000  3.7627 -3.8366 15.040 14.815 14.630 14.349 14.462 14.269 14.079 13.808 13.903 13.728 13.690 13.584 13.608
    9.544443 0.6100000  3.7597 -3.8486 15.085 14.855 14.666 14.380 14.495 14.299 14.106 13.834 13.929 13.750 13.711 13.603 13.627
    9.549821 0.6100000  3.7568 -3.8605 15.130 14.894 14.702 14.412 14.529 14.329 14.133 13.859 13.955 13.772 13.732 13.622 13.646
    9.555168 0.6100000  3.7538 -3.8725 15.176 14.934 14.739 14.444 14.563 14.360 14.161 13.885 13.981 13.794 13.754 13.640 13.664
    9.560455 0.6100000  3.7508 -3.8845 15.223 14.975 14.777 14.476 14.597 14.390 14.189 13.911 14.007 13.816 13.775 13.659 13.683
    9.565694 0.6100000  3.7478 -3.8964 15.270 15.016 14.814 14.509 14.631 14.421 14.217 13.938 14.033 13.838 13.796 13.678 13.702
    9.570891 0.6100000  3.7448 -3.9084 15.317 15.057 14.852 14.541 14.666 14.452 14.245 13.964 14.059 13.860 13.818 13.697 13.721
    9.576018 0.6100000  3.7418 -3.9203 15.365 15.099 14.890 14.574 14.701 14.483 14.273 13.990 14.085 13.883 13.839 13.715 13.740
    9.581109 0.6100000  3.7388 -3.9323 15.415 15.142 14.929 14.608 14.737 14.515 14.302 14.017 14.112 13.905 13.861 13.734 13.760
    9.585743 0.6100000  3.7358 -3.9443 15.467 15.187 14.970 14.643 14.774 14.548 14.332 14.045 14.140 13.929 13.883 13.754 13.779
    9.590736 0.6100000  3.7329 -3.9563 15.519 15.232 15.011 14.678 14.811 14.581 14.361 14.073 14.168 13.952 13.906 13.774 13.799
    9.595305 0.6100000  3.7299 -3.9683 15.572 15.278 15.053 14.714 14.850 14.615 14.392 14.101 14.196 13.976 13.928 13.794 13.819
    9.600124 0.6100000  3.7269 -3.9802 15.626 15.324 15.094 14.750 14.888 14.649 14.422 14.130 14.225 13.999 13.951 13.813 13.839
    9.604821 0.6100000  3.7239 -3.9921 15.681 15.371 15.137 14.786 14.927 14.683 14.452 14.158 14.253 14.023 13.973 13.833 13.859
    9.609489 0.6100000  3.7209 -4.0041 15.736 15.419 15.181 14.823 14.966 14.718 14.483 14.187 14.282 14.047 13.996 13.853 13.879
    9.613923 0.6100000  3.7179 -4.0160 15.793 15.467 15.225 14.860 15.006 14.753 14.515 14.217 14.312 14.071 14.020 13.873 13.899
    9.618527 0.6100000  3.7149 -4.0280 15.851 15.517 15.270 14.899 15.047 14.789 14.547 14.247 14.342 14.096 14.043 13.894 13.920
    9.622792 0.6100000  3.7119 -4.0400 15.910 15.568 15.316 14.938 15.089 14.825 14.580 14.277 14.372 14.121 14.067 13.914 13.941
    9.627330 0.6100000  3.7090 -4.0519 15.969 15.619 15.363 14.977 15.131 14.862 14.613 14.308 14.402 14.146 14.091 13.935 13.962
    9.631281 0.6100000  3.7060 -4.0638 16.030 15.670 15.410 15.016 15.174 14.899 14.646 14.339 14.433 14.171 14.115 13.956 13.982
    9.635498 0.6100000  3.7030 -4.0758 16.091 15.723 15.458 15.057 15.217 14.937 14.680 14.370 14.465 14.197 14.139 13.977 14.004
    9.639569 0.6100000  3.7000 -4.0877 16.153 15.776 15.507 15.098 15.261 14.975 14.714 14.402 14.496 14.223 14.164 13.998 14.025
    9.643765 0.6100000  3.6970 -4.0997 16.217 15.831 15.557 15.140 15.306 15.014 14.749 14.435 14.528 14.249 14.189 14.019 14.046
    9.647975 0.6100000  3.6940 -4.1116 16.281 15.885 15.607 15.182 15.351 15.053 14.785 14.467 14.561 14.276 14.214 14.041 14.068
    9.652211 0.6100000  3.6911 -4.1236 16.346 15.941 15.659 15.225 15.397 15.093 14.821 14.501 14.594 14.303 14.240 14.063 14.091
    9.656443 0.6100000  3.6881 -4.1355 16.411 15.997 15.710 15.269 15.444 15.133 14.857 14.535 14.628 14.330 14.266 14.086 14.113
    9.660560 0.6100000  3.6851 -4.1475 16.478 16.055 15.763 15.314 15.491 15.174 14.894 14.569 14.662 14.358 14.293 14.108 14.136
    9.664356 0.6100000  3.6821 -4.1594 16.546 16.112 15.817 15.359 15.539 15.215 14.931 14.604 14.697 14.386 14.319 14.131 14.159
    9.668550 0.6100000  3.6791 -4.1717 16.616 16.173 15.872 15.406 15.590 15.259 14.970 14.640 14.733 14.415 14.347 14.155 14.183
    9.672416 0.6100000  3.6760 -4.1837 16.686 16.232 15.928 15.452 15.640 15.301 15.009 14.676 14.768 14.444 14.374 14.178 14.206
    9.676231 0.6100000  3.6731 -4.1956 16.755 16.292 15.983 15.499 15.689 15.344 15.047 14.712 14.804 14.473 14.402 14.202 14.230
    9.679848 0.6100000  3.6702 -4.2073 16.823 16.351 16.038 15.546 15.739 15.387 15.086 14.748 14.840 14.502 14.429 14.225 14.254
    9.683735 0.6100000  3.6672 -4.2191 16.893 16.411 16.095 15.593 15.789 15.430 15.125 14.785 14.877 14.532 14.457 14.249 14.278
    9.687642 0.6100000  3.6642 -4.2311 16.965 16.473 16.153 15.642 15.841 15.475 15.166 14.823 14.915 14.562 14.486 14.274 14.303
    9.691530 0.6100000  3.6612 -4.2431 17.037 16.535 16.211 15.692 15.894 15.520 15.207 14.861 14.953 14.593 14.516 14.299 14.328
    9.695380 0.6100000  3.6582 -4.2551 17.110 16.598 16.271 15.742 15.947 15.566 15.248 14.900 14.992 14.625 14.545 14.324 14.354
    9.699006 0.6100000  3.6553 -4.2670 17.184 16.662 16.331 15.793 16.001 15.612 15.290 14.939 15.031 14.656 14.575 14.350 14.379
    9.702818 0.6100000  3.6523 -4.2790 17.258 16.726 16.392 15.844 16.055 15.659 15.333 14.979 15.071 14.688 14.605 14.376 14.406
    9.706559 0.6100000  3.6493 -4.2910 17.333 16.791 16.453 15.896 16.110 15.706 15.376 15.019 15.111 14.721 14.636 14.402 14.432
    9.710107 0.6100000  3.6463 -4.3030 17.408 16.857 16.515 15.949 16.166 15.754 15.420 15.060 15.152 14.753 14.667 14.428 14.459
    9.713758 0.6100000  3.6433 -4.3149 17.484 16.922 16.577 16.002 16.222 15.802 15.464 15.101 15.193 14.786 14.698 14.455 14.486
    9.717383 0.6100000  3.6403 -4.3269 17.561 16.989 16.641 16.056 16.279 15.850 15.508 15.143 15.235 14.820 14.730 14.482 14.513
    9.720982 0.6100000  3.6373 -4.3389 17.638 17.056 16.705 16.110 16.336 15.900 15.553 15.186 15.277 14.854 14.762 14.509 14.541
    9.724565 0.6100000  3.6343 -4.3508 17.715 17.124 16.769 16.165 16.394 15.949 15.599 15.228 15.319 14.888 14.795 14.537 14.568
    9.728139 0.6100000  3.6314 -4.3628 17.794 17.193 16.834 16.221 16.452 15.999 15.645 15.272 15.362 14.922 14.827 14.565 14.597
    9.731694 0.6100000  3.6284 -4.3747 17.872 17.261 16.900 16.277 16.511 16.050 15.691 15.315 15.406 14.957 14.860 14.593 14.625
    9.735126 0.6100000  3.6254 -4.3867 17.951 17.330 16.966 16.333 16.571 16.101 15.738 15.360 15.450 14.993 14.894 14.622 14.654
    9.738536 0.6100000  3.6224 -4.3987 18.031 17.400 17.033 16.391 16.631 16.153 15.786 15.405 15.494 15.029 14.928 14.651 14.683
    9.741929 0.6100000  3.6194 -4.4107 18.111 17.471 17.100 16.449 16.692 16.205 15.834 15.450 15.540 15.065 14.962 14.680 14.713
    9.745299 0.6100000  3.6164 -4.4227 18.192 17.541 17.168 16.507 16.753 16.257 15.883 15.496 15.586 15.102 14.997 14.710 14.743
    9.748637 0.6100000  3.6134 -4.4347 18.273 17.613 17.237 16.566 16.815 16.310 15.932 15.542 15.632 15.139 15.032 14.740 14.773
    9.751965 0.6100000  3.6105 -4.4466 18.355 17.684 17.306 16.625 16.877 16.363 15.982 15.589 15.678 15.176 15.067 14.770 14.803
    9.755265 0.6100000  3.6075 -4.4586 18.437 17.757 17.375 16.686 16.939 16.417 16.032 15.636 15.726 15.214 15.103 14.800 14.834
    9.758550 0.6100000  3.6045 -4.4706 18.519 17.829 17.445 16.746 17.003 16.472 16.083 15.684 15.773 15.253 15.139 14.831 14.866
    9.761818 0.6100000  3.6015 -4.4826 18.602 17.903 17.516 16.808 17.067 16.526 16.134 15.732 15.822 15.292 15.176 14.862 14.897
    9.765073 0.6100000  3.5985 -4.4946 18.686 17.976 17.588 16.869 17.131 16.582 16.186 15.781 15.870 15.331 15.213 14.894 14.929
    9.768296 0.6100000  3.5955 -4.5065 18.770 18.050 17.659 16.931 17.196 16.637 16.238 15.830 15.919 15.370 15.250 14.926 14.961
    9.771512 0.6100000  3.5926 -4.5185 18.854 18.125 17.731 16.994 17.261 16.693 16.290 15.880 15.969 15.410 15.288 14.958 14.994
    9.774717 0.6100000  3.5896 -4.5305 18.939 18.200 17.804 17.057 17.327 16.750 16.344 15.931 16.019 15.451 15.326 14.990 15.027
    9.777902 0.6100000  3.5866 -4.5424 19.024 18.275 17.878 17.121 17.393 16.807 16.397 15.981 16.070 15.491 15.364 15.023 15.060
    9.781063 0.6100000  3.5836 -4.5544 19.110 18.351 17.952 17.185 17.460 16.864 16.451 16.033 16.121 15.533 15.403 15.056 15.094
    9.784216 0.6100000  3.5806 -4.5664 19.196 18.428 18.026 17.250 17.527 16.922 16.506 16.084 16.173 15.574 15.442 15.090 15.128
    9.787363 0.6100000  3.5776 -4.5783 19.282 18.504 18.101 17.316 17.595 16.980 16.560 16.136 16.225 15.616 15.482 15.123 15.162
    9.790492 0.6100000  3.5746 -4.5904 19.370 18.582 18.177 17.382 17.664 17.039 16.616 16.190 16.278 15.659 15.522 15.158 15.196
    9.793580 0.6100000  3.5716 -4.6023 19.458 18.660 18.253 17.448 17.732 17.098 16.672 16.243 16.331 15.702 15.562 15.192 15.231
    9.796662 0.6100000  3.5686 -4.6143 19.546 18.738 18.329 17.515 17.801 17.158 16.728 16.296 16.384 15.745 15.603 15.227 15.266
    9.799714 0.6100000  3.5656 -4.6264 19.635 18.817 18.407 17.583 17.871 17.218 16.785 16.351 16.439 15.789 15.644 15.262 15.302
    9.802743 0.6100000  3.5626 -4.6384 19.723 18.896 18.484 17.650 17.941 17.278 16.843 16.406 16.493 15.833 15.685 15.298 15.338
    9.805756 0.6100000  3.5596 -4.6503 19.812 18.975 18.561 17.718 18.012 17.339 16.900 16.460 16.547 15.877 15.727 15.333 15.374
    9.808751 0.6100000  3.5567 -4.6623 19.901 19.055 18.639 17.787 18.082 17.400 16.958 16.516 16.603 15.921 15.769 15.369 15.411
    9.811734 0.6100000  3.5537 -4.6743 19.991 19.135 18.718 17.856 18.154 17.461 17.016 16.572 16.658 15.966 15.812 15.406 15.448
    9.814699 0.6100000  3.5507 -4.6863 20.082 19.215 18.797 17.925 18.225 17.523 17.075 16.628 16.714 16.012 15.854 15.442 15.485
