#     log(t)    Mwd   log(Teff)log(L/Lo) F435W F475W  F502N  F550M  F555W  F606W  F625W  F658N  F660N  F775W  F814W  F850LP F892N
  5.99701357 0.7700000  5.0287  1.4690  7.820  7.990  8.120  8.226  8.162  8.227  8.321  8.248  8.333  8.505  8.546  8.704  8.718
  5.99959232 0.7700000  5.0221  1.4360  7.850  8.021  8.150  8.255  8.191  8.256  8.351  8.279  8.363  8.534  8.575  8.733  8.748
  6.00285439 0.7700000  5.0155  1.4025  7.881  8.052  8.180  8.286  8.221  8.286  8.382  8.311  8.394  8.565  8.606  8.764  8.779
  6.00681598 0.7700000  5.0088  1.3685  7.914  8.085  8.212  8.318  8.252  8.318  8.414  8.344  8.427  8.596  8.637  8.795  8.811
  6.01141749 0.7700000  5.0021  1.3341  7.947  8.118  8.244  8.350  8.284  8.350  8.446  8.377  8.459  8.628  8.669  8.827  8.843
  6.01655068 0.7700000  4.9953  1.2992  7.980  8.151  8.277  8.383  8.317  8.383  8.479  8.411  8.493  8.661  8.702  8.860  8.876
  6.02209873 0.7700000  4.9884  1.2642  8.014  8.184  8.309  8.416  8.349  8.415  8.511  8.444  8.525  8.693  8.734  8.892  8.908
  6.02799582 0.7700000  4.9815  1.2289  8.048  8.218  8.342  8.448  8.382  8.448  8.544  8.478  8.559  8.726  8.767  8.925  8.941
  6.03412991 0.7700000  4.9745  1.1934  8.081  8.251  8.375  8.481  8.415  8.481  8.577  8.511  8.591  8.758  8.799  8.957  8.972
  6.04055584 0.7700000  4.9675  1.1583  8.114  8.283  8.407  8.512  8.447  8.513  8.608  8.543  8.624  8.789  8.830  8.988  9.004
  6.04724975 0.7700000  4.9604  1.1228  8.147  8.316  8.439  8.544  8.479  8.545  8.640  8.575  8.656  8.820  8.861  9.019  9.035
  6.05405763 0.7700000  4.9532  1.0873  8.179  8.347  8.470  8.575  8.511  8.576  8.671  8.606  8.687  8.851  8.892  9.050  9.065
  6.06111777 0.7700000  4.9459  1.0518  8.211  8.379  8.501  8.606  8.542  8.607  8.702  8.637  8.718  8.881  8.922  9.080  9.095
  6.06832526 0.7700000  4.9386  1.0162  8.242  8.410  8.532  8.636  8.572  8.638  8.732  8.668  8.749  8.911  8.952  9.110  9.125
  6.07566913 0.7700000  4.9312  0.9806  8.272  8.440  8.561  8.665  8.601  8.667  8.761  8.698  8.778  8.940  8.981  9.138  9.154
  6.08302017 0.7700000  4.9237  0.9448  8.302  8.470  8.591  8.694  8.631  8.697  8.790  8.728  8.808  8.969  9.010  9.167  9.183
  6.09066018 0.7700000  4.9163  0.9097  8.332  8.499  8.619  8.723  8.659  8.725  8.818  8.757  8.836  8.997  9.038  9.195  9.211
  6.09857820 0.7700000  4.9088  0.8741  8.362  8.528  8.648  8.752  8.688  8.754  8.847  8.787  8.865  9.025  9.066  9.223  9.238
  6.10664883 0.7700000  4.9012  0.8386  8.391  8.557  8.677  8.780  8.717  8.782  8.875  8.816  8.894  9.053  9.094  9.251  9.266
  6.11491879 0.7700000  4.8936  0.8031  8.420  8.586  8.705  8.808  8.745  8.810  8.903  8.844  8.922  9.080  9.121  9.278  9.293
  6.12335995 0.7700000  4.8860  0.7676  8.449  8.614  8.733  8.835  8.773  8.838  8.930  8.873  8.950  9.108  9.149  9.305  9.320
  6.13200904 0.7700000  4.8784  0.7322  8.477  8.643  8.760  8.863  8.801  8.865  8.958  8.901  8.978  9.135  9.176  9.332  9.347
  6.14087701 0.7700000  4.8707  0.6966  8.506  8.671  8.787  8.890  8.828  8.892  8.985  8.928  9.005  9.162  9.202  9.358  9.374
  6.14993718 0.7700000  4.8630  0.6612  8.534  8.698  8.814  8.917  8.855  8.919  9.011  8.956  9.032  9.188  9.229  9.384  9.400
  6.15923531 0.7700000  4.8552  0.6258  8.561  8.725  8.841  8.943  8.881  8.945  9.037  8.983  9.059  9.214  9.254  9.410  9.425
  6.16874662 0.7700000  4.8475  0.5902  8.589  8.752  8.867  8.969  8.908  8.972  9.064  9.010  9.086  9.240  9.280  9.436  9.451
  6.17846778 0.7700000  4.8397  0.5548  8.616  8.779  8.894  8.996  8.934  8.998  9.090  9.037  9.112  9.265  9.305  9.461  9.476
  6.18844408 0.7700000  4.8319  0.5194  8.643  8.805  8.920  9.021  8.960  9.024  9.115  9.063  9.139  9.290  9.331  9.486  9.501
  6.19866217 0.7700000  4.8241  0.4839  8.671  8.832  8.946  9.047  8.986  9.050  9.141  9.090  9.165  9.316  9.356  9.512  9.526
  6.20911587 0.7700000  4.8163  0.4486  8.697  8.859  8.972  9.072  9.012  9.076  9.167  9.117  9.191  9.341  9.381  9.537  9.551
  6.21983474 0.7700000  4.8084  0.4131  8.725  8.886  8.998  9.098  9.039  9.102  9.192  9.144  9.218  9.366  9.407  9.562  9.576
  6.23080925 0.7700000  4.8006  0.3777  8.752  8.912  9.023  9.124  9.064  9.128  9.218  9.170  9.244  9.391  9.432  9.587  9.601
  6.24204513 0.7700000  4.7927  0.3423  8.778  8.938  9.049  9.149  9.090  9.153  9.243  9.197  9.270  9.416  9.456  9.611  9.626
  6.25353619 0.7700000  4.7848  0.3069  8.805  8.965  9.074  9.174  9.116  9.179  9.268  9.223  9.296  9.441  9.481  9.636  9.650
  6.26531055 0.7700000  4.7768  0.2715  8.831  8.991  9.100  9.199  9.141  9.204  9.293  9.249  9.321  9.466  9.506  9.660  9.675
  6.27733678 0.7700000  4.7689  0.2361  8.858  9.017  9.125  9.224  9.166  9.229  9.318  9.275  9.347  9.490  9.530  9.685  9.699
  6.28965730 0.7700000  4.7609  0.2007  8.884  9.043  9.150  9.249  9.192  9.255  9.343  9.301  9.373  9.514  9.555  9.709  9.723
  6.30223779 0.7700000  4.7528  0.1652  8.911  9.068  9.175  9.274  9.216  9.279  9.368  9.327  9.398  9.539  9.579  9.733  9.747
  6.31508162 0.7700000  4.7448  0.1299  8.937  9.094  9.200  9.298  9.241  9.304  9.392  9.353  9.423  9.562  9.603  9.757  9.771
  6.32831134 0.7700000  4.7367  0.0947  8.963  9.119  9.224  9.323  9.265  9.328  9.416  9.378  9.448  9.586  9.627  9.780  9.794
  6.34197609 0.7700000  4.7287  0.0594  8.989  9.145  9.249  9.347  9.290  9.353  9.440  9.404  9.474  9.610  9.651  9.804  9.818
  6.35606301 0.7700000  4.7206  0.0242  9.015  9.171  9.274  9.372  9.315  9.378  9.465  9.430  9.499  9.634  9.674  9.828  9.842
  6.37066033 0.7700000  4.7126 -0.0110  9.042  9.197  9.299  9.396  9.341  9.403  9.490  9.456  9.525  9.658  9.698  9.852  9.866
  6.38572707 0.7700000  4.7045 -0.0462  9.069  9.222  9.324  9.421  9.366  9.427  9.514  9.482  9.550  9.682  9.722  9.875  9.889
  6.40131808 0.7700000  4.6965 -0.0813  9.095  9.249  9.349  9.445  9.391  9.452  9.539  9.509  9.576  9.707  9.746  9.899  9.913
  6.41745393 0.7700000  4.6884 -0.1165  9.123  9.275  9.375  9.471  9.417  9.478  9.564  9.536  9.602  9.732  9.771  9.924  9.938
  6.43429006 0.7700000  4.6804 -0.1515  9.150  9.302  9.400  9.496  9.443  9.503  9.590  9.563  9.628  9.756  9.796  9.948  9.962
  6.45174550 0.7700000  4.6723 -0.1866  9.178  9.329  9.427  9.522  9.469  9.530  9.615  9.590  9.655  9.782  9.821  9.974  9.987
  6.46998856 0.7700000  4.6643 -0.2216  9.206  9.356  9.453  9.548  9.495  9.556  9.641  9.618  9.682  9.807  9.846  9.999 10.012
  6.48897928 0.7700000  4.6563 -0.2565  9.234  9.383  9.479  9.574  9.521  9.582  9.667  9.646  9.709  9.832  9.871 10.024 10.037
  6.50883740 0.7700000  4.6483 -0.2915  9.263  9.411  9.506  9.601  9.548  9.609  9.693  9.674  9.737  9.858  9.897 10.050 10.063
  6.52963973 0.7700000  4.6403 -0.3264  9.292  9.440  9.533  9.628  9.576  9.636  9.720  9.704  9.765  9.885  9.924 10.076 10.089
  6.55141925 0.7700000  4.6323 -0.3612  9.322  9.469  9.561  9.655  9.603  9.663  9.747  9.733  9.793  9.911  9.950 10.102 10.115
  6.57419318 0.7700000  4.6243 -0.3961  9.352  9.498  9.589  9.682  9.632  9.691  9.775  9.762  9.822  9.938  9.977 10.129 10.141
  6.59799686 0.7700000  4.6162 -0.4309  9.382  9.527  9.617  9.710  9.660  9.719  9.802  9.792  9.851  9.964 10.003 10.155 10.168
  6.62281659 0.7700000  4.6081 -0.4657  9.412  9.556  9.645  9.737  9.688  9.747  9.829  9.822  9.880  9.991 10.030 10.182 10.194
  6.64873837 0.7700000  4.6001 -0.5005  9.443  9.586  9.673  9.765  9.717  9.775  9.858  9.853  9.909 10.018 10.057 10.209 10.221
  6.67601694 0.7700000  4.5920 -0.5351  9.475  9.617  9.702  9.794  9.746  9.805  9.886  9.885  9.940 10.046 10.085 10.237 10.248
  6.70474202 0.7700000  4.5839 -0.5697  9.508  9.649  9.732  9.823  9.776  9.835  9.916  9.917  9.971 10.075 10.114 10.265 10.277
  6.73490041 0.7700000  4.5759 -0.6043  9.541  9.681  9.763  9.853  9.807  9.865  9.946  9.951 10.003 10.104 10.143 10.294 10.305
  6.76654654 0.7700000  4.5678 -0.6389  9.576  9.714  9.794  9.884  9.838  9.897  9.976  9.985 10.035 10.134 10.173 10.323 10.334
  6.79963338 0.7700000  4.5597 -0.6735  9.611  9.747  9.826  9.915  9.870  9.928 10.008 10.020 10.068 10.164 10.203 10.353 10.364
  6.83419211 0.7700000  4.5517 -0.7081  9.647  9.782  9.859  9.947  9.903  9.961 10.039 10.055 10.102 10.195 10.234 10.384 10.395
  6.87032311 0.7700000  4.5436 -0.7425  9.683  9.816  9.891  9.979  9.936  9.994 10.071 10.091 10.137 10.226 10.265 10.414 10.425
  6.90815678 0.7700000  4.5355 -0.7769  9.723  9.855  9.928 10.015  9.972 10.030 10.107 10.132 10.175 10.261 10.299 10.448 10.459
  6.94777055 0.7700000  4.5275 -0.8114  9.765  9.895  9.965 10.052 10.010 10.068 10.144 10.173 10.214 10.296 10.335 10.483 10.493
  6.98920788 0.7700000  4.5194 -0.8457  9.808  9.936 10.003 10.089 10.049 10.106 10.181 10.216 10.255 10.333 10.371 10.519 10.529
  7.03278995 0.7700000  4.5113 -0.8799  9.852  9.978 10.042 10.128 10.088 10.145 10.220 10.260 10.296 10.370 10.408 10.556 10.565
  7.07866046 0.7700000  4.5032 -0.9141  9.898 10.021 10.083 10.167 10.129 10.186 10.260 10.305 10.340 10.408 10.446 10.594 10.603
  7.12682128 0.7700000  4.4951 -0.9482  9.945 10.066 10.124 10.208 10.171 10.227 10.300 10.352 10.384 10.448 10.486 10.632 10.641
  7.17706688 0.7700000  4.4870 -0.9824  9.994 10.112 10.167 10.250 10.214 10.270 10.342 10.400 10.430 10.488 10.526 10.672 10.680
  7.22910172 0.7700000  4.4789 -1.0167 10.044 10.160 10.212 10.294 10.259 10.315 10.386 10.450 10.478 10.530 10.568 10.714 10.721
  7.28213043 0.7700000  4.4707 -1.0512 10.093 10.206 10.254 10.335 10.302 10.357 10.428 10.497 10.522 10.570 10.608 10.752 10.760
  7.33537233 0.7700000  4.4625 -1.0858 10.141 10.251 10.297 10.376 10.344 10.399 10.468 10.543 10.566 10.609 10.647 10.790 10.797
  7.38851572 0.7700000  4.4542 -1.1204 10.190 10.297 10.339 10.418 10.387 10.441 10.509 10.588 10.610 10.648 10.685 10.828 10.835
  7.44088146 0.7700000  4.4459 -1.1553 10.240 10.344 10.383 10.460 10.431 10.484 10.551 10.634 10.655 10.688 10.725 10.867 10.873
  7.49198081 0.7700000  4.4376 -1.1902 10.290 10.391 10.427 10.502 10.474 10.527 10.593 10.680 10.700 10.727 10.764 10.905 10.912
  7.54146432 0.7700000  4.4292 -1.2253 10.342 10.439 10.471 10.545 10.519 10.571 10.636 10.726 10.745 10.768 10.804 10.944 10.950
  7.58909875 0.7700000  4.4208 -1.2605 10.394 10.488 10.517 10.589 10.564 10.615 10.679 10.773 10.791 10.808 10.844 10.982 10.989
  7.63483429 0.7700000  4.4124 -1.2958 10.446 10.537 10.562 10.633 10.609 10.660 10.722 10.820 10.837 10.849 10.885 11.021 11.028
  7.67866963 0.7700000  4.4040 -1.3312 10.500 10.587 10.609 10.677 10.655 10.705 10.766 10.867 10.884 10.890 10.925 11.061 11.067
  7.72048331 0.7700000  4.3955 -1.3665 10.552 10.635 10.653 10.720 10.700 10.749 10.808 10.912 10.929 10.929 10.964 11.098 11.105
  7.76059626 0.7700000  4.3870 -1.4019 10.600 10.680 10.695 10.760 10.741 10.790 10.847 10.954 10.971 10.966 11.001 11.134 11.140
  7.79914378 0.7700000  4.3784 -1.4373 10.647 10.724 10.736 10.799 10.782 10.829 10.886 10.996 11.012 11.002 11.036 11.168 11.174
  7.83624211 0.7700000  4.3699 -1.4728 10.694 10.768 10.777 10.838 10.822 10.869 10.924 11.037 11.053 11.038 11.072 11.202 11.208
  7.87201060 0.7700000  4.3614 -1.5082 10.741 10.811 10.816 10.876 10.861 10.908 10.961 11.078 11.093 11.073 11.106 11.235 11.241
  7.90640859 0.7700000  4.3528 -1.5438 10.787 10.854 10.856 10.914 10.901 10.946 10.998 11.117 11.132 11.107 11.140 11.268 11.273
  7.93964882 0.7700000  4.3443 -1.5792 10.832 10.895 10.894 10.950 10.939 10.983 11.034 11.156 11.171 11.140 11.173 11.300 11.304
  7.97188892 0.7700000  4.3357 -1.6147 10.876 10.937 10.933 10.987 10.977 11.020 11.070 11.194 11.209 11.173 11.205 11.331 11.335
  8.00321622 0.7700000  4.3271 -1.6502 10.920 10.977 10.970 11.022 11.014 11.056 11.104 11.231 11.246 11.206 11.237 11.361 11.365
  8.03372643 0.7700000  4.3185 -1.6856 10.964 11.017 11.007 11.057 11.050 11.092 11.138 11.267 11.283 11.237 11.268 11.391 11.395
  8.06353098 0.7700000  4.3099 -1.7211 11.007 11.057 11.043 11.092 11.086 11.127 11.172 11.302 11.319 11.268 11.298 11.420 11.423
  8.09268899 0.7700000  4.3013 -1.7565 11.048 11.095 11.079 11.126 11.121 11.161 11.204 11.337 11.354 11.298 11.328 11.448 11.451
  8.12129086 0.7700000  4.2927 -1.7920 11.093 11.136 11.116 11.161 11.158 11.197 11.239 11.375 11.392 11.330 11.360 11.478 11.481
  8.14941722 0.7700000  4.2841 -1.8274 11.138 11.177 11.153 11.196 11.195 11.233 11.274 11.413 11.430 11.362 11.391 11.507 11.511
  8.17710597 0.7700000  4.2755 -1.8629 11.182 11.218 11.191 11.231 11.232 11.269 11.308 11.451 11.468 11.394 11.422 11.536 11.540
  8.20439706 0.7700000  4.2669 -1.8983 11.227 11.258 11.228 11.266 11.268 11.305 11.342 11.489 11.505 11.425 11.453 11.565 11.569
  8.23133403 0.7700000  4.2583 -1.9337 11.271 11.299 11.265 11.301 11.304 11.340 11.376 11.527 11.543 11.456 11.484 11.594 11.598
  8.25793683 0.7700000  4.2496 -1.9691 11.315 11.339 11.301 11.335 11.340 11.375 11.410 11.565 11.580 11.487 11.514 11.622 11.627
  8.28423402 0.7700000  4.2410 -2.0045 11.359 11.380 11.338 11.369 11.377 11.411 11.443 11.603 11.618 11.518 11.544 11.650 11.655
  8.31031289 0.7700000  4.2324 -2.0399 11.404 11.420 11.374 11.403 11.412 11.445 11.477 11.640 11.655 11.548 11.574 11.677 11.683
  8.33612790 0.7700000  4.2238 -2.0754 11.448 11.461 11.411 11.437 11.449 11.481 11.511 11.678 11.693 11.579 11.605 11.706 11.712
  8.36168947 0.7700000  4.2152 -2.1108 11.493 11.502 11.448 11.471 11.485 11.516 11.545 11.716 11.730 11.609 11.634 11.735 11.740
  8.38700544 0.7700000  4.2065 -2.1462 11.538 11.543 11.485 11.505 11.521 11.551 11.578 11.754 11.767 11.639 11.664 11.763 11.768
  8.41208836 0.7700000  4.1979 -2.1817 11.584 11.585 11.523 11.539 11.558 11.587 11.612 11.792 11.805 11.670 11.694 11.791 11.797
  8.43695913 0.7700000  4.1893 -2.2171 11.631 11.627 11.561 11.573 11.594 11.622 11.645 11.830 11.841 11.699 11.724 11.819 11.824
  8.46170393 0.7700000  4.1806 -2.2525 11.678 11.670 11.601 11.609 11.632 11.659 11.679 11.868 11.878 11.730 11.753 11.848 11.852
  8.48644288 0.7700000  4.1720 -2.2878 11.725 11.713 11.640 11.644 11.670 11.695 11.714 11.905 11.915 11.760 11.783 11.876 11.880
  8.51116523 0.7700000  4.1634 -2.3232 11.772 11.757 11.681 11.680 11.708 11.732 11.748 11.942 11.951 11.790 11.812 11.902 11.908
  8.53585054 0.7700000  4.1548 -2.3585 11.819 11.800 11.721 11.716 11.746 11.768 11.782 11.978 11.986 11.819 11.841 11.929 11.935
  8.56052247 0.7700000  4.1462 -2.3939 11.865 11.843 11.761 11.752 11.784 11.804 11.815 12.014 12.021 11.847 11.869 11.955 11.961
  8.58520394 0.7700000  4.1376 -2.4292 11.909 11.884 11.799 11.786 11.820 11.839 11.847 12.047 12.053 11.874 11.895 11.979 11.985
  8.60991744 0.7700000  4.1290 -2.4645 11.950 11.923 11.836 11.819 11.855 11.872 11.877 12.079 12.084 11.899 11.919 12.002 12.008
  8.63470870 0.7700000  4.1204 -2.4999 11.990 11.960 11.871 11.851 11.888 11.903 11.906 12.110 12.113 11.923 11.943 12.024 12.030
  8.65948337 0.7700000  4.1117 -2.5353 12.029 11.997 11.906 11.882 11.921 11.933 11.933 12.138 12.141 11.946 11.966 12.045 12.052
  8.68419245 0.7700000  4.1031 -2.5705 12.068 12.034 11.943 11.916 11.955 11.965 11.963 12.156 12.169 11.971 11.990 12.068 12.074
  8.70899166 0.7700000  4.0945 -2.6060 12.109 12.074 11.982 11.952 11.992 11.999 11.994 12.175 12.197 11.998 12.016 12.092 12.097
  8.73363923 0.7700000  4.0858 -2.6414 12.155 12.118 12.025 11.992 12.032 12.037 12.029 12.217 12.228 12.026 12.043 12.116 12.122
  8.75815781 0.7700000  4.0771 -2.6772 12.205 12.166 12.070 12.034 12.076 12.078 12.067 12.267 12.261 12.055 12.072 12.141 12.148
  8.78194314 0.7700000  4.0685 -2.7125 12.257 12.217 12.120 12.080 12.124 12.122 12.107 12.305 12.295 12.089 12.104 12.170 12.178
  8.80597902 0.7700000  4.0598 -2.7479 12.313 12.272 12.175 12.131 12.175 12.170 12.151 12.338 12.331 12.126 12.140 12.202 12.211
  8.82991339 0.7700000  4.0511 -2.7833 12.372 12.330 12.232 12.184 12.229 12.220 12.198 12.377 12.368 12.165 12.178 12.236 12.245
  8.85386126 0.7700000  4.0424 -2.8187 12.435 12.391 12.292 12.241 12.287 12.274 12.248 12.418 12.407 12.207 12.218 12.274 12.282
  8.87785634 0.7700000  4.0338 -2.8540 12.499 12.454 12.356 12.301 12.347 12.330 12.300 12.459 12.446 12.250 12.261 12.312 12.320
  8.90191467 0.7700000  4.0251 -2.8894 12.567 12.521 12.422 12.364 12.410 12.389 12.355 12.501 12.486 12.297 12.306 12.352 12.361
  8.92604657 0.7700000  4.0164 -2.9248 12.638 12.590 12.492 12.430 12.477 12.452 12.412 12.544 12.528 12.346 12.354 12.394 12.405
  8.95026874 0.7700000  4.0077 -2.9601 12.711 12.663 12.566 12.499 12.546 12.517 12.473 12.589 12.571 12.397 12.403 12.438 12.451
  8.97464023 0.7700000  3.9990 -2.9954 12.787 12.739 12.643 12.571 12.618 12.584 12.536 12.636 12.616 12.451 12.455 12.485 12.499
  8.99917372 0.7700000  3.9904 -3.0307 12.865 12.816 12.720 12.644 12.692 12.653 12.600 12.685 12.664 12.506 12.509 12.532 12.548
  9.02384181 0.7700000  3.9817 -3.0661 12.945 12.894 12.800 12.720 12.768 12.724 12.667 12.736 12.714 12.562 12.564 12.581 12.598
  9.04861774 0.7700000  3.9731 -3.1014 13.027 12.974 12.881 12.796 12.844 12.795 12.734 12.788 12.767 12.620 12.620 12.631 12.648
  9.07348242 0.7700000  3.9644 -3.1368 13.110 13.056 12.963 12.872 12.922 12.868 12.802 12.843 12.822 12.678 12.676 12.681 12.700
  9.09840583 0.7700000  3.9557 -3.1721 13.194 13.138 13.046 12.950 13.000 12.941 12.871 12.898 12.880 12.738 12.734 12.733 12.752
  9.12336041 0.7700000  3.9470 -3.2075 13.278 13.221 13.129 13.027 13.078 13.015 12.939 12.955 12.939 12.797 12.791 12.784 12.804
  9.14824627 0.7700000  3.9383 -3.2430 13.364 13.305 13.212 13.104 13.156 13.089 13.009 13.012 12.997 12.856 12.849 12.836 12.856
  9.17275124 0.7700000  3.9295 -3.2786 13.451 13.390 13.296 13.181 13.235 13.163 13.078 13.071 13.057 12.915 12.906 12.887 12.908
  9.19809443 0.7700000  3.9208 -3.3138 13.538 13.474 13.379 13.258 13.313 13.236 13.147 13.129 13.117 12.974 12.963 12.939 12.960
  9.22832921 0.7700000  3.9121 -3.3492 13.627 13.558 13.462 13.334 13.392 13.310 13.216 13.188 13.178 13.034 13.021 12.991 13.012
  9.25997197 0.7700000  3.9034 -3.3846 13.717 13.644 13.546 13.411 13.471 13.384 13.286 13.248 13.239 13.093 13.079 13.043 13.065
  9.29218509 0.7700000  3.8946 -3.4201 13.808 13.730 13.630 13.489 13.551 13.458 13.356 13.307 13.300 13.153 13.136 13.095 13.117
  9.32351445 0.7700000  3.8859 -3.4555 13.900 13.818 13.714 13.566 13.630 13.532 13.425 13.367 13.361 13.212 13.194 13.147 13.170
  9.35466853 0.7700000  3.8771 -3.4910 13.994 13.906 13.799 13.643 13.710 13.607 13.495 13.427 13.422 13.271 13.251 13.199 13.222
  9.38402213 0.7700000  3.8683 -3.5261 14.087 13.994 13.883 13.720 13.789 13.681 13.564 13.486 13.483 13.329 13.308 13.250 13.273
  9.41180305 0.7700000  3.8602 -3.5592 14.177 14.077 13.963 13.793 13.864 13.751 13.629 13.542 13.541 13.384 13.361 13.298 13.321
  9.43817175 0.7700000  3.8524 -3.5909 14.264 14.158 14.041 13.863 13.937 13.818 13.691 13.596 13.597 13.437 13.412 13.344 13.368
  9.46268924 0.7700000  3.8448 -3.6214 14.349 14.236 14.116 13.930 14.007 13.883 13.751 13.647 13.650 13.488 13.461 13.388 13.412
  9.48657366 0.7700000  3.8376 -3.6507 14.432 14.313 14.188 13.996 14.075 13.946 13.809 13.697 13.703 13.537 13.509 13.431 13.456
  9.50903411 0.7700000  3.8307 -3.6787 14.513 14.387 14.259 14.059 14.141 14.007 13.865 13.745 13.753 13.584 13.555 13.473 13.497
  9.53024334 0.7700000  3.8240 -3.7059 14.592 14.460 14.327 14.121 14.206 14.066 13.920 13.791 13.802 13.630 13.600 13.513 13.537
  9.54731158 0.7700000  3.8175 -3.7323 14.671 14.532 14.395 14.182 14.269 14.124 13.974 13.836 13.850 13.675 13.643 13.552 13.577
  9.56551315 0.7700000  3.8110 -3.7582 14.749 14.603 14.462 14.242 14.332 14.182 14.027 13.881 13.898 13.719 13.686 13.591 13.616
  9.58429041 0.7700000  3.8049 -3.7831 14.826 14.674 14.528 14.301 14.394 14.239 14.080 13.925 13.945 13.764 13.729 13.629 13.654
  9.60183774 0.7700000  3.7990 -3.8072 14.902 14.743 14.593 14.360 14.455 14.295 14.132 13.968 13.992 13.807 13.771 13.667 13.693
  9.61859111 0.7700000  3.7933 -3.8303 14.975 14.810 14.657 14.417 14.515 14.350 14.182 14.010 14.038 13.850 13.812 13.704 13.730
  9.63392154 0.7700000  3.7878 -3.8527 15.048 14.876 14.719 14.473 14.573 14.403 14.231 14.052 14.084 13.891 13.853 13.741 13.767
  9.64996119 0.7700000  3.7825 -3.8745 15.119 14.941 14.780 14.528 14.631 14.456 14.280 14.092 14.128 13.932 13.892 13.777 13.803
  9.66465698 0.7700000  3.7773 -3.8955 15.189 15.004 14.840 14.582 14.687 14.507 14.328 14.132 14.172 13.972 13.931 13.812 13.838
  9.67852723 0.7700000  3.7723 -3.9160 15.258 15.067 14.900 14.636 14.743 14.559 14.376 14.172 14.216 14.012 13.970 13.847 13.873
  9.69271953 0.7700000  3.7674 -3.9358 15.326 15.129 14.958 14.689 14.798 14.609 14.422 14.212 14.259 14.052 14.008 13.882 13.908
  9.70561914 0.7700000  3.7626 -3.9552 15.393 15.190 15.016 14.741 14.852 14.659 14.469 14.251 14.302 14.091 14.046 13.916 13.942
  9.71817568 0.7700000  3.7580 -3.9740 15.459 15.251 15.073 14.793 14.906 14.708 14.515 14.289 14.344 14.129 14.083 13.950 13.976
  9.73035103 0.7700000  3.7537 -3.9915 15.521 15.307 15.127 14.841 14.956 14.754 14.558 14.326 14.384 14.166 14.118 13.981 14.008
  9.74219742 0.7700000  3.7504 -4.0055 15.570 15.353 15.170 14.880 14.997 14.792 14.592 14.355 14.416 14.195 14.147 14.007 14.034
  9.75376614 0.7700000  3.7474 -4.0177 15.614 15.393 15.208 14.915 15.032 14.825 14.623 14.381 14.444 14.221 14.172 14.030 14.057
  9.76488514 0.7700000  3.7411 -4.0428 15.707 15.478 15.288 14.986 15.107 14.893 14.687 14.435 14.503 14.274 14.223 14.077 14.104
  9.77515589 0.7700000  3.7375 -4.0573 15.760 15.526 15.334 15.028 15.150 14.933 14.724 14.467 14.538 14.305 14.253 14.104 14.131
  9.78574398 0.7700000  3.7346 -4.0692 15.804 15.566 15.372 15.062 15.186 14.966 14.754 14.494 14.567 14.331 14.278 14.126 14.154
  9.79541480 0.7700000  3.7319 -4.0805 15.846 15.604 15.408 15.095 15.220 14.997 14.783 14.519 14.594 14.356 14.302 14.148 14.175
  9.80495363 0.7700000  3.7282 -4.0954 15.902 15.655 15.456 15.138 15.265 15.038 14.822 14.553 14.630 14.388 14.334 14.176 14.204
  9.81478826 0.7700000  3.7246 -4.1098 15.956 15.705 15.503 15.181 15.310 15.079 14.860 14.587 14.666 14.420 14.364 14.204 14.232
  9.82371203 0.7700000  3.7220 -4.1207 15.997 15.743 15.539 15.213 15.343 15.110 14.889 14.612 14.693 14.444 14.388 14.225 14.253
  9.83242475 0.7700000  3.7196 -4.1306 16.035 15.777 15.571 15.242 15.374 15.138 14.915 14.636 14.718 14.466 14.409 14.244 14.272
  9.84088023 0.7700000  3.7173 -4.1399 16.070 15.809 15.602 15.270 15.402 15.164 14.940 14.658 14.741 14.487 14.429 14.262 14.290
  9.84857863 0.7700000  3.7150 -4.1492 16.106 15.841 15.632 15.297 15.431 15.191 14.965 14.680 14.765 14.508 14.449 14.280 14.308
  9.85671422 0.7700000  3.7127 -4.1589 16.143 15.875 15.664 15.326 15.461 15.218 14.990 14.704 14.789 14.529 14.470 14.299 14.328
  9.86449222 0.7700000  3.7103 -4.1684 16.179 15.908 15.696 15.355 15.491 15.245 15.016 14.727 14.813 14.551 14.491 14.318 14.346
  9.87194547 0.7700000  3.7081 -4.1775 16.214 15.940 15.726 15.382 15.520 15.271 15.040 14.749 14.836 14.571 14.510 14.335 14.364
  9.87926151 0.7700000  3.7061 -4.1857 16.246 15.969 15.753 15.407 15.545 15.295 15.062 14.770 14.857 14.589 14.528 14.351 14.380
  9.88668477 0.7700000  3.7041 -4.1935 16.276 15.997 15.779 15.430 15.570 15.317 15.083 14.789 14.877 14.607 14.545 14.367 14.396
  9.89368265 0.7700000  3.7023 -4.2010 16.305 16.023 15.805 15.453 15.594 15.339 15.103 14.808 14.896 14.624 14.561 14.382 14.411
  9.90050932 0.7700000  3.7005 -4.2083 16.333 16.049 15.829 15.475 15.617 15.360 15.123 14.826 14.915 14.640 14.577 14.396 14.425
  9.90693194 0.7700000  3.6988 -4.2155 16.361 16.075 15.853 15.497 15.639 15.381 15.142 14.844 14.934 14.657 14.593 14.410 14.440
  9.91350469 0.7700000  3.6969 -4.2230 16.390 16.101 15.878 15.520 15.663 15.402 15.162 14.863 14.953 14.673 14.609 14.425 14.454
  9.91992660 0.7700000  3.6951 -4.2303 16.417 16.126 15.902 15.541 15.686 15.423 15.182 14.881 14.971 14.690 14.625 14.439 14.469
  9.92596164 0.7700000  3.6934 -4.2375 16.445 16.152 15.926 15.563 15.708 15.444 15.201 14.899 14.990 14.706 14.641 14.454 14.483
  9.93213920 0.7700000  3.6916 -4.2446 16.472 16.176 15.950 15.584 15.730 15.464 15.220 14.917 15.008 14.722 14.656 14.468 14.497
  9.93793956 0.7700000  3.6899 -4.2516 16.499 16.201 15.973 15.605 15.752 15.484 15.239 14.935 15.026 14.738 14.671 14.481 14.511
  9.94364349 0.7700000  3.6883 -4.2581 16.524 16.223 15.994 15.625 15.772 15.502 15.256 14.951 15.042 14.752 14.685 14.494 14.524
  9.94951869 0.7700000  3.6867 -4.2645 16.548 16.246 16.016 15.644 15.792 15.521 15.274 14.967 15.059 14.766 14.699 14.507 14.537
  9.95503024 0.7700000  3.6852 -4.2710 16.573 16.268 16.037 15.664 15.812 15.539 15.291 14.984 15.075 14.781 14.713 14.520 14.549
  9.96045088 0.7700000  3.6836 -4.2774 16.597 16.291 16.059 15.683 15.832 15.558 15.308 15.000 15.091 14.795 14.727 14.532 14.562
  9.96576812 0.7700000  3.6820 -4.2840 16.622 16.314 16.080 15.703 15.853 15.576 15.326 15.017 15.108 14.810 14.742 14.545 14.575
  9.97076003 0.7700000  3.6806 -4.2895 16.643 16.333 16.099 15.719 15.870 15.592 15.341 15.031 15.122 14.823 14.754 14.556 14.586
  9.97591334 0.7700000  3.6795 -4.2941 16.661 16.349 16.114 15.733 15.884 15.605 15.353 15.042 15.134 14.833 14.763 14.565 14.595
  9.98098516 0.7700000  3.6784 -4.2989 16.679 16.365 16.130 15.747 15.899 15.619 15.366 15.055 15.146 14.844 14.774 14.575 14.605
  9.98597475 0.7700000  3.6772 -4.3037 16.697 16.382 16.145 15.762 15.914 15.632 15.379 15.067 15.159 14.855 14.784 14.584 14.614
  9.99066833 0.7700000  3.6760 -4.3086 16.715 16.399 16.161 15.776 15.929 15.646 15.392 15.079 15.171 14.866 14.795 14.594 14.624
  9.99553292 0.7700000  3.6748 -4.3136 16.733 16.415 16.177 15.791 15.944 15.660 15.405 15.092 15.183 14.877 14.806 14.604 14.634
 10.00011873 0.7700000  3.6736 -4.3186 16.752 16.432 16.193 15.805 15.959 15.674 15.418 15.104 15.196 14.887 14.816 14.613 14.643
 10.00490699 0.7700000  3.6724 -4.3236 16.770 16.449 16.209 15.820 15.974 15.687 15.431 15.116 15.208 14.898 14.827 14.623 14.653
 10.00942641 0.7700000  3.6685 -4.3394 16.828 16.502 16.260 15.865 16.021 15.731 15.472 15.155 15.247 14.933 14.860 14.653 14.683
 10.01386067 0.7700000  3.6639 -4.3579 16.895 16.563 16.318 15.918 16.076 15.781 15.519 15.200 15.292 14.972 14.898 14.688 14.718
 10.01817599 0.7700000  3.6614 -4.3681 16.931 16.596 16.350 15.946 16.106 15.808 15.544 15.225 15.317 14.994 14.919 14.707 14.737
 10.02240620 0.7700000  3.6595 -4.3758 16.958 16.621 16.374 15.968 16.128 15.829 15.564 15.243 15.335 15.011 14.935 14.722 14.752
 10.02665393 0.7700000  3.6576 -4.3835 16.986 16.646 16.397 15.989 16.150 15.849 15.583 15.262 15.354 15.027 14.951 14.736 14.766
 10.03104975 0.7700000  3.6557 -4.3913 17.013 16.671 16.421 16.011 16.173 15.870 15.602 15.280 15.372 15.043 14.967 14.751 14.781
 10.03528966 0.7700000  3.6537 -4.3991 17.040 16.696 16.445 16.033 16.195 15.891 15.622 15.299 15.391 15.060 14.983 14.766 14.795
 10.03948157 0.7700000  3.6517 -4.4071 17.068 16.721 16.469 16.054 16.218 15.911 15.641 15.317 15.409 15.076 14.999 14.780 14.810
 10.04364338 0.7700000  3.6498 -4.4152 17.095 16.746 16.493 16.076 16.240 15.932 15.660 15.336 15.428 15.092 15.015 14.795 14.824
 10.04755153 0.7700000  3.6477 -4.4233 17.122 16.771 16.517 16.097 16.262 15.952 15.679 15.354 15.446 15.109 15.031 14.810 14.839
 10.05163781 0.7700000  3.6457 -4.4316 17.150 16.796 16.541 16.119 16.285 15.973 15.699 15.373 15.465 15.125 15.047 14.825 14.854
 10.05563823 0.7700000  3.6436 -4.4400 17.177 16.821 16.565 16.141 16.308 15.994 15.718 15.392 15.484 15.142 15.063 14.840 14.869
 10.05954817 0.7700000  3.6415 -4.4486 17.205 16.847 16.589 16.163 16.330 16.015 15.738 15.411 15.503 15.159 15.079 14.856 14.884
 10.06342017 0.7700000  3.6393 -4.4574 17.234 16.873 16.614 16.185 16.354 16.036 15.758 15.430 15.522 15.176 15.096 14.872 14.900
 10.06726533 0.7700000  3.6371 -4.4662 17.262 16.898 16.638 16.207 16.377 16.057 15.778 15.449 15.541 15.192 15.112 14.887 14.915
 10.07106535 0.7700000  3.6349 -4.4752 17.290 16.924 16.663 16.230 16.400 16.078 15.798 15.468 15.561 15.209 15.129 14.903 14.931
 10.07473760 0.7700000  3.6326 -4.4844 17.319 16.950 16.688 16.253 16.423 16.100 15.818 15.487 15.580 15.227 15.146 14.920 14.947
 10.07838163 0.7700000  3.6273 -4.4947 17.358 16.984 16.718 16.278 16.450 16.122 15.838 15.505 15.598 15.239 15.158 14.930 14.956
 10.08199039 0.7700000  3.6263 -4.5026 17.379 17.004 16.738 16.296 16.470 16.141 15.856 15.523 15.616 15.256 15.174 14.947 14.973
 10.08557247 0.7700000  3.6250 -4.5112 17.402 17.026 16.759 16.317 16.490 16.160 15.875 15.541 15.634 15.274 15.192 14.964 14.990
 10.08912081 0.7700000  3.6236 -4.5203 17.427 17.049 16.782 16.338 16.512 16.181 15.895 15.561 15.654 15.292 15.210 14.983 15.008
 10.09264837 0.7700000  3.6219 -4.5297 17.453 17.073 16.806 16.360 16.535 16.202 15.915 15.581 15.674 15.311 15.229 15.001 15.026
 10.09614288 0.7700000  3.6201 -4.5393 17.479 17.098 16.829 16.382 16.557 16.223 15.936 15.601 15.694 15.329 15.247 15.020 15.044
 10.09961208 0.7700000  3.6182 -4.5491 17.506 17.123 16.853 16.405 16.580 16.245 15.956 15.621 15.714 15.348 15.266 15.039 15.062
 10.10305415 0.7700000  3.6161 -4.5590 17.533 17.148 16.877 16.427 16.603 16.266 15.977 15.641 15.733 15.366 15.284 15.057 15.080
 10.10646201 0.7700000  3.6140 -4.5690 17.560 17.173 16.901 16.449 16.626 16.287 15.997 15.660 15.753 15.385 15.302 15.076 15.098
 10.10984957 0.7700000  3.6117 -4.5792 17.587 17.198 16.926 16.471 16.649 16.309 16.017 15.680 15.773 15.403 15.320 15.095 15.116
 10.11320975 0.7700000  3.6094 -4.5897 17.615 17.224 16.950 16.494 16.673 16.330 16.038 15.700 15.792 15.422 15.339 15.114 15.134
 10.11654159 0.7700000  3.6069 -4.6003 17.643 17.249 16.975 16.517 16.696 16.352 16.058 15.720 15.812 15.440 15.357 15.133 15.152
 10.11985292 0.7700000  3.6045 -4.6110 17.670 17.275 16.999 16.539 16.719 16.373 16.079 15.740 15.832 15.458 15.376 15.152 15.171
 10.12313928 0.7700000  3.6019 -4.6216 17.697 17.300 17.023 16.561 16.742 16.393 16.098 15.759 15.850 15.476 15.393 15.171 15.188
 10.12639446 0.7700000  3.5993 -4.6326 17.725 17.325 17.048 16.583 16.765 16.415 16.119 15.778 15.870 15.495 15.412 15.192 15.208
 10.12963068 0.7700000  3.5967 -4.6436 17.753 17.350 17.072 16.605 16.788 16.436 16.139 15.798 15.889 15.513 15.431 15.213 15.227
 10.13283997 0.7700000  3.5940 -4.6547 17.780 17.375 17.096 16.627 16.810 16.457 16.159 15.817 15.908 15.531 15.450 15.234 15.246
 10.13602929 0.7700000  3.5913 -4.6660 17.807 17.401 17.120 16.649 16.833 16.478 16.178 15.836 15.927 15.550 15.469 15.255 15.266
 10.13919596 0.7700000  3.5887 -4.6763 17.832 17.423 17.142 16.669 16.853 16.497 16.196 15.853 15.944 15.567 15.486 15.275 15.284
 10.14233463 0.7700000  3.5862 -4.6868 17.857 17.446 17.163 16.688 16.874 16.515 16.214 15.870 15.962 15.584 15.504 15.295 15.302
 10.14545669 0.7700000  3.5836 -4.6974 17.881 17.468 17.185 16.708 16.894 16.534 16.232 15.887 15.979 15.601 15.521 15.316 15.321
 10.14854975 0.7700000  3.5809 -4.7082 17.906 17.491 17.206 16.727 16.914 16.553 16.250 15.904 15.996 15.618 15.539 15.337 15.339
 10.15162345 0.7700000  3.5776 -4.7216 17.936 17.518 17.233 16.751 16.939 16.576 16.271 15.925 16.017 15.639 15.561 15.364 15.363
