#     log(t)    Mwd   log(Teff)log(L/Lo) F435W F475W  F502N  F550M  F555W  F606W  F625W  F658N  F660N  F775W  F814W  F850LP F892N
  6.33987664 0.6100000  4.8392  0.8494  7.868  8.030  8.147  8.250  8.187  8.251  8.343  8.283  8.359  8.519  8.559  8.715  8.729
  6.34446623 0.6100000  4.8407  0.8560  7.862  8.025  8.142  8.245  8.182  8.246  8.338  8.278  8.354  8.514  8.554  8.710  8.725
  6.35126119 0.6100000  4.8379  0.8396  7.882  8.045  8.161  8.264  8.201  8.265  8.357  8.297  8.373  8.533  8.573  8.729  8.744
  6.35617883 0.6100000  4.8346  0.8216  7.901  8.063  8.180  8.282  8.220  8.283  8.375  8.316  8.391  8.551  8.591  8.747  8.761
  6.35942373 0.6100000  4.8320  0.8082  7.914  8.076  8.193  8.295  8.233  8.296  8.388  8.329  8.405  8.564  8.604  8.760  8.774
  6.36230718 0.6100000  4.8296  0.7956  7.927  8.089  8.205  8.307  8.245  8.308  8.400  8.342  8.417  8.576  8.616  8.772  8.786
  6.36504472 0.6100000  4.8272  0.7834  7.939  8.100  8.216  8.319  8.257  8.320  8.412  8.353  8.428  8.587  8.628  8.783  8.797
  6.36771551 0.6100000  4.8248  0.7714  7.950  8.112  8.228  8.330  8.268  8.331  8.423  8.365  8.440  8.598  8.639  8.794  8.808
  6.37035959 0.6100000  4.8225  0.7594  7.962  8.123  8.239  8.341  8.279  8.342  8.434  8.376  8.451  8.609  8.650  8.805  8.819
  6.37299556 0.6100000  4.8201  0.7475  7.973  8.134  8.250  8.352  8.290  8.353  8.445  8.387  8.462  8.620  8.661  8.816  8.830
  6.37563964 0.6100000  4.8178  0.7357  7.984  8.146  8.261  8.363  8.301  8.364  8.456  8.398  8.473  8.630  8.671  8.827  8.841
  6.37830232 0.6100000  4.8155  0.7238  7.996  8.157  8.272  8.374  8.312  8.375  8.467  8.410  8.484  8.641  8.682  8.838  8.852
  6.38098837 0.6100000  4.8131  0.7120  8.007  8.168  8.283  8.384  8.323  8.386  8.478  8.421  8.495  8.652  8.693  8.848  8.862
  6.38370064 0.6100000  4.8108  0.7002  8.018  8.179  8.293  8.395  8.334  8.397  8.488  8.432  8.506  8.662  8.703  8.859  8.873
  6.38643723 0.6100000  4.8084  0.6884  8.029  8.190  8.304  8.406  8.345  8.408  8.499  8.443  8.517  8.673  8.714  8.869  8.883
  6.38920291 0.6100000  4.8060  0.6766  8.040  8.201  8.315  8.416  8.356  8.418  8.510  8.454  8.528  8.683  8.725  8.880  8.894
  6.39199577 0.6100000  4.8037  0.6648  8.051  8.212  8.326  8.427  8.366  8.429  8.520  8.465  8.539  8.694  8.735  8.890  8.904
  6.39482010 0.6100000  4.8013  0.6530  8.063  8.223  8.336  8.438  8.377  8.440  8.531  8.476  8.549  8.705  8.746  8.901  8.914
  6.39767352 0.6100000  4.7990  0.6412  8.074  8.234  8.347  8.448  8.388  8.451  8.542  8.487  8.560  8.715  8.756  8.911  8.925
  6.40055650 0.6100000  4.7966  0.6294  8.085  8.245  8.358  8.459  8.398  8.461  8.552  8.498  8.571  8.725  8.766  8.922  8.935
  6.40347048 0.6100000  4.7942  0.6176  8.095  8.255  8.368  8.470  8.409  8.472  8.563  8.508  8.582  8.736  8.777  8.932  8.946
  6.40641307 0.6100000  4.7918  0.6058  8.106  8.266  8.379  8.480  8.420  8.482  8.573  8.519  8.592  8.746  8.787  8.942  8.956
  6.40938618 0.6100000  4.7894  0.5940  8.117  8.277  8.390  8.491  8.430  8.493  8.584  8.530  8.603  8.757  8.797  8.953  8.966
  6.41238885 0.6100000  4.7870  0.5822  8.128  8.288  8.400  8.501  8.441  8.504  8.594  8.541  8.614  8.767  8.808  8.963  8.976
  6.41542205 0.6100000  4.7847  0.5704  8.139  8.298  8.411  8.511  8.451  8.514  8.605  8.551  8.624  8.777  8.818  8.973  8.987
  6.41848433 0.6100000  4.7823  0.5586  8.150  8.309  8.421  8.522  8.462  8.525  8.615  8.562  8.635  8.788  8.828  8.983  8.997
  6.42157379 0.6100000  4.7798  0.5468  8.160  8.320  8.432  8.532  8.472  8.535  8.625  8.573  8.645  8.798  8.838  8.993  9.007
  6.42468423 0.6100000  4.7774  0.5350  8.171  8.331  8.442  8.543  8.482  8.545  8.636  8.584  8.656  8.808  8.848  9.004  9.017
  6.42782329 0.6100000  4.7750  0.5232  8.182  8.341  8.452  8.553  8.493  8.556  8.646  8.594  8.666  8.818  8.859  9.014  9.027
  6.43099143 0.6100000  4.7726  0.5114  8.193  8.352  8.463  8.563  8.503  8.566  8.656  8.605  8.677  8.828  8.869  9.024  9.037
  6.43419248 0.6100000  4.7702  0.4996  8.204  8.362  8.473  8.574  8.514  8.577  8.667  8.616  8.687  8.839  8.879  9.034  9.047
  6.43742356 0.6100000  4.7678  0.4878  8.214  8.373  8.484  8.584  8.524  8.587  8.677  8.626  8.698  8.849  8.889  9.044  9.058
  6.44068183 0.6100000  4.7654  0.4759  8.225  8.384  8.494  8.594  8.535  8.598  8.687  8.637  8.709  8.859  8.900  9.054  9.068
  6.44395870 0.6100000  4.7629  0.4641  8.236  8.394  8.505  8.605  8.545  8.608  8.698  8.648  8.719  8.869  8.910  9.064  9.078
  6.44725226 0.6100000  4.7605  0.4523  8.247  8.405  8.515  8.615  8.555  8.618  8.708  8.658  8.729  8.879  8.920  9.074  9.088
  6.45056870 0.6100000  4.7580  0.4405  8.257  8.415  8.525  8.625  8.566  8.628  8.718  8.669  8.740  8.889  8.930  9.084  9.098
  6.45391567 0.6100000  4.7556  0.4286  8.268  8.426  8.536  8.635  8.576  8.639  8.728  8.680  8.751  8.899  8.940  9.095  9.108
  6.45729030 0.6100000  4.7531  0.4168  8.279  8.437  8.546  8.646  8.586  8.649  8.738  8.690  8.761  8.909  8.950  9.105  9.118
  6.46068876 0.6100000  4.7507  0.4050  8.290  8.447  8.556  8.656  8.597  8.659  8.748  8.701  8.771  8.919  8.960  9.115  9.128
  6.46412395 0.6100000  4.7483  0.3932  8.300  8.458  8.566  8.666  8.607  8.670  8.759  8.711  8.782  8.929  8.970  9.125  9.138
  6.46758489 0.6100000  4.7458  0.3814  8.311  8.468  8.577  8.676  8.617  8.680  8.769  8.722  8.792  8.939  8.980  9.135  9.148
  6.47106871 0.6100000  4.7433  0.3696  8.322  8.478  8.587  8.686  8.627  8.690  8.779  8.732  8.802  8.949  8.990  9.145  9.158
  6.47457972 0.6100000  4.7409  0.3578  8.332  8.489  8.597  8.696  8.637  8.700  8.789  8.743  8.813  8.959  9.000  9.155  9.168
  6.47810980 0.6100000  4.7384  0.3459  8.343  8.499  8.607  8.706  8.648  8.710  8.799  8.753  8.823  8.969  9.010  9.165  9.178
  6.48166802 0.6100000  4.7359  0.3341  8.353  8.510  8.617  8.716  8.658  8.720  8.809  8.764  8.833  8.979  9.020  9.174  9.188
  6.48524484 0.6100000  4.7335  0.3223  8.364  8.520  8.627  8.726  8.668  8.730  8.819  8.774  8.844  8.989  9.030  9.184  9.198
  6.48884264 0.6100000  4.7310  0.3104  8.375  8.531  8.638  8.736  8.678  8.741  8.829  8.784  8.854  8.999  9.040  9.194  9.207
  6.49246238 0.6100000  4.7285  0.2986  8.385  8.541  8.648  8.746  8.688  8.751  8.839  8.795  8.864  9.008  9.049  9.204  9.217
  6.49610691 0.6100000  4.7260  0.2868  8.395  8.551  8.658  8.756  8.698  8.761  8.849  8.805  8.874  9.018  9.059  9.213  9.227
  6.49977720 0.6100000  4.7235  0.2750  8.406  8.561  8.668  8.766  8.708  8.770  8.858  8.815  8.884  9.028  9.069  9.223  9.236
  6.50346942 0.6100000  4.7210  0.2632  8.416  8.571  8.677  8.776  8.718  8.780  8.868  8.826  8.894  9.038  9.078  9.232  9.246
  6.50718691 0.6100000  4.7185  0.2513  8.427  8.582  8.688  8.786  8.728  8.790  8.878  8.836  8.905  9.047  9.088  9.242  9.256
  6.51091824 0.6100000  4.7160  0.2395  8.437  8.592  8.697  8.796  8.738  8.800  8.888  8.846  8.915  9.057  9.098  9.252  9.265
  6.51468534 0.6100000  4.7135  0.2277  8.447  8.602  8.707  8.805  8.748  8.810  8.898  8.856  8.925  9.067  9.107  9.261  9.275
  6.51847246 0.6100000  4.7110  0.2159  8.458  8.612  8.717  8.815  8.758  8.820  8.907  8.867  8.935  9.076  9.117  9.271  9.284
  6.52227866 0.6100000  4.7085  0.2040  8.468  8.622  8.727  8.825  8.768  8.830  8.917  8.877  8.945  9.086  9.127  9.280  9.294
  6.52610345 0.6100000  4.7059  0.1922  8.478  8.632  8.737  8.835  8.778  8.839  8.927  8.887  8.954  9.096  9.136  9.289  9.303
  6.52994447 0.6100000  4.7034  0.1804  8.489  8.642  8.747  8.844  8.788  8.849  8.936  8.897  8.964  9.105  9.145  9.299  9.312
  6.53380885 0.6100000  4.7009  0.1685  8.499  8.652  8.757  8.854  8.798  8.859  8.946  8.907  8.974  9.115  9.155  9.308  9.322
  6.53769469 0.6100000  4.6983  0.1567  8.509  8.662  8.766  8.864  8.807  8.868  8.956  8.917  8.984  9.124  9.164  9.318  9.331
  6.54160056 0.6100000  4.6958  0.1448  8.520  8.673  8.776  8.874  8.817  8.878  8.966  8.928  8.994  9.134  9.174  9.327  9.340
  6.54551978 0.6100000  4.6932  0.1330  8.530  8.683  8.786  8.883  8.827  8.888  8.975  8.938  9.004  9.143  9.183  9.337  9.350
  6.54946095 0.6100000  4.6906  0.1212  8.540  8.693  8.796  8.893  8.837  8.898  8.985  8.948  9.014  9.153  9.193  9.346  9.359
  6.55341356 0.6100000  4.6880  0.1093  8.551  8.703  8.805  8.902  8.847  8.908  8.995  8.958  9.024  9.162  9.202  9.355  9.369
  6.55737189 0.6100000  4.6855  0.0974  8.561  8.713  8.815  8.912  8.857  8.917  9.004  8.968  9.034  9.172  9.212  9.365  9.378
  6.56134453 0.6100000  4.6829  0.0856  8.571  8.723  8.825  8.922  8.866  8.927  9.014  8.978  9.044  9.181  9.221  9.374  9.387
  6.56534579 0.6100000  4.6803  0.0738  8.581  8.733  8.835  8.931  8.876  8.937  9.023  8.988  9.054  9.191  9.231  9.384  9.396
  6.56937471 0.6100000  4.6777  0.0620  8.592  8.743  8.844  8.941  8.886  8.946  9.033  8.999  9.063  9.200  9.240  9.393  9.406
  6.57343272 0.6100000  4.6751  0.0502  8.602  8.753  8.854  8.950  8.896  8.956  9.042  9.009  9.073  9.210  9.249  9.402  9.415
  6.57751934 0.6100000  4.6725  0.0384  8.612  8.763  8.864  8.960  8.905  8.966  9.052  9.019  9.083  9.219  9.259  9.412  9.424
  6.58163697 0.6100000  4.6699  0.0266  8.622  8.773  8.874  8.970  8.915  8.975  9.062  9.029  9.093  9.229  9.268  9.421  9.434
  6.58578654 0.6100000  4.6674  0.0148  8.633  8.783  8.883  8.980  8.925  8.985  9.071  9.039  9.103  9.238  9.278  9.431  9.443
  6.58997522 0.6100000  4.6648  0.0031  8.643  8.793  8.893  8.989  8.935  8.995  9.081  9.049  9.113  9.248  9.287  9.440  9.452
  6.59420158 0.6100000  4.6622 -0.0087  8.653  8.803  8.903  8.999  8.944  9.005  9.090  9.060  9.123  9.257  9.296  9.449  9.462
  6.59845798 0.6100000  4.6596 -0.0205  8.664  8.813  8.913  9.008  8.954  9.014  9.100  9.070  9.133  9.267  9.306  9.459  9.471
  6.60274443 0.6100000  4.6570 -0.0323  8.674  8.823  8.923  9.018  8.964  9.024  9.110  9.080  9.143  9.276  9.315  9.469  9.480
  6.60706140 0.6100000  4.6544 -0.0441  8.685  8.834  8.932  9.028  8.974  9.034  9.119  9.091  9.153  9.286  9.325  9.478  9.490
  6.61140984 0.6100000  4.6518 -0.0559  8.695  8.844  8.943  9.038  8.984  9.044  9.129  9.101  9.163  9.295  9.335  9.488  9.499
  6.61580073 0.6100000  4.6492 -0.0677  8.706  8.854  8.953  9.048  8.994  9.054  9.139  9.112  9.173  9.305  9.344  9.497  9.509
  6.62022596 0.6100000  4.6466 -0.0795  8.716  8.865  8.962  9.058  9.004  9.064  9.149  9.122  9.183  9.315  9.354  9.507  9.518
  6.62468696 0.6100000  4.6440 -0.0912  8.727  8.875  8.972  9.067  9.014  9.074  9.159  9.132  9.193  9.324  9.363  9.516  9.528
  6.62917944 0.6100000  4.6414 -0.1030  8.738  8.885  8.982  9.077  9.024  9.084  9.169  9.143  9.204  9.334  9.373  9.526  9.537
  6.63370291 0.6100000  4.6388 -0.1148  8.748  8.896  8.992  9.087  9.034  9.094  9.179  9.154  9.214  9.344  9.383  9.536  9.547
  6.63826693 0.6100000  4.6362 -0.1266  8.759  8.906  9.003  9.097  9.044  9.104  9.189  9.164  9.224  9.354  9.393  9.546  9.557
  6.64287148 0.6100000  4.6336 -0.1384  8.770  8.917  9.013  9.107  9.055  9.114  9.199  9.175  9.235  9.363  9.403  9.555  9.566
  6.64751228 0.6100000  4.6310 -0.1501  8.781  8.927  9.023  9.117  9.065  9.124  9.209  9.186  9.245  9.373  9.412  9.565  9.576
  6.65219600 0.6100000  4.6284 -0.1619  8.792  8.938  9.033  9.127  9.075  9.134  9.219  9.196  9.255  9.383  9.422  9.575  9.586
  6.65691264 0.6100000  4.6257 -0.1737  8.803  8.949  9.043  9.138  9.085  9.145  9.229  9.207  9.266  9.393  9.432  9.585  9.596
  6.66168030 0.6100000  4.6231 -0.1854  8.814  8.959  9.053  9.148  9.095  9.155  9.239  9.218  9.276  9.403  9.442  9.594  9.605
  6.66649756 0.6100000  4.6205 -0.1972  8.825  8.970  9.064  9.158  9.106  9.165  9.249  9.229  9.287  9.413  9.452  9.604  9.615
  6.67134487 0.6100000  4.6179 -0.2090  8.836  8.981  9.074  9.168  9.116  9.176  9.260  9.240  9.298  9.423  9.462  9.614  9.625
  6.67623844 0.6100000  4.6153 -0.2207  8.847  8.991  9.084  9.178  9.126  9.186  9.270  9.251  9.308  9.432  9.472  9.624  9.635
  6.68117923 0.6100000  4.6127 -0.2325  8.858  9.002  9.095  9.189  9.137  9.196  9.280  9.262  9.319  9.442  9.482  9.634  9.645
  6.68616486 0.6100000  4.6101 -0.2442  8.869  9.013  9.105  9.199  9.147  9.206  9.290  9.273  9.329  9.452  9.491  9.644  9.654
  6.69119436 0.6100000  4.6075 -0.2560  8.880  9.024  9.115  9.209  9.158  9.217  9.300  9.284  9.340  9.462  9.502  9.654  9.664
  6.69625439 0.6100000  4.6049 -0.2678  8.891  9.035  9.126  9.220  9.168  9.227  9.311  9.295  9.351  9.473  9.512  9.664  9.674
  6.70136020 0.6100000  4.6023 -0.2794  8.902  9.045  9.136  9.230  9.178  9.238  9.321  9.306  9.361  9.482  9.522  9.674  9.684
  6.70654185 0.6100000  4.5996 -0.2912  8.914  9.057  9.147  9.240  9.189  9.249  9.332  9.317  9.373  9.493  9.532  9.684  9.695
  6.71177739 0.6100000  4.5970 -0.3029  8.926  9.068  9.158  9.251  9.200  9.259  9.342  9.329  9.384  9.503  9.542  9.694  9.705
  6.71706158 0.6100000  4.5944 -0.3147  8.938  9.080  9.169  9.262  9.211  9.270  9.353  9.341  9.395  9.514  9.553  9.705  9.715
  6.72237820 0.6100000  4.5918 -0.3265  8.950  9.091  9.180  9.273  9.222  9.281  9.364  9.352  9.406  9.524  9.564  9.716  9.726
  6.72774062 0.6100000  4.5892 -0.3382  8.962  9.103  9.191  9.284  9.234  9.293  9.375  9.364  9.418  9.535  9.574  9.726  9.736
  6.73317267 0.6100000  4.5866 -0.3499  8.973  9.114  9.202  9.295  9.245  9.304  9.386  9.376  9.429  9.546  9.585  9.737  9.747
  6.73867721 0.6100000  4.5840 -0.3615  8.985  9.126  9.213  9.305  9.256  9.315  9.397  9.388  9.440  9.556  9.595  9.747  9.757
  6.74425568 0.6100000  4.5814 -0.3733  8.998  9.137  9.224  9.317  9.267  9.326  9.408  9.400  9.452  9.567  9.606  9.758  9.768
  6.74989806 0.6100000  4.5788 -0.3850  9.010  9.149  9.236  9.328  9.279  9.337  9.419  9.412  9.464  9.578  9.617  9.769  9.778
  6.75559673 0.6100000  4.5762 -0.3967  9.022  9.161  9.247  9.339  9.290  9.349  9.430  9.424  9.475  9.589  9.628  9.779  9.789
  6.76138220 0.6100000  4.5735 -0.4083  9.034  9.173  9.258  9.350  9.301  9.360  9.441  9.436  9.487  9.599  9.639  9.790  9.800
  6.76724683 0.6100000  4.5709 -0.4200  9.047  9.185  9.270  9.361  9.313  9.371  9.452  9.449  9.499  9.610  9.650  9.801  9.810
  6.77317729 0.6100000  4.5683 -0.4318  9.059  9.197  9.282  9.373  9.325  9.383  9.464  9.461  9.511  9.622  9.661  9.812  9.821
  6.77916500 0.6100000  4.5657 -0.4434  9.072  9.209  9.293  9.384  9.336  9.394  9.475  9.474  9.523  9.633  9.672  9.823  9.832
  6.78524093 0.6100000  4.5631 -0.4551  9.084  9.221  9.305  9.396  9.348  9.406  9.486  9.486  9.535  9.644  9.683  9.834  9.843
  6.79139461 0.6100000  4.5605 -0.4668  9.097  9.233  9.316  9.407  9.360  9.418  9.498  9.499  9.547  9.655  9.694  9.845  9.854
  6.79761316 0.6100000  4.5579 -0.4785  9.110  9.246  9.328  9.419  9.371  9.430  9.510  9.512  9.559  9.666  9.706  9.856  9.865
  6.80391089 0.6100000  4.5553 -0.4902  9.123  9.258  9.340  9.430  9.383  9.442  9.521  9.525  9.571  9.678  9.717  9.868  9.876
  6.81028684 0.6100000  4.5526 -0.5019  9.136  9.271  9.352  9.442  9.395  9.454  9.533  9.537  9.583  9.689  9.728  9.879  9.887
  6.81673529 0.6100000  4.5500 -0.5136  9.149  9.283  9.364  9.454  9.407  9.466  9.544  9.550  9.596  9.700  9.740  9.890  9.899
  6.82324671 0.6100000  4.5474 -0.5253  9.162  9.296  9.376  9.466  9.419  9.478  9.556  9.563  9.608  9.712  9.751  9.901  9.910
  6.82982014 0.6100000  4.5448 -0.5370  9.175  9.308  9.388  9.478  9.432  9.490  9.568  9.576  9.621  9.723  9.763  9.913  9.921
  6.83645606 0.6100000  4.5421 -0.5487  9.189  9.322  9.401  9.490  9.444  9.502  9.580  9.590  9.634  9.735  9.775  9.925  9.933
  6.84315876 0.6100000  4.5395 -0.5604  9.203  9.335  9.414  9.503  9.457  9.515  9.593  9.604  9.647  9.748  9.787  9.937  9.945
  6.84993683 0.6100000  4.5369 -0.5721  9.218  9.349  9.427  9.516  9.471  9.528  9.606  9.619  9.661  9.760  9.800  9.949  9.958
  6.85678788 0.6100000  4.5342 -0.5838  9.232  9.363  9.440  9.529  9.484  9.542  9.619  9.633  9.675  9.773  9.812  9.962  9.970
  6.86369761 0.6100000  4.5316 -0.5955  9.247  9.377  9.453  9.542  9.497  9.555  9.632  9.648  9.688  9.786  9.825  9.974  9.982
  6.87063931 0.6100000  4.5289 -0.6072  9.262  9.391  9.467  9.555  9.511  9.568  9.645  9.662  9.702  9.798  9.838  9.987  9.995
  6.87765734 0.6100000  4.5262 -0.6189  9.277  9.406  9.480  9.568  9.524  9.582  9.658  9.677  9.717  9.811  9.850 10.000 10.007
  6.88475838 0.6100000  4.5236 -0.6305  9.292  9.420  9.494  9.581  9.538  9.595  9.672  9.692  9.731  9.824  9.863 10.012 10.020
  6.89195338 0.6100000  4.5209 -0.6422  9.307  9.435  9.507  9.595  9.552  9.609  9.685  9.707  9.745  9.838  9.877 10.025 10.033
  6.89924188 0.6100000  4.5183 -0.6538  9.322  9.449  9.521  9.609  9.566  9.623  9.699  9.722  9.760  9.851  9.890 10.038 10.046
  6.90662340 0.6100000  4.5156 -0.6655  9.338  9.464  9.535  9.622  9.580  9.637  9.713  9.738  9.775  9.864  9.903 10.052 10.059
  6.91409747 0.6100000  4.5130 -0.6771  9.353  9.479  9.549  9.636  9.594  9.651  9.726  9.753  9.789  9.878  9.916 10.065 10.072
  6.92167315 0.6100000  4.5103 -0.6887  9.369  9.494  9.564  9.650  9.609  9.665  9.741  9.769  9.804  9.891  9.930 10.078 10.085
  6.92938954 0.6100000  4.5077 -0.7003  9.385  9.510  9.578  9.664  9.623  9.680  9.755  9.785  9.820  9.905  9.944 10.092 10.099
  6.93725285 0.6100000  4.5051 -0.7118  9.401  9.525  9.592  9.679  9.638  9.694  9.769  9.801  9.835  9.919  9.957 10.105 10.112
  6.94525974 0.6100000  4.5024 -0.7234  9.418  9.540  9.607  9.693  9.652  9.709  9.783  9.817  9.850  9.933  9.971 10.119 10.126
  6.95341546 0.6100000  4.4998 -0.7350  9.434  9.556  9.622  9.708  9.667  9.723  9.798  9.833  9.866  9.947  9.986 10.133 10.139
  6.96171761 0.6100000  4.4972 -0.7466  9.451  9.572  9.637  9.722  9.682  9.738  9.812  9.850  9.882  9.961 10.000 10.147 10.153
  6.97014714 0.6100000  4.4945 -0.7581  9.468  9.588  9.652  9.737  9.697  9.753  9.827  9.866  9.897  9.975 10.014 10.161 10.167
  6.97871405 0.6100000  4.4919 -0.7697  9.485  9.604  9.667  9.752  9.713  9.768  9.842  9.883  9.913  9.990 10.028 10.175 10.181
  6.98742597 0.6100000  4.4893 -0.7813  9.502  9.621  9.682  9.767  9.728  9.784  9.857  9.900  9.930 10.005 10.043 10.189 10.196
  6.99628053 0.6100000  4.4866 -0.7928  9.519  9.637  9.698  9.782  9.744  9.799  9.872  9.917  9.946 10.019 10.058 10.204 10.210
  7.00527964 0.6100000  4.4840 -0.8044  9.536  9.654  9.713  9.797  9.759  9.815  9.888  9.934  9.962 10.034 10.073 10.218 10.224
  7.01442567 0.6100000  4.4814 -0.8160  9.554  9.671  9.729  9.813  9.775  9.831  9.903  9.952  9.979 10.049 10.088 10.233 10.239
  7.02372104 0.6100000  4.4788 -0.8274  9.572  9.687  9.745  9.828  9.791  9.846  9.919  9.969  9.996 10.064 10.102 10.248 10.253
  7.03323108 0.6100000  4.4761 -0.8389  9.589  9.704  9.760  9.843  9.807  9.862  9.934  9.986 10.012 10.079 10.117 10.262 10.268
  7.04297532 0.6100000  4.4735 -0.8504  9.605  9.719  9.775  9.858  9.821  9.876  9.948 10.002 10.027 10.093 10.131 10.275 10.281
  7.05293897 0.6100000  4.4709 -0.8619  9.622  9.735  9.789  9.872  9.836  9.891  9.962 10.017 10.042 10.106 10.144 10.289 10.294
  7.06305243 0.6100000  4.4683 -0.8735  9.638  9.751  9.804  9.887  9.851  9.905  9.977 10.033 10.057 10.120 10.158 10.302 10.307
  7.07331329 0.6100000  4.4656 -0.8851  9.655  9.767  9.819  9.901  9.866  9.920  9.991 10.049 10.073 10.134 10.172 10.316 10.321
  7.08369012 0.6100000  4.4630 -0.8966  9.672  9.782  9.834  9.915  9.881  9.935 10.005 10.064 10.088 10.147 10.185 10.329 10.334
  7.09426065 0.6100000  4.4604 -0.9080  9.688  9.798  9.848  9.930  9.895  9.949 10.019 10.080 10.103 10.161 10.199 10.342 10.347
  7.10506871 0.6100000  4.4577 -0.9196  9.705  9.814  9.863  9.944  9.910  9.964 10.034 10.096 10.118 10.175 10.212 10.356 10.361
  7.11602420 0.6100000  4.4551 -0.9311  9.722  9.829  9.878  9.959  9.925  9.978 10.048 10.111 10.133 10.188 10.226 10.369 10.374
  7.12709514 0.6100000  4.4524 -0.9427  9.739  9.845  9.893  9.973  9.940  9.993 10.063 10.127 10.149 10.202 10.240 10.382 10.387
  7.13825724 0.6100000  4.4498 -0.9543  9.755  9.861  9.908  9.988  9.955 10.008 10.077 10.143 10.164 10.216 10.253 10.395 10.400
  7.14950906 0.6100000  4.4471 -0.9659  9.772  9.877  9.923 10.002  9.970 10.023 10.091 10.158 10.179 10.230 10.267 10.409 10.413
  7.16084632 0.6100000  4.4445 -0.9775  9.789  9.893  9.938 10.017  9.985 10.038 10.106 10.174 10.195 10.244 10.281 10.422 10.427
  7.17226853 0.6100000  4.4418 -0.9891  9.806  9.909  9.953 10.032 10.000 10.052 10.120 10.190 10.210 10.257 10.294 10.435 10.440
  7.18376951 0.6100000  4.4391 -1.0007  9.824  9.925  9.968 10.046 10.015 10.067 10.135 10.205 10.225 10.271 10.308 10.449 10.453
  7.19536735 0.6100000  4.4364 -1.0124  9.841  9.942  9.983 10.061 10.030 10.082 10.150 10.221 10.241 10.285 10.322 10.462 10.467
  7.20702157 0.6100000  4.4338 -1.0239  9.858  9.958  9.998 10.076 10.045 10.097 10.164 10.236 10.256 10.298 10.335 10.475 10.480
  7.21877364 0.6100000  4.4311 -1.0355  9.875  9.974 10.013 10.090 10.060 10.112 10.178 10.252 10.271 10.312 10.349 10.489 10.493
  7.23062354 0.6100000  4.4284 -1.0471  9.892  9.990 10.029 10.105 10.075 10.127 10.193 10.268 10.287 10.326 10.362 10.502 10.506
  7.24255415 0.6100000  4.4257 -1.0587  9.910 10.006 10.044 10.120 10.090 10.142 10.207 10.283 10.302 10.340 10.376 10.515 10.519
  7.25459786 0.6100000  4.4230 -1.0703  9.927 10.023 10.059 10.134 10.106 10.157 10.222 10.299 10.317 10.353 10.390 10.528 10.533
  7.26672849 0.6100000  4.4204 -1.0818  9.944 10.039 10.074 10.149 10.121 10.171 10.236 10.314 10.332 10.367 10.403 10.541 10.546
  7.27899415 0.6100000  4.4177 -1.0934  9.961 10.055 10.089 10.164 10.136 10.186 10.251 10.330 10.348 10.381 10.417 10.555 10.559
  7.29133052 0.6100000  4.4150 -1.1050  9.979 10.071 10.105 10.179 10.151 10.201 10.265 10.345 10.363 10.394 10.430 10.568 10.572
  7.30379624 0.6100000  4.4123 -1.1165  9.996 10.087 10.120 10.193 10.166 10.216 10.280 10.360 10.378 10.408 10.444 10.581 10.585
  7.31640038 0.6100000  4.4096 -1.1280 10.013 10.104 10.135 10.208 10.181 10.231 10.294 10.376 10.393 10.421 10.457 10.594 10.598
  7.32913387 0.6100000  4.4069 -1.1396 10.031 10.120 10.150 10.223 10.196 10.246 10.309 10.391 10.409 10.435 10.471 10.607 10.611
  7.34199434 0.6100000  4.4042 -1.1511 10.048 10.136 10.165 10.237 10.211 10.261 10.323 10.407 10.424 10.449 10.484 10.620 10.624
  7.35497702 0.6100000  4.4015 -1.1626 10.066 10.153 10.181 10.252 10.227 10.276 10.338 10.422 10.439 10.462 10.497 10.633 10.637
  7.36809240 0.6100000  4.3988 -1.1742 10.084 10.169 10.196 10.267 10.242 10.291 10.352 10.437 10.455 10.476 10.511 10.646 10.650
  7.38131285 0.6100000  4.3961 -1.1857 10.100 10.185 10.210 10.281 10.256 10.305 10.366 10.452 10.469 10.489 10.524 10.659 10.662
  7.39467505 0.6100000  4.3934 -1.1972 10.116 10.199 10.224 10.294 10.270 10.319 10.379 10.466 10.483 10.501 10.536 10.670 10.674
  7.40814467 0.6100000  4.3907 -1.2088 10.132 10.214 10.238 10.308 10.284 10.332 10.392 10.480 10.497 10.514 10.548 10.682 10.686
  7.42169172 0.6100000  4.3880 -1.2203 10.148 10.229 10.252 10.321 10.298 10.346 10.405 10.494 10.511 10.526 10.561 10.694 10.698
  7.43535907 0.6100000  4.3853 -1.2319 10.164 10.244 10.266 10.334 10.312 10.359 10.419 10.509 10.525 10.538 10.573 10.706 10.709
  7.44911192 0.6100000  4.3826 -1.2434 10.179 10.259 10.280 10.347 10.325 10.373 10.431 10.522 10.539 10.550 10.585 10.718 10.721
  7.46293456 0.6100000  4.3799 -1.2550 10.195 10.273 10.293 10.361 10.339 10.386 10.445 10.536 10.552 10.563 10.597 10.729 10.733
  7.47685079 0.6100000  4.3771 -1.2666 10.211 10.288 10.307 10.374 10.352 10.399 10.457 10.550 10.566 10.575 10.609 10.741 10.744
  7.49082012 0.6100000  4.3744 -1.2781 10.226 10.303 10.321 10.387 10.366 10.413 10.470 10.564 10.580 10.587 10.621 10.753 10.756
  7.50484969 0.6100000  4.3717 -1.2897 10.242 10.317 10.334 10.400 10.379 10.426 10.483 10.578 10.593 10.599 10.633 10.764 10.767
  7.51892708 0.6100000  4.3690 -1.3013 10.257 10.332 10.348 10.413 10.393 10.439 10.496 10.591 10.607 10.611 10.645 10.775 10.778
  7.53302752 0.6100000  4.3662 -1.3129 10.273 10.346 10.361 10.426 10.406 10.452 10.508 10.605 10.620 10.623 10.656 10.787 10.790
  7.54714908 0.6100000  4.3635 -1.3245 10.288 10.360 10.374 10.439 10.419 10.465 10.521 10.618 10.634 10.635 10.668 10.798 10.801
  7.56127938 0.6100000  4.3608 -1.3361 10.304 10.375 10.388 10.452 10.433 10.478 10.534 10.632 10.647 10.646 10.680 10.809 10.812
  7.57540220 0.6100000  4.3581 -1.3478 10.319 10.389 10.401 10.465 10.446 10.491 10.546 10.645 10.661 10.658 10.691 10.821 10.823
  7.58950514 0.6100000  4.3553 -1.3594 10.334 10.403 10.414 10.477 10.459 10.504 10.559 10.659 10.674 10.670 10.703 10.832 10.834
  7.60357678 0.6100000  4.3526 -1.3711 10.350 10.418 10.428 10.490 10.472 10.517 10.571 10.672 10.687 10.682 10.714 10.843 10.845
  7.61763712 0.6100000  4.3498 -1.3827 10.365 10.432 10.441 10.502 10.485 10.530 10.583 10.685 10.700 10.693 10.726 10.854 10.856
  7.63166331 0.6100000  4.3471 -1.3943 10.380 10.446 10.454 10.515 10.498 10.542 10.596 10.698 10.713 10.704 10.737 10.865 10.867
  7.64566007 0.6100000  4.3444 -1.4060 10.395 10.460 10.467 10.527 10.511 10.555 10.608 10.711 10.726 10.716 10.748 10.875 10.878
  7.65959164 0.6100000  4.3416 -1.4177 10.410 10.474 10.480 10.540 10.524 10.568 10.620 10.724 10.739 10.727 10.760 10.886 10.888
  7.67344849 0.6100000  4.3388 -1.4294 10.425 10.488 10.493 10.552 10.537 10.580 10.632 10.737 10.752 10.739 10.771 10.897 10.899
  7.68720774 0.6100000  4.3361 -1.4411 10.440 10.501 10.506 10.565 10.549 10.593 10.644 10.750 10.765 10.750 10.782 10.908 10.909
  7.70087943 0.6100000  4.3333 -1.4528 10.455 10.515 10.519 10.577 10.562 10.605 10.656 10.762 10.777 10.761 10.793 10.918 10.920
  7.71446923 0.6100000  4.3305 -1.4645 10.469 10.529 10.531 10.589 10.575 10.618 10.668 10.775 10.790 10.772 10.804 10.928 10.930
  7.72795385 0.6100000  4.3277 -1.4762 10.484 10.542 10.544 10.601 10.587 10.630 10.680 10.788 10.803 10.783 10.814 10.939 10.941
  7.74135278 0.6100000  4.3250 -1.4880 10.499 10.556 10.557 10.613 10.600 10.642 10.692 10.800 10.815 10.794 10.825 10.949 10.951
  7.75464937 0.6100000  4.3222 -1.4997 10.513 10.570 10.569 10.625 10.612 10.654 10.703 10.813 10.828 10.805 10.836 10.960 10.961
  7.76784356 0.6100000  4.3194 -1.5115 10.528 10.583 10.582 10.637 10.625 10.667 10.715 10.825 10.840 10.816 10.847 10.970 10.971
  7.78090065 0.6100000  4.3166 -1.5232 10.542 10.597 10.594 10.649 10.637 10.679 10.726 10.837 10.853 10.826 10.857 10.980 10.981
  7.79386871 0.6100000  4.3138 -1.5350 10.557 10.610 10.607 10.661 10.649 10.691 10.738 10.850 10.865 10.837 10.868 10.990 10.991
  7.80671628 0.6100000  4.3110 -1.5467 10.571 10.623 10.619 10.673 10.661 10.702 10.749 10.861 10.877 10.847 10.878 11.000 11.001
  7.81942628 0.6100000  4.3082 -1.5585 10.586 10.637 10.631 10.684 10.674 10.714 10.761 10.874 10.889 10.858 10.889 11.010 11.011
  7.83203722 0.6100000  4.3054 -1.5703 10.600 10.650 10.644 10.696 10.686 10.726 10.772 10.886 10.901 10.869 10.899 11.020 11.021
  7.84450915 0.6100000  4.3026 -1.5820 10.614 10.663 10.656 10.707 10.698 10.738 10.783 10.897 10.913 10.879 10.909 11.029 11.030
  7.85686966 0.6100000  4.2998 -1.5938 10.628 10.676 10.668 10.719 10.710 10.750 10.795 10.910 10.926 10.890 10.920 11.039 11.040
  7.86909543 0.6100000  4.2970 -1.6056 10.643 10.690 10.681 10.732 10.723 10.762 10.807 10.923 10.939 10.901 10.931 11.050 11.051
  7.88119455 0.6100000  4.2942 -1.6174 10.659 10.704 10.694 10.744 10.735 10.775 10.819 10.936 10.951 10.912 10.941 11.060 11.061
  7.89316751 0.6100000  4.2914 -1.6292 10.674 10.718 10.706 10.756 10.748 10.787 10.831 10.949 10.964 10.923 10.952 11.070 11.071
  7.90501623 0.6100000  4.2886 -1.6410 10.689 10.732 10.719 10.768 10.761 10.799 10.842 10.962 10.977 10.934 10.963 11.080 11.081
  7.91674314 0.6100000  4.2858 -1.6528 10.704 10.746 10.732 10.780 10.773 10.812 10.854 10.975 10.990 10.945 10.974 11.091 11.092
  7.92837632 0.6100000  4.2830 -1.6646 10.719 10.760 10.745 10.792 10.786 10.824 10.866 10.988 11.003 10.956 10.985 11.101 11.102
  7.93989189 0.6100000  4.2801 -1.6764 10.734 10.774 10.757 10.804 10.799 10.836 10.878 11.001 11.016 10.967 10.996 11.111 11.112
  7.95126992 0.6100000  4.2773 -1.6882 10.749 10.787 10.770 10.816 10.811 10.849 10.890 11.014 11.029 10.978 11.006 11.121 11.122
  7.96253423 0.6100000  4.2745 -1.7000 10.764 10.801 10.783 10.828 10.824 10.861 10.902 11.027 11.042 10.989 11.017 11.131 11.132
  7.97368865 0.6100000  4.2717 -1.7119 10.779 10.815 10.796 10.841 10.836 10.874 10.913 11.040 11.055 11.000 11.028 11.141 11.142
  7.98473410 0.6100000  4.2689 -1.7237 10.794 10.829 10.808 10.852 10.849 10.886 10.925 11.053 11.067 11.011 11.039 11.151 11.152
  7.99566675 0.6100000  4.2660 -1.7355 10.809 10.843 10.821 10.864 10.861 10.898 10.937 11.066 11.080 11.021 11.049 11.161 11.162
  8.00647004 0.6100000  4.2632 -1.7473 10.823 10.856 10.833 10.876 10.874 10.910 10.948 11.079 11.093 11.032 11.060 11.171 11.172
  8.01718488 0.6100000  4.2604 -1.7592 10.839 10.870 10.846 10.888 10.886 10.922 10.960 11.092 11.106 11.043 11.071 11.181 11.182
  8.02779033 0.6100000  4.2576 -1.7710 10.853 10.884 10.859 10.900 10.899 10.935 10.972 11.104 11.119 11.054 11.081 11.190 11.192
  8.03829594 0.6100000  4.2547 -1.7828 10.868 10.898 10.871 10.912 10.911 10.947 10.983 11.117 11.131 11.064 11.092 11.200 11.202
  8.04870361 0.6100000  4.2519 -1.7946 10.883 10.911 10.884 10.924 10.924 10.959 10.995 11.130 11.144 11.075 11.102 11.210 11.211
  8.05901241 0.6100000  4.2491 -1.8065 10.898 10.925 10.896 10.936 10.936 10.971 11.007 11.143 11.157 11.086 11.113 11.220 11.221
  8.06922901 0.6100000  4.2462 -1.8183 10.913 10.939 10.909 10.947 10.948 10.983 11.018 11.156 11.170 11.096 11.123 11.229 11.231
  8.07935538 0.6100000  4.2434 -1.8301 10.928 10.953 10.921 10.959 10.961 10.995 11.030 11.169 11.182 11.107 11.134 11.239 11.241
  8.08940484 0.6100000  4.2405 -1.8419 10.942 10.966 10.933 10.971 10.973 11.007 11.041 11.181 11.195 11.117 11.144 11.248 11.250
  8.09938028 0.6100000  4.2377 -1.8537 10.957 10.980 10.946 10.982 10.985 11.019 11.052 11.194 11.207 11.128 11.154 11.258 11.260
  8.10927882 0.6100000  4.2349 -1.8656 10.972 10.993 10.958 10.994 10.998 11.031 11.064 11.207 11.220 11.139 11.165 11.267 11.270
  8.11910232 0.6100000  4.2320 -1.8774 10.987 11.007 10.971 11.006 11.010 11.043 11.075 11.220 11.233 11.149 11.175 11.277 11.279
  8.12883180 0.6100000  4.2292 -1.8892 11.002 11.021 10.983 11.017 11.022 11.055 11.087 11.233 11.245 11.159 11.185 11.286 11.289
  8.13847875 0.6100000  4.2264 -1.9011 11.017 11.034 10.996 11.029 11.034 11.067 11.099 11.246 11.259 11.170 11.196 11.297 11.299
  8.14806888 0.6100000  4.2235 -1.9129 11.032 11.048 11.008 11.040 11.047 11.079 11.110 11.259 11.271 11.181 11.207 11.307 11.309
  8.15759456 0.6100000  4.2207 -1.9247 11.046 11.061 11.020 11.052 11.059 11.090 11.122 11.272 11.284 11.191 11.217 11.317 11.318
  8.16705581 0.6100000  4.2178 -1.9365 11.061 11.075 11.033 11.063 11.071 11.102 11.133 11.285 11.297 11.201 11.227 11.327 11.328
  8.17645170 0.6100000  4.2150 -1.9483 11.076 11.088 11.045 11.075 11.083 11.114 11.144 11.298 11.310 11.212 11.238 11.337 11.338
  8.18578795 0.6100000  4.2121 -1.9602 11.091 11.102 11.058 11.086 11.096 11.126 11.156 11.311 11.323 11.222 11.248 11.347 11.348
  8.19506267 0.6100000  4.2093 -1.9720 11.106 11.116 11.070 11.098 11.108 11.138 11.167 11.324 11.335 11.233 11.258 11.357 11.358
  8.20427873 0.6100000  4.2065 -1.9838 11.122 11.130 11.082 11.109 11.120 11.149 11.178 11.337 11.348 11.243 11.268 11.367 11.367
  8.21343901 0.6100000  4.2036 -1.9956 11.137 11.144 11.094 11.121 11.132 11.161 11.189 11.349 11.360 11.253 11.278 11.376 11.377
  8.22254255 0.6100000  4.2008 -2.0075 11.152 11.158 11.107 11.133 11.145 11.173 11.201 11.362 11.373 11.264 11.289 11.386 11.387
  8.23159129 0.6100000  4.1979 -2.0193 11.167 11.172 11.119 11.144 11.157 11.185 11.212 11.375 11.386 11.274 11.299 11.396 11.396
  8.24058809 0.6100000  4.1951 -2.0311 11.183 11.185 11.132 11.156 11.169 11.197 11.223 11.388 11.399 11.284 11.309 11.405 11.406
  8.24953393 0.6100000  4.1922 -2.0429 11.198 11.199 11.145 11.168 11.181 11.209 11.235 11.401 11.411 11.294 11.319 11.414 11.415
  8.25842977 0.6100000  4.1894 -2.0548 11.214 11.213 11.158 11.180 11.194 11.222 11.247 11.414 11.425 11.304 11.329 11.424 11.425
  8.26727848 0.6100000  4.1865 -2.0666 11.229 11.228 11.170 11.192 11.206 11.234 11.258 11.427 11.437 11.315 11.339 11.434 11.435
  8.27607907 0.6100000  4.1837 -2.0784 11.245 11.242 11.183 11.203 11.218 11.246 11.269 11.440 11.450 11.325 11.349 11.444 11.444
  8.28482298 0.6100000  4.1808 -2.0903 11.261 11.256 11.196 11.215 11.231 11.258 11.281 11.453 11.463 11.336 11.360 11.454 11.454
  8.29350922 0.6100000  4.1780 -2.1021 11.277 11.271 11.209 11.227 11.244 11.271 11.293 11.466 11.476 11.346 11.370 11.464 11.464
  8.30213035 0.6100000  4.1751 -2.1139 11.292 11.285 11.222 11.238 11.256 11.283 11.304 11.480 11.488 11.357 11.380 11.474 11.474
  8.31071202 0.6100000  4.1723 -2.1258 11.308 11.300 11.235 11.250 11.269 11.296 11.316 11.493 11.501 11.368 11.390 11.483 11.483
  8.31924762 0.6100000  4.1694 -2.1376 11.324 11.314 11.248 11.262 11.282 11.308 11.327 11.506 11.514 11.378 11.400 11.493 11.493
  8.32774573 0.6100000  4.1665 -2.1494 11.340 11.329 11.261 11.274 11.295 11.320 11.339 11.518 11.527 11.388 11.410 11.502 11.502
  8.33620446 0.6100000  4.1637 -2.1612 11.356 11.344 11.274 11.286 11.308 11.332 11.351 11.531 11.539 11.398 11.420 11.511 11.512
  8.34462477 0.6100000  4.1608 -2.1731 11.372 11.359 11.288 11.298 11.321 11.345 11.363 11.544 11.552 11.409 11.431 11.521 11.521
  8.35300669 0.6100000  4.1580 -2.1849 11.388 11.373 11.301 11.310 11.334 11.357 11.374 11.557 11.564 11.419 11.441 11.530 11.531
  8.36135211 0.6100000  4.1551 -2.1967 11.403 11.388 11.314 11.322 11.346 11.369 11.386 11.569 11.577 11.429 11.451 11.539 11.540
  8.36965918 0.6100000  4.1523 -2.2085 11.420 11.402 11.328 11.334 11.359 11.381 11.397 11.582 11.589 11.439 11.461 11.548 11.550
  8.37793171 0.6100000  4.1494 -2.2204 11.436 11.417 11.341 11.346 11.372 11.394 11.409 11.594 11.602 11.449 11.471 11.558 11.559
  8.38616779 0.6100000  4.1465 -2.2322 11.452 11.431 11.355 11.358 11.384 11.406 11.420 11.607 11.614 11.459 11.481 11.567 11.569
  8.39436650 0.6100000  4.1437 -2.2440 11.468 11.446 11.368 11.371 11.397 11.419 11.432 11.619 11.626 11.469 11.491 11.576 11.578
  8.40252980 0.6100000  4.1408 -2.2558 11.484 11.461 11.382 11.383 11.410 11.431 11.444 11.632 11.638 11.479 11.501 11.585 11.588
  8.41066248 0.6100000  4.1380 -2.2677 11.501 11.476 11.396 11.395 11.423 11.444 11.456 11.644 11.650 11.489 11.511 11.595 11.597
  8.41876737 0.6100000  4.1351 -2.2795 11.517 11.491 11.410 11.408 11.437 11.456 11.467 11.657 11.663 11.499 11.520 11.604 11.607
  8.42684078 0.6100000  4.1322 -2.2913 11.533 11.506 11.424 11.420 11.450 11.469 11.479 11.669 11.675 11.510 11.530 11.613 11.616
  8.43489409 0.6100000  4.1294 -2.3031 11.549 11.521 11.437 11.432 11.463 11.481 11.491 11.682 11.687 11.520 11.540 11.622 11.625
  8.44292257 0.6100000  4.1265 -2.3149 11.565 11.535 11.451 11.445 11.476 11.493 11.502 11.694 11.698 11.529 11.549 11.631 11.634
  8.45092434 0.6100000  4.1236 -2.3268 11.580 11.550 11.465 11.457 11.489 11.506 11.514 11.706 11.710 11.539 11.558 11.640 11.643
  8.45890330 0.6100000  4.1208 -2.3386 11.596 11.564 11.479 11.469 11.502 11.518 11.525 11.718 11.721 11.548 11.568 11.649 11.652
  8.46686618 0.6100000  4.1179 -2.3504 11.611 11.579 11.492 11.481 11.515 11.530 11.535 11.729 11.733 11.558 11.577 11.658 11.661
  8.47481970 0.6100000  4.1150 -2.3622 11.626 11.593 11.506 11.494 11.527 11.542 11.546 11.741 11.744 11.567 11.586 11.666 11.669
  8.48276939 0.6100000  4.1122 -2.3740 11.641 11.607 11.519 11.505 11.540 11.553 11.557 11.752 11.754 11.576 11.595 11.674 11.677
  8.49069737 0.6100000  4.1093 -2.3858 11.655 11.621 11.532 11.517 11.552 11.565 11.567 11.763 11.765 11.584 11.603 11.683 11.685
  8.49861505 0.6100000  4.1064 -2.3976 11.669 11.634 11.545 11.528 11.564 11.576 11.577 11.773 11.775 11.593 11.612 11.690 11.693
  8.50652430 0.6100000  4.1036 -2.4094 11.683 11.647 11.557 11.540 11.575 11.587 11.587 11.784 11.785 11.601 11.620 11.698 11.700
  8.51441952 0.6100000  4.1007 -2.4212 11.697 11.660 11.570 11.551 11.587 11.597 11.597 11.794 11.795 11.609 11.628 11.706 11.707
  8.52230642 0.6100000  4.0978 -2.4330 11.710 11.673 11.582 11.562 11.599 11.608 11.607 11.804 11.804 11.617 11.636 11.713 11.714
  8.53018512 0.6100000  4.0950 -2.4448 11.723 11.686 11.595 11.573 11.610 11.619 11.617 11.814 11.814 11.625 11.644 11.720 11.721
  8.53806402 0.6100000  4.0921 -2.4566 11.737 11.699 11.607 11.584 11.622 11.630 11.627 11.824 11.823 11.633 11.652 11.728 11.729
  8.54592804 0.6100000  4.0892 -2.4684 11.750 11.712 11.619 11.595 11.634 11.640 11.637 11.834 11.832 11.641 11.660 11.735 11.736
  8.55378482 0.6100000  4.0864 -2.4802 11.764 11.725 11.632 11.607 11.645 11.651 11.647 11.844 11.841 11.649 11.668 11.742 11.743
  8.56163622 0.6100000  4.0835 -2.4920 11.777 11.737 11.644 11.618 11.657 11.662 11.657 11.853 11.850 11.657 11.675 11.749 11.751
  8.56947684 0.6100000  4.0806 -2.5038 11.791 11.750 11.656 11.629 11.669 11.673 11.667 11.863 11.859 11.665 11.683 11.755 11.758
  8.57732644 0.6100000  4.0778 -2.5156 11.805 11.764 11.670 11.641 11.681 11.685 11.677 11.873 11.869 11.673 11.691 11.763 11.766
  8.58517373 0.6100000  4.0749 -2.5273 11.820 11.779 11.684 11.654 11.695 11.698 11.689 11.883 11.879 11.683 11.700 11.771 11.774
  8.59302158 0.6100000  4.0720 -2.5391 11.837 11.795 11.700 11.669 11.709 11.711 11.701 11.895 11.889 11.693 11.710 11.780 11.783
  8.60086896 0.6100000  4.0692 -2.5509 11.854 11.811 11.716 11.683 11.725 11.725 11.714 11.906 11.900 11.704 11.720 11.789 11.792
  8.60870847 0.6100000  4.0663 -2.5627 11.871 11.828 11.733 11.699 11.740 11.740 11.727 11.918 11.911 11.715 11.731 11.798 11.802
  8.61655076 0.6100000  4.0634 -2.5745 11.889 11.846 11.750 11.715 11.756 11.755 11.741 11.930 11.923 11.726 11.742 11.808 11.812
  8.62440860 0.6100000  4.0606 -2.5863 11.907 11.864 11.768 11.731 11.773 11.770 11.755 11.942 11.935 11.738 11.753 11.818 11.822
  8.63225299 0.6100000  4.0578 -2.5979 11.925 11.882 11.786 11.747 11.790 11.786 11.769 11.954 11.947 11.750 11.764 11.828 11.833
  8.64021447 0.6100000  4.0549 -2.6098 11.945 11.901 11.804 11.765 11.807 11.802 11.784 11.967 11.959 11.762 11.776 11.839 11.844
  8.64810913 0.6100000  4.0520 -2.6216 11.964 11.920 11.823 11.782 11.825 11.818 11.799 11.979 11.971 11.775 11.789 11.850 11.855
  8.65598152 0.6100000  4.0491 -2.6334 11.984 11.939 11.842 11.800 11.843 11.835 11.815 11.992 11.983 11.788 11.801 11.861 11.867
  8.66383490 0.6100000  4.0463 -2.6452 12.004 11.959 11.862 11.818 11.862 11.853 11.831 12.006 11.996 11.801 11.814 11.873 11.879
  8.67173627 0.6100000  4.0434 -2.6572 12.025 11.979 11.882 11.837 11.881 11.871 11.848 12.019 12.009 11.815 11.828 11.885 11.892
  8.67947507 0.6100000  4.0406 -2.6688 12.046 11.999 11.902 11.856 11.900 11.889 11.864 12.032 12.021 11.828 11.841 11.897 11.904
  8.68732525 0.6100000  4.0377 -2.6807 12.067 12.020 11.923 11.875 11.920 11.907 11.881 12.046 12.034 11.843 11.855 11.909 11.917
  8.69511153 0.6100000  4.0348 -2.6925 12.089 12.041 11.944 11.895 11.940 11.926 11.898 12.060 12.047 11.857 11.869 11.922 11.929
  8.70286941 0.6100000  4.0320 -2.7043 12.111 12.063 11.966 11.915 11.960 11.945 11.916 12.073 12.061 11.871 11.883 11.934 11.942
  8.71062011 0.6100000  4.0291 -2.7162 12.133 12.085 11.988 11.936 11.981 11.964 11.934 12.088 12.074 11.886 11.898 11.947 11.955
  8.71833850 0.6100000  4.0262 -2.7280 12.156 12.107 12.010 11.956 12.001 11.984 11.952 12.102 12.088 11.901 11.912 11.960 11.968
  8.72604141 0.6100000  4.0233 -2.7398 12.179 12.130 12.033 11.978 12.023 12.004 11.971 12.116 12.101 11.917 11.927 11.973 11.981
  8.73371623 0.6100000  4.0205 -2.7517 12.203 12.153 12.056 11.999 12.044 12.024 11.990 12.130 12.115 11.933 11.943 11.987 11.995
  8.74135020 0.6100000  4.0176 -2.7635 12.226 12.176 12.079 12.021 12.066 12.044 12.009 12.145 12.129 11.949 11.958 12.001 12.010
  8.74895976 0.6100000  4.0147 -2.7754 12.251 12.200 12.103 12.043 12.089 12.066 12.028 12.160 12.143 11.965 11.974 12.015 12.024
  8.75652915 0.6100000  4.0119 -2.7870 12.274 12.223 12.126 12.066 12.111 12.086 12.047 12.174 12.158 11.982 11.990 12.030 12.039
  8.76422354 0.6100000  4.0090 -2.7988 12.299 12.247 12.151 12.089 12.134 12.108 12.067 12.189 12.172 11.998 12.006 12.044 12.055
  8.77191776 0.6100000  4.0061 -2.8106 12.324 12.272 12.176 12.112 12.158 12.130 12.088 12.204 12.187 12.016 12.023 12.060 12.071
  8.77962624 0.6100000  4.0033 -2.8224 12.349 12.297 12.201 12.136 12.181 12.152 12.108 12.219 12.202 12.033 12.040 12.075 12.087
  8.78732060 0.6100000  4.0004 -2.8342 12.374 12.322 12.226 12.160 12.206 12.175 12.129 12.235 12.217 12.051 12.057 12.090 12.103
  8.79499782 0.6100000  3.9976 -2.8460 12.400 12.348 12.252 12.184 12.230 12.197 12.150 12.250 12.232 12.069 12.075 12.106 12.119
  8.80268339 0.6100000  3.9947 -2.8578 12.426 12.374 12.278 12.208 12.254 12.220 12.171 12.266 12.247 12.087 12.092 12.122 12.135
  8.81034314 0.6100000  3.9918 -2.8696 12.452 12.400 12.304 12.232 12.279 12.243 12.193 12.282 12.263 12.105 12.110 12.137 12.152
  8.81800149 0.6100000  3.9889 -2.8814 12.479 12.426 12.330 12.257 12.304 12.267 12.214 12.298 12.279 12.124 12.128 12.153 12.168
  8.82565387 0.6100000  3.9861 -2.8932 12.506 12.452 12.357 12.282 12.329 12.290 12.236 12.314 12.295 12.142 12.146 12.169 12.184
  8.83330420 0.6100000  3.9832 -2.9050 12.533 12.479 12.384 12.308 12.355 12.314 12.259 12.330 12.311 12.161 12.164 12.185 12.201
  8.84095539 0.6100000  3.9803 -2.9168 12.560 12.506 12.411 12.334 12.380 12.338 12.281 12.347 12.327 12.180 12.183 12.202 12.218
  8.84861016 0.6100000  3.9775 -2.9286 12.588 12.534 12.439 12.360 12.407 12.362 12.304 12.364 12.344 12.200 12.202 12.218 12.234
  8.85629224 0.6100000  3.9746 -2.9404 12.615 12.561 12.466 12.385 12.432 12.386 12.327 12.381 12.360 12.219 12.220 12.235 12.251
  8.86394716 0.6100000  3.9717 -2.9522 12.643 12.588 12.493 12.410 12.458 12.410 12.349 12.398 12.378 12.238 12.239 12.251 12.268
  8.87160698 0.6100000  3.9689 -2.9640 12.670 12.615 12.521 12.436 12.484 12.435 12.372 12.415 12.395 12.258 12.257 12.268 12.285
  8.87927261 0.6100000  3.9660 -2.9758 12.698 12.642 12.548 12.462 12.510 12.459 12.394 12.433 12.413 12.277 12.276 12.285 12.302
  8.88694133 0.6100000  3.9631 -2.9876 12.726 12.670 12.576 12.487 12.536 12.483 12.417 12.451 12.430 12.297 12.295 12.302 12.319
  8.89461504 0.6100000  3.9602 -2.9994 12.754 12.698 12.604 12.513 12.562 12.508 12.440 12.469 12.448 12.317 12.314 12.319 12.337
  8.90229289 0.6100000  3.9574 -3.0112 12.783 12.725 12.632 12.539 12.589 12.533 12.463 12.487 12.467 12.336 12.333 12.336 12.354
  8.90997584 0.6100000  3.9545 -3.0230 12.811 12.753 12.660 12.565 12.615 12.557 12.486 12.505 12.485 12.357 12.353 12.353 12.372
  8.91766297 0.6100000  3.9516 -3.0348 12.840 12.781 12.688 12.591 12.642 12.582 12.510 12.524 12.504 12.376 12.372 12.370 12.389
  8.92535643 0.6100000  3.9487 -3.0465 12.868 12.809 12.716 12.617 12.668 12.606 12.532 12.542 12.523 12.396 12.391 12.387 12.406
  8.93305902 0.6100000  3.9459 -3.0583 12.897 12.837 12.744 12.643 12.694 12.631 12.556 12.561 12.543 12.416 12.410 12.404 12.424
  8.94076936 0.6100000  3.9430 -3.0701 12.926 12.865 12.772 12.669 12.720 12.656 12.579 12.581 12.562 12.436 12.429 12.421 12.441
  8.94847576 0.6100000  3.9401 -3.0819 12.955 12.893 12.800 12.695 12.747 12.681 12.602 12.600 12.582 12.456 12.449 12.439 12.459
  8.95618844 0.6100000  3.9372 -3.0937 12.984 12.921 12.829 12.721 12.773 12.706 12.626 12.620 12.603 12.476 12.468 12.456 12.476
  8.96390455 0.6100000  3.9344 -3.1055 13.013 12.950 12.857 12.748 12.800 12.731 12.649 12.640 12.623 12.496 12.488 12.474 12.494
  8.97162250 0.6100000  3.9315 -3.1173 13.043 12.978 12.885 12.774 12.827 12.756 12.673 12.660 12.644 12.516 12.507 12.492 12.512
  8.97934700 0.6100000  3.9286 -3.1291 13.072 13.007 12.914 12.800 12.853 12.781 12.696 12.680 12.665 12.536 12.527 12.509 12.529
  8.98707819 0.6100000  3.9257 -3.1409 13.101 13.035 12.942 12.826 12.880 12.806 12.720 12.700 12.686 12.556 12.546 12.527 12.547
  8.99481790 0.6100000  3.9228 -3.1527 13.131 13.064 12.970 12.852 12.906 12.831 12.743 12.719 12.706 12.576 12.566 12.544 12.565
  9.00256430 0.6100000  3.9200 -3.1645 13.161 13.093 12.998 12.878 12.933 12.856 12.767 12.739 12.727 12.596 12.585 12.562 12.582
  9.01031836 0.6100000  3.9171 -3.1762 13.190 13.121 13.026 12.904 12.959 12.880 12.790 12.759 12.748 12.616 12.604 12.579 12.599
  9.01807829 0.6100000  3.9142 -3.1880 13.220 13.150 13.054 12.930 12.986 12.905 12.813 12.779 12.769 12.636 12.624 12.596 12.617
  9.02584503 0.6100000  3.9113 -3.1998 13.250 13.179 13.083 12.956 13.013 12.930 12.837 12.799 12.790 12.656 12.643 12.614 12.635
  9.03361767 0.6100000  3.9084 -3.2116 13.280 13.207 13.111 12.982 13.039 12.955 12.860 12.820 12.811 12.676 12.663 12.631 12.652
  9.04139533 0.6100000  3.9055 -3.2234 13.310 13.236 13.139 13.008 13.066 12.981 12.884 12.840 12.832 12.696 12.682 12.649 12.670
  9.04917789 0.6100000  3.9027 -3.2352 13.340 13.265 13.167 13.034 13.093 13.006 12.907 12.860 12.853 12.716 12.702 12.666 12.687
  9.05696253 0.6100000  3.8998 -3.2470 13.371 13.294 13.195 13.060 13.120 13.031 12.931 12.881 12.874 12.736 12.721 12.684 12.705
  9.06474843 0.6100000  3.8969 -3.2588 13.401 13.323 13.224 13.086 13.146 13.056 12.954 12.901 12.895 12.756 12.741 12.701 12.723
  9.07253555 0.6100000  3.8940 -3.2706 13.432 13.353 13.252 13.112 13.173 13.081 12.978 12.921 12.916 12.776 12.760 12.719 12.740
  9.08032305 0.6100000  3.8911 -3.2824 13.463 13.382 13.281 13.138 13.200 13.106 13.001 12.941 12.937 12.796 12.779 12.736 12.758
  9.08811177 0.6100000  3.8882 -3.2942 13.494 13.411 13.309 13.164 13.227 13.131 13.025 12.962 12.958 12.816 12.799 12.754 12.776
  9.09589862 0.6100000  3.8853 -3.3060 13.525 13.441 13.338 13.190 13.254 13.156 13.048 12.982 12.978 12.836 12.818 12.771 12.794
  9.10367809 0.6100000  3.8824 -3.3178 13.556 13.470 13.366 13.216 13.280 13.181 13.072 13.002 12.999 12.856 12.838 12.789 12.811
  9.11145011 0.6100000  3.8795 -3.3296 13.587 13.500 13.395 13.242 13.307 13.206 13.095 13.023 13.020 12.876 12.857 12.806 12.829
  9.11921207 0.6100000  3.8766 -3.3415 13.619 13.530 13.423 13.268 13.334 13.231 13.119 13.043 13.041 12.896 12.877 12.824 12.847
  9.12696346 0.6100000  3.8737 -3.3532 13.650 13.559 13.452 13.294 13.361 13.256 13.142 13.063 13.062 12.916 12.896 12.842 12.865
  9.13472616 0.6100000  3.8708 -3.3651 13.682 13.589 13.481 13.320 13.388 13.282 13.166 13.084 13.083 12.936 12.916 12.859 12.882
  9.14248197 0.6100000  3.8679 -3.3769 13.714 13.619 13.509 13.346 13.415 13.307 13.190 13.105 13.104 12.956 12.935 12.877 12.900
  9.15023604 0.6100000  3.8651 -3.3887 13.746 13.649 13.538 13.372 13.442 13.332 13.213 13.125 13.125 12.976 12.955 12.894 12.918
  9.15799693 0.6100000  3.8622 -3.4004 13.778 13.679 13.567 13.398 13.469 13.357 13.236 13.145 13.146 12.996 12.974 12.911 12.935
  9.16576573 0.6100000  3.8593 -3.4122 13.810 13.709 13.596 13.425 13.496 13.382 13.260 13.166 13.167 13.016 12.993 12.929 12.953
  9.17354338 0.6100000  3.8564 -3.4240 13.842 13.739 13.625 13.451 13.524 13.407 13.283 13.186 13.188 13.036 13.012 12.946 12.970
  9.18132991 0.6100000  3.8535 -3.4358 13.875 13.770 13.654 13.477 13.551 13.433 13.307 13.207 13.209 13.056 13.031 12.964 12.988
  9.18912542 0.6100000  3.8506 -3.4476 13.908 13.800 13.683 13.504 13.578 13.458 13.330 13.227 13.231 13.076 13.050 12.981 13.005
  9.19692985 0.6100000  3.8477 -3.4594 13.940 13.831 13.712 13.530 13.605 13.483 13.354 13.248 13.252 13.096 13.070 12.999 13.023
  9.20474245 0.6100000  3.8448 -3.4712 13.973 13.861 13.741 13.557 13.633 13.509 13.377 13.268 13.273 13.116 13.089 13.017 13.041
  9.21256509 0.6100000  3.8419 -3.4830 14.007 13.892 13.770 13.583 13.660 13.534 13.401 13.289 13.295 13.136 13.108 13.034 13.058
  9.22039672 0.6100000  3.8390 -3.4948 14.041 13.923 13.800 13.610 13.688 13.560 13.425 13.310 13.316 13.156 13.128 13.052 13.076
  9.22823787 0.6100000  3.8361 -3.5065 14.074 13.954 13.830 13.637 13.716 13.586 13.449 13.330 13.338 13.176 13.147 13.069 13.093
  9.23609246 0.6100000  3.8332 -3.5183 14.108 13.986 13.859 13.664 13.744 13.611 13.473 13.351 13.359 13.196 13.166 13.087 13.111
  9.24396333 0.6100000  3.8304 -3.5301 14.143 14.017 13.889 13.691 13.772 13.637 13.497 13.371 13.381 13.216 13.186 13.104 13.129
  9.25185025 0.6100000  3.8275 -3.5419 14.177 14.049 13.919 13.718 13.800 13.664 13.521 13.392 13.403 13.236 13.206 13.122 13.146
  9.25975303 0.6100000  3.8246 -3.5536 14.212 14.081 13.949 13.744 13.828 13.689 13.545 13.412 13.424 13.256 13.225 13.139 13.164
  9.26767142 0.6100000  3.8217 -3.5654 14.247 14.113 13.979 13.772 13.857 13.716 13.569 13.433 13.446 13.276 13.245 13.157 13.182
  9.27560602 0.6100000  3.8188 -3.5772 14.282 14.145 14.010 13.799 13.885 13.742 13.593 13.454 13.468 13.297 13.264 13.175 13.199
  9.28355594 0.6100000  3.8159 -3.5890 14.317 14.177 14.040 13.826 13.914 13.768 13.617 13.475 13.490 13.317 13.284 13.192 13.217
  9.29151233 0.6100000  3.8130 -3.6009 14.353 14.210 14.071 13.854 13.943 13.795 13.642 13.495 13.512 13.337 13.304 13.210 13.235
  9.29941144 0.6100000  3.8100 -3.6128 14.389 14.243 14.102 13.882 13.972 13.822 13.667 13.517 13.535 13.358 13.324 13.228 13.253
  9.30725704 0.6100000  3.8071 -3.6245 14.426 14.277 14.134 13.910 14.002 13.849 13.692 13.538 13.557 13.379 13.344 13.246 13.271
  9.31511268 0.6100000  3.8042 -3.6363 14.462 14.310 14.165 13.939 14.031 13.876 13.717 13.559 13.580 13.400 13.365 13.265 13.290
  9.32298291 0.6100000  3.8013 -3.6481 14.500 14.344 14.197 13.967 14.061 13.903 13.742 13.581 13.603 13.421 13.385 13.283 13.308
  9.33087250 0.6100000  3.7984 -3.6598 14.537 14.378 14.229 13.996 14.091 13.931 13.767 13.602 13.626 13.442 13.406 13.301 13.327
  9.33881299 0.6100000  3.7955 -3.6715 14.574 14.412 14.261 14.024 14.121 13.958 13.793 13.624 13.649 13.463 13.426 13.320 13.346
  9.34682621 0.6100000  3.7926 -3.6833 14.612 14.446 14.293 14.053 14.151 13.986 13.819 13.646 13.673 13.485 13.447 13.339 13.364
  9.35490463 0.6100000  3.7897 -3.6951 14.650 14.481 14.326 14.083 14.182 14.014 13.844 13.667 13.696 13.506 13.468 13.358 13.383
  9.36368785 0.6100000  3.7869 -3.7068 14.688 14.515 14.358 14.112 14.212 14.042 13.870 13.689 13.720 13.528 13.489 13.377 13.402
  9.37443963 0.6100000  3.7840 -3.7186 14.726 14.550 14.392 14.142 14.243 14.070 13.896 13.712 13.744 13.550 13.510 13.396 13.422
  9.38419992 0.6100000  3.7811 -3.7303 14.765 14.585 14.424 14.171 14.274 14.098 13.922 13.734 13.768 13.572 13.532 13.415 13.441
  9.39476434 0.6100000  3.7782 -3.7421 14.804 14.621 14.458 14.201 14.305 14.127 13.949 13.756 13.792 13.594 13.553 13.434 13.460
  9.40536984 0.6100000  3.7753 -3.7539 14.843 14.657 14.492 14.232 14.337 14.156 13.976 13.779 13.817 13.617 13.575 13.454 13.480
  9.41677784 0.6100000  3.7724 -3.7658 14.884 14.694 14.527 14.263 14.369 14.186 14.004 13.803 13.843 13.640 13.598 13.475 13.501
  9.42711065 0.6100000  3.7695 -3.7776 14.924 14.730 14.561 14.294 14.402 14.216 14.031 13.826 13.868 13.663 13.620 13.495 13.521
  9.43829139 0.6100000  3.7666 -3.7894 14.964 14.767 14.596 14.326 14.435 14.246 14.059 13.850 13.894 13.687 13.643 13.515 13.542
  9.44887884 0.6100000  3.7637 -3.8012 15.005 14.805 14.631 14.357 14.468 14.276 14.087 13.874 13.920 13.711 13.666 13.536 13.563
  9.45973022 0.6100000  3.7609 -3.8130 15.046 14.842 14.667 14.389 14.501 14.307 14.116 13.898 13.946 13.734 13.689 13.557 13.584
  9.46962801 0.6100000  3.7580 -3.8249 15.088 14.880 14.703 14.422 14.535 14.338 14.145 13.923 13.973 13.759 13.712 13.578 13.605
  9.48039253 0.6100000  3.7551 -3.8366 15.129 14.918 14.739 14.454 14.568 14.369 14.173 13.947 14.000 13.783 13.735 13.600 13.626
  9.49122564 0.6100000  3.7526 -3.8474 15.167 14.953 14.772 14.484 14.599 14.397 14.200 13.970 14.024 13.805 13.757 13.620 13.646
  9.50281268 0.6100000  3.7506 -3.8563 15.198 14.981 14.799 14.508 14.625 14.421 14.222 13.989 14.045 13.824 13.776 13.636 13.663
  9.51693458 0.6100000  3.7491 -3.8633 15.222 15.004 14.820 14.528 14.645 14.439 14.239 14.005 14.061 13.839 13.790 13.650 13.676
  9.53498908 0.6100000  3.7481 -3.8681 15.239 15.019 14.834 14.541 14.659 14.452 14.251 14.015 14.073 13.850 13.800 13.659 13.686
  9.57248955 0.6100000  3.7378 -3.9072 15.385 15.152 14.960 14.654 14.776 14.559 14.350 14.099 14.165 13.932 13.880 13.730 13.757
  9.57275587 0.6100000  3.7377 -3.9077 15.387 15.153 14.961 14.655 14.777 14.561 14.352 14.100 14.166 13.933 13.881 13.731 13.758
  9.57315387 0.6100000  3.7376 -3.9083 15.389 15.155 14.963 14.657 14.779 14.562 14.353 14.102 14.167 13.934 13.882 13.732 13.760
  9.57384868 0.6100000  3.7374 -3.9092 15.392 15.158 14.966 14.659 14.782 14.565 14.355 14.104 14.169 13.936 13.884 13.734 13.761
  9.57551500 0.6100000  3.7371 -3.9104 15.397 15.162 14.970 14.663 14.786 14.568 14.359 14.106 14.172 13.939 13.886 13.736 13.764
  9.57695051 0.6100000  3.7366 -3.9123 15.404 15.169 14.976 14.668 14.791 14.573 14.363 14.111 14.177 13.943 13.890 13.740 13.767
  9.57981442 0.6100000  3.7360 -3.9150 15.414 15.178 14.985 14.676 14.799 14.581 14.370 14.117 14.183 13.949 13.896 13.745 13.772
  9.58366391 0.6100000  3.7351 -3.9189 15.428 15.191 14.997 14.687 14.811 14.591 14.380 14.126 14.193 13.957 13.904 13.753 13.780
  9.58882570 0.6100000  3.7339 -3.9237 15.445 15.207 15.012 14.701 14.825 14.605 14.393 14.136 14.205 13.968 13.914 13.762 13.789
  9.59341085 0.6100000  3.7329 -3.9281 15.462 15.222 15.026 14.714 14.839 14.617 14.404 14.146 14.215 13.978 13.924 13.770 13.798
  9.59878305 0.6100000  3.7315 -3.9337 15.482 15.241 15.044 14.730 14.856 14.632 14.419 14.159 14.229 13.990 13.936 13.781 13.808
  9.60279227 0.6100000  3.7300 -3.9400 15.506 15.262 15.065 14.748 14.875 14.650 14.435 14.173 14.244 14.003 13.949 13.793 13.820
  9.60623130 0.6100000  3.7288 -3.9448 15.524 15.279 15.080 14.763 14.890 14.663 14.448 14.184 14.256 14.014 13.959 13.802 13.829
  9.60959094 0.6100000  3.7275 -3.9497 15.543 15.296 15.096 14.777 14.905 14.677 14.460 14.196 14.268 14.025 13.969 13.811 13.839
  9.61219659 0.6100000  3.7263 -3.9547 15.562 15.313 15.113 14.792 14.920 14.691 14.474 14.207 14.281 14.036 13.980 13.821 13.849
  9.61560165 0.6100000  3.7251 -3.9596 15.580 15.330 15.129 14.806 14.935 14.705 14.487 14.218 14.293 14.046 13.991 13.830 13.858
  9.61906711 0.6100000  3.7240 -3.9642 15.598 15.346 15.144 14.820 14.950 14.718 14.499 14.229 14.304 14.057 14.001 13.839 13.867
  9.62361611 0.6100000  3.7230 -3.9682 15.613 15.360 15.157 14.832 14.962 14.729 14.509 14.238 14.314 14.066 14.009 13.847 13.875
  9.62811553 0.6100000  3.7219 -3.9729 15.631 15.376 15.172 14.846 14.977 14.743 14.522 14.250 14.326 14.076 14.019 13.856 13.884
  9.63259821 0.6100000  3.7208 -3.9775 15.648 15.392 15.187 14.859 14.991 14.756 14.534 14.260 14.337 14.086 14.029 13.865 13.893
  9.63691496 0.6100000  3.7197 -3.9819 15.665 15.407 15.202 14.872 15.005 14.768 14.546 14.271 14.349 14.096 14.039 13.874 13.902
  9.64020292 0.6100000  3.7187 -3.9862 15.681 15.422 15.216 14.885 15.018 14.780 14.557 14.281 14.359 14.106 14.048 13.882 13.910
  9.64451151 0.6100000  3.7177 -3.9904 15.697 15.437 15.230 14.898 15.031 14.792 14.568 14.291 14.370 14.115 14.057 13.890 13.918
  9.64861490 0.6100000  3.7167 -3.9945 15.713 15.451 15.243 14.910 15.043 14.804 14.579 14.301 14.380 14.124 14.066 13.898 13.927
  9.65262932 0.6100000  3.7157 -3.9986 15.728 15.465 15.257 14.922 15.056 14.816 14.590 14.310 14.390 14.133 14.075 13.906 13.935
  9.65660798 0.6100000  3.7146 -4.0032 15.746 15.481 15.272 14.936 15.071 14.829 14.602 14.322 14.402 14.144 14.085 13.915 13.944
  9.66060806 0.6100000  3.7135 -4.0077 15.763 15.497 15.287 14.949 15.085 14.842 14.614 14.332 14.414 14.154 14.095 13.924 13.953
  9.66466276 0.6100000  3.7124 -4.0122 15.781 15.513 15.302 14.963 15.099 14.855 14.627 14.343 14.425 14.164 14.105 13.933 13.962
  9.66860482 0.6100000  3.7113 -4.0165 15.797 15.528 15.316 14.976 15.112 14.867 14.638 14.354 14.436 14.174 14.114 13.941 13.970
  9.67242263 0.6100000  3.7103 -4.0209 15.814 15.543 15.331 14.989 15.126 14.880 14.650 14.364 14.447 14.183 14.123 13.950 13.979
  9.67685556 0.6100000  3.7093 -4.0251 15.831 15.558 15.345 15.002 15.139 14.892 14.661 14.375 14.458 14.193 14.133 13.958 13.987
  9.68053773 0.6100000  3.7082 -4.0293 15.847 15.573 15.359 15.015 15.152 14.904 14.673 14.385 14.469 14.202 14.142 13.967 13.996
  9.68419412 0.6100000  3.7073 -4.0332 15.862 15.587 15.372 15.026 15.165 14.915 14.683 14.395 14.479 14.211 14.150 13.974 14.003
  9.68790617 0.6100000  3.7065 -4.0366 15.875 15.599 15.384 15.037 15.175 14.925 14.692 14.403 14.487 14.219 14.158 13.981 14.010
  9.69163249 0.6100000  3.7057 -4.0399 15.888 15.611 15.395 15.047 15.186 14.935 14.701 14.411 14.496 14.226 14.165 13.988 14.017
  9.69526530 0.6100000  3.7049 -4.0432 15.901 15.622 15.406 15.057 15.196 14.944 14.710 14.419 14.504 14.234 14.172 13.994 14.023
  9.69977878 0.6100000  3.7041 -4.0463 15.913 15.633 15.416 15.066 15.206 14.953 14.718 14.427 14.512 14.241 14.179 14.000 14.030
  9.70260555 0.6100000  3.7034 -4.0495 15.925 15.645 15.427 15.076 15.216 14.962 14.727 14.435 14.521 14.248 14.186 14.007 14.036
  9.70638772 0.6100000  3.7026 -4.0525 15.937 15.655 15.437 15.085 15.226 14.971 14.735 14.442 14.528 14.255 14.193 14.013 14.042
  9.71060495 0.6100000  3.7019 -4.0556 15.949 15.666 15.448 15.095 15.235 14.980 14.744 14.450 14.536 14.262 14.199 14.019 14.048
  9.71449181 0.6100000  3.7012 -4.0585 15.961 15.677 15.457 15.104 15.245 14.989 14.752 14.457 14.544 14.269 14.206 14.025 14.054
  9.71822081 0.6100000  3.7005 -4.0615 15.972 15.688 15.468 15.113 15.254 14.998 14.760 14.465 14.552 14.276 14.212 14.031 14.060
  9.72096090 0.6100000  3.6998 -4.0643 15.983 15.698 15.477 15.121 15.263 15.006 14.767 14.472 14.559 14.282 14.218 14.036 14.066
  9.72477143 0.6100000  3.6991 -4.0671 15.994 15.708 15.487 15.130 15.272 15.014 14.775 14.479 14.566 14.289 14.225 14.042 14.072
  9.72854474 0.6100000  3.6983 -4.0703 16.007 15.719 15.497 15.140 15.282 15.023 14.784 14.487 14.575 14.296 14.232 14.048 14.078
  9.73228677 0.6100000  3.6976 -4.0734 16.019 15.730 15.508 15.149 15.292 15.032 14.792 14.495 14.583 14.303 14.238 14.054 14.084
  9.73586545 0.6100000  3.6968 -4.0766 16.031 15.741 15.518 15.159 15.302 15.041 14.801 14.503 14.591 14.310 14.246 14.061 14.091
  9.73848660 0.6100000  3.6961 -4.0796 16.043 15.752 15.529 15.168 15.311 15.050 14.809 14.510 14.599 14.317 14.252 14.067 14.097
  9.74201218 0.6100000  3.6953 -4.0827 16.055 15.763 15.539 15.177 15.321 15.059 14.817 14.518 14.606 14.324 14.259 14.073 14.103
  9.74446740 0.6100000  3.6946 -4.0857 16.066 15.773 15.549 15.186 15.331 15.068 14.826 14.526 14.614 14.331 14.266 14.079 14.109
  9.74703542 0.6100000  3.6938 -4.0887 16.078 15.784 15.559 15.196 15.340 15.076 14.834 14.533 14.622 14.338 14.272 14.085 14.115
  9.75048315 0.6100000  3.6931 -4.0917 16.089 15.794 15.569 15.205 15.350 15.085 14.842 14.541 14.630 14.345 14.279 14.091 14.121
  9.75288738 0.6100000  3.6924 -4.0946 16.101 15.805 15.579 15.213 15.359 15.094 14.850 14.548 14.637 14.351 14.285 14.097 14.127
  9.75527406 0.6100000  3.6917 -4.0975 16.112 15.815 15.589 15.222 15.368 15.102 14.858 14.555 14.645 14.358 14.292 14.102 14.133
  9.75764863 0.6100000  3.6910 -4.1004 16.123 15.825 15.598 15.231 15.377 15.110 14.865 14.563 14.652 14.364 14.298 14.108 14.138
  9.76012630 0.6100000  3.6903 -4.1033 16.134 15.835 15.608 15.240 15.386 15.119 14.873 14.570 14.660 14.371 14.304 14.114 14.144
  9.76361750 0.6100000  3.6897 -4.1059 16.144 15.845 15.617 15.248 15.394 15.126 14.880 14.577 14.666 14.377 14.310 14.119 14.149
  9.76695715 0.6100000  3.6891 -4.1084 16.154 15.853 15.625 15.255 15.402 15.133 14.887 14.583 14.673 14.383 14.316 14.124 14.155
  9.76937944 0.6100000  3.6885 -4.1108 16.163 15.862 15.633 15.263 15.410 15.140 14.894 14.589 14.679 14.388 14.321 14.129 14.159
  9.77278072 0.6100000  3.6879 -4.1133 16.173 15.871 15.642 15.270 15.418 15.148 14.901 14.596 14.686 14.394 14.326 14.134 14.164
  9.77604533 0.6100000  3.6873 -4.1157 16.182 15.879 15.650 15.278 15.425 15.155 14.907 14.602 14.692 14.399 14.332 14.139 14.169
  9.77839882 0.6100000  3.6868 -4.1182 16.192 15.888 15.658 15.285 15.433 15.162 14.914 14.608 14.698 14.405 14.337 14.144 14.174
  9.78172495 0.6100000  3.6862 -4.1206 16.201 15.896 15.666 15.293 15.441 15.169 14.920 14.614 14.704 14.411 14.343 14.149 14.179
  9.78491804 0.6100000  3.6856 -4.1230 16.210 15.905 15.674 15.300 15.448 15.176 14.927 14.620 14.711 14.416 14.348 14.154 14.184
  9.78720406 0.6100000  3.6851 -4.1253 16.219 15.913 15.682 15.307 15.456 15.182 14.933 14.626 14.717 14.421 14.353 14.158 14.189
  9.79026081 0.6100000  3.6845 -4.1277 16.228 15.921 15.690 15.314 15.463 15.189 14.940 14.632 14.723 14.427 14.358 14.163 14.193
  9.79313306 0.6100000  3.6839 -4.1300 16.237 15.930 15.698 15.321 15.471 15.196 14.946 14.638 14.729 14.432 14.364 14.168 14.198
  9.79598836 0.6100000  3.6834 -4.1323 16.246 15.938 15.705 15.328 15.478 15.202 14.952 14.644 14.735 14.437 14.369 14.172 14.203
  9.79884015 0.6100000  3.6828 -4.1346 16.255 15.946 15.713 15.335 15.485 15.209 14.959 14.650 14.741 14.443 14.374 14.177 14.207
  9.80173403 0.6100000  3.6823 -4.1369 16.264 15.954 15.721 15.342 15.492 15.216 14.965 14.656 14.747 14.448 14.379 14.182 14.212
  9.80393462 0.6100000  3.6817 -4.1392 16.273 15.962 15.728 15.349 15.500 15.222 14.971 14.662 14.753 14.453 14.384 14.186 14.217
  9.80704472 0.6100000  3.6812 -4.1414 16.281 15.970 15.736 15.356 15.507 15.229 14.977 14.668 14.758 14.458 14.389 14.191 14.221
  9.81003425 0.6100000  3.6807 -4.1434 16.289 15.977 15.743 15.362 15.513 15.235 14.983 14.673 14.764 14.463 14.393 14.195 14.225
  9.81217759 0.6100000  3.6803 -4.1454 16.297 15.984 15.749 15.368 15.519 15.240 14.988 14.678 14.769 14.468 14.398 14.199 14.229
  9.81520176 0.6100000  3.6798 -4.1474 16.304 15.991 15.756 15.374 15.526 15.246 14.993 14.683 14.774 14.472 14.402 14.203 14.233
  9.81798367 0.6100000  3.6793 -4.1494 16.312 15.998 15.763 15.380 15.532 15.252 14.999 14.688 14.779 14.477 14.407 14.207 14.237
  9.82005309 0.6100000  3.6788 -4.1514 16.320 16.005 15.769 15.386 15.538 15.258 15.004 14.694 14.785 14.481 14.411 14.211 14.241
  9.82270086 0.6100000  3.6784 -4.1533 16.327 16.012 15.776 15.392 15.544 15.263 15.010 14.698 14.789 14.486 14.415 14.215 14.245
  9.82533990 0.6100000  3.6779 -4.1553 16.335 16.019 15.782 15.398 15.551 15.269 15.015 14.704 14.795 14.490 14.420 14.219 14.249
  9.82795353 0.6100000  3.6774 -4.1572 16.342 16.025 15.789 15.404 15.557 15.275 15.020 14.709 14.800 14.495 14.424 14.223 14.253
  9.83054149 0.6100000  3.6770 -4.1592 16.350 16.032 15.796 15.410 15.563 15.280 15.026 14.714 14.805 14.499 14.428 14.227 14.257
  9.83311356 0.6100000  3.6765 -4.1612 16.357 16.039 15.802 15.416 15.569 15.286 15.031 14.719 14.810 14.504 14.433 14.231 14.261
  9.83566571 0.6100000  3.6760 -4.1631 16.365 16.046 15.808 15.422 15.575 15.291 15.036 14.724 14.815 14.508 14.437 14.235 14.265
  9.83819822 0.6100000  3.6756 -4.1651 16.372 16.053 15.815 15.428 15.581 15.297 15.041 14.729 14.820 14.513 14.441 14.239 14.269
  9.84071687 0.6100000  3.6751 -4.1670 16.379 16.059 15.821 15.433 15.587 15.302 15.047 14.733 14.825 14.517 14.445 14.242 14.272
  9.84322279 0.6100000  3.6746 -4.1690 16.387 16.066 15.828 15.439 15.593 15.308 15.052 14.738 14.830 14.521 14.450 14.246 14.276
  9.84570761 0.6100000  3.6741 -4.1709 16.394 16.073 15.834 15.445 15.599 15.313 15.057 14.743 14.835 14.526 14.454 14.250 14.280
  9.84817103 0.6100000  3.6736 -4.1729 16.401 16.080 15.841 15.451 15.605 15.319 15.062 14.748 14.840 14.530 14.458 14.254 14.284
  9.85057260 0.6100000  3.6732 -4.1749 16.409 16.086 15.847 15.457 15.611 15.325 15.067 14.753 14.845 14.535 14.463 14.258 14.288
  9.85245826 0.6100000  3.6727 -4.1768 16.416 16.093 15.853 15.462 15.617 15.330 15.072 14.758 14.850 14.539 14.467 14.262 14.292
  9.85487682 0.6100000  3.6722 -4.1788 16.424 16.100 15.860 15.468 15.623 15.336 15.078 14.763 14.855 14.543 14.471 14.266 14.296
  9.85728658 0.6100000  3.6715 -4.1816 16.434 16.110 15.869 15.477 15.632 15.344 15.085 14.770 14.862 14.549 14.477 14.271 14.301
  9.85967766 0.6100000  3.6708 -4.1847 16.446 16.120 15.879 15.486 15.642 15.352 15.093 14.778 14.869 14.556 14.484 14.277 14.307
  9.86204677 0.6100000  3.6700 -4.1878 16.457 16.131 15.889 15.495 15.651 15.361 15.102 14.786 14.877 14.563 14.490 14.283 14.313
  9.86440530 0.6100000  3.6692 -4.1909 16.469 16.141 15.899 15.504 15.661 15.370 15.110 14.793 14.885 14.570 14.497 14.289 14.319
  9.86674911 0.6100000  3.6685 -4.1940 16.480 16.152 15.909 15.513 15.670 15.378 15.118 14.801 14.893 14.577 14.503 14.295 14.325
  9.86907611 0.6100000  3.6677 -4.1971 16.492 16.162 15.919 15.522 15.679 15.387 15.126 14.809 14.901 14.584 14.510 14.301 14.331
  9.87135629 0.6100000  3.6670 -4.2001 16.503 16.173 15.929 15.531 15.689 15.395 15.134 14.816 14.908 14.590 14.516 14.307 14.337
  9.87313481 0.6100000  3.6662 -4.2032 16.515 16.183 15.939 15.540 15.698 15.404 15.142 14.824 14.916 14.597 14.523 14.313 14.343
  9.87542715 0.6100000  3.6655 -4.2062 16.526 16.193 15.949 15.549 15.707 15.412 15.150 14.831 14.923 14.604 14.529 14.319 14.349
  9.87770728 0.6100000  3.6647 -4.2093 16.537 16.204 15.959 15.558 15.717 15.421 15.158 14.839 14.931 14.610 14.536 14.325 14.355
  9.87996861 0.6100000  3.6640 -4.2123 16.548 16.214 15.968 15.567 15.726 15.429 15.166 14.847 14.938 14.617 14.542 14.330 14.360
  9.88218875 0.6100000  3.6632 -4.2154 16.560 16.224 15.978 15.576 15.735 15.438 15.174 14.854 14.946 14.624 14.549 14.336 14.366
  9.88392724 0.6100000  3.6626 -4.2182 16.570 16.234 15.987 15.584 15.743 15.445 15.181 14.861 14.953 14.630 14.555 14.342 14.372
  9.88614943 0.6100000  3.6620 -4.2205 16.578 16.242 15.995 15.590 15.750 15.452 15.187 14.867 14.959 14.635 14.560 14.346 14.376
  9.88836804 0.6100000  3.6614 -4.2229 16.587 16.250 16.002 15.597 15.758 15.458 15.193 14.873 14.965 14.640 14.565 14.351 14.381
  9.89053585 0.6100000  3.6608 -4.2252 16.596 16.257 16.010 15.604 15.764 15.465 15.199 14.878 14.970 14.645 14.569 14.355 14.385
  9.89223165 0.6100000  3.6603 -4.2276 16.604 16.265 16.017 15.611 15.772 15.471 15.205 14.884 14.976 14.650 14.575 14.360 14.390
  9.89441178 0.6100000  3.6597 -4.2299 16.613 16.273 16.025 15.618 15.779 15.478 15.211 14.890 14.982 14.655 14.579 14.364 14.394
  9.89657210 0.6100000  3.6591 -4.2323 16.621 16.281 16.032 15.625 15.786 15.484 15.217 14.896 14.988 14.661 14.584 14.369 14.399
  9.89869566 0.6100000  3.6585 -4.2347 16.630 16.289 16.040 15.631 15.793 15.491 15.223 14.902 14.994 14.666 14.589 14.374 14.404
  9.90034745 0.6100000  3.6580 -4.2370 16.638 16.297 16.047 15.638 15.800 15.497 15.229 14.907 15.000 14.671 14.594 14.378 14.408
  9.90248207 0.6100000  3.6574 -4.2394 16.647 16.305 16.055 15.645 15.807 15.503 15.236 14.913 15.005 14.676 14.599 14.383 14.413
  9.90459939 0.6100000  3.6568 -4.2417 16.656 16.312 16.062 15.651 15.814 15.510 15.241 14.919 15.011 14.681 14.604 14.387 14.417
  9.90667617 0.6100000  3.6562 -4.2441 16.664 16.320 16.070 15.658 15.821 15.516 15.248 14.925 15.017 14.686 14.609 14.391 14.421
  9.90828814 0.6100000  3.6557 -4.2464 16.673 16.328 16.077 15.665 15.828 15.523 15.253 14.931 15.023 14.691 14.614 14.396 14.426
  9.91037261 0.6100000  3.6551 -4.2488 16.681 16.336 16.084 15.672 15.835 15.529 15.260 14.936 15.028 14.696 14.619 14.400 14.430
  9.91241998 0.6100000  3.6545 -4.2511 16.689 16.344 16.092 15.678 15.842 15.535 15.265 14.942 15.034 14.701 14.624 14.405 14.435
  9.91400835 0.6100000  3.6540 -4.2535 16.698 16.351 16.099 15.685 15.849 15.542 15.272 14.948 15.040 14.706 14.629 14.409 14.439
  9.91606212 0.6100000  3.6534 -4.2558 16.706 16.359 16.106 15.692 15.856 15.548 15.277 14.954 15.046 14.711 14.633 14.414 14.444
  9.91807396 0.6100000  3.6528 -4.2582 16.715 16.367 16.114 15.698 15.862 15.554 15.283 14.959 15.051 14.716 14.638 14.418 14.448
  9.91963334 0.6100000  3.6522 -4.2606 16.723 16.374 16.121 15.705 15.869 15.561 15.289 14.965 15.057 14.721 14.643 14.423 14.453
  9.92166018 0.6100000  3.6516 -4.2630 16.732 16.382 16.128 15.712 15.876 15.567 15.295 14.971 15.063 14.726 14.648 14.427 14.457
  9.92364727 0.6100000  3.6511 -4.2653 16.740 16.390 16.135 15.718 15.883 15.573 15.301 14.976 15.068 14.731 14.653 14.432 14.461
  9.92518334 0.6100000  3.6505 -4.2677 16.748 16.397 16.143 15.725 15.890 15.579 15.307 14.982 15.074 14.736 14.658 14.436 14.466
  9.92717504 0.6100000  3.6499 -4.2701 16.756 16.405 16.150 15.731 15.897 15.586 15.313 14.987 15.080 14.741 14.662 14.441 14.470
  9.92913034 0.6100000  3.6493 -4.2724 16.764 16.412 16.157 15.738 15.903 15.592 15.318 14.993 15.085 14.746 14.667 14.445 14.475
  9.93064046 0.6100000  3.6487 -4.2748 16.773 16.420 16.164 15.744 15.910 15.598 15.324 14.998 15.091 14.751 14.672 14.449 14.479
  9.93261278 0.6100000  3.6482 -4.2772 16.781 16.427 16.171 15.751 15.917 15.604 15.330 15.004 15.096 14.756 14.677 14.454 14.484
  9.93454477 0.6100000  3.6476 -4.2795 16.789 16.435 16.178 15.757 15.923 15.610 15.336 15.009 15.102 14.761 14.681 14.458 14.488
  9.93603807 0.6100000  3.6470 -4.2819 16.797 16.442 16.185 15.763 15.930 15.616 15.342 15.015 15.107 14.765 14.686 14.463 14.492
  9.93794090 0.6100000  3.6464 -4.2843 16.805 16.450 16.193 15.770 15.937 15.622 15.347 15.021 15.113 14.770 14.691 14.467 14.497
  9.93941385 0.6100000  3.6458 -4.2866 16.813 16.457 16.200 15.776 15.943 15.628 15.353 15.026 15.118 14.775 14.695 14.471 14.501
  9.94133074 0.6100000  3.6452 -4.2890 16.822 16.464 16.207 15.783 15.950 15.635 15.359 15.031 15.124 14.780 14.700 14.476 14.505
  9.94321312 0.6100000  3.6447 -4.2913 16.829 16.471 16.214 15.789 15.956 15.640 15.364 15.037 15.129 14.785 14.705 14.480 14.509
  9.94466881 0.6100000  3.6441 -4.2937 16.838 16.479 16.221 15.795 15.963 15.647 15.370 15.042 15.135 14.790 14.710 14.484 14.514
  9.94653353 0.6100000  3.6435 -4.2961 16.846 16.486 16.228 15.802 15.970 15.653 15.376 15.048 15.140 14.794 14.714 14.489 14.518
  9.94797445 0.6100000  3.6429 -4.2984 16.854 16.493 16.235 15.808 15.976 15.658 15.381 15.053 15.145 14.799 14.719 14.493 14.522
  9.94981127 0.6100000  3.6423 -4.3008 16.862 16.501 16.242 15.814 15.983 15.665 15.387 15.058 15.151 14.804 14.723 14.497 14.527
  9.95123911 0.6100000  3.6417 -4.3032 16.870 16.508 16.249 15.821 15.989 15.671 15.393 15.064 15.156 14.809 14.728 14.502 14.531
  9.95307374 0.6100000  3.6411 -4.3057 16.878 16.516 16.256 15.827 15.996 15.677 15.399 15.070 15.162 14.814 14.733 14.506 14.536
  9.95447611 0.6100000  3.6406 -4.3081 16.886 16.523 16.263 15.834 16.003 15.683 15.404 15.075 15.168 14.819 14.738 14.511 14.540
  9.95628233 0.6100000  3.6399 -4.3105 16.894 16.530 16.270 15.840 16.009 15.689 15.410 15.081 15.173 14.823 14.742 14.515 14.544
  9.95768581 0.6100000  3.6394 -4.3129 16.902 16.538 16.277 15.846 16.016 15.695 15.416 15.086 15.178 14.828 14.747 14.520 14.549
  9.95949484 0.6100000  3.6388 -4.3153 16.910 16.545 16.284 15.852 16.022 15.701 15.421 15.091 15.184 14.833 14.752 14.524 14.553
  9.96127398 0.6100000  3.6382 -4.3177 16.918 16.552 16.291 15.859 16.029 15.707 15.427 15.097 15.189 14.838 14.756 14.528 14.557
  9.96264515 0.6100000  3.6376 -4.3201 16.926 16.560 16.298 15.865 16.035 15.713 15.433 15.102 15.195 14.842 14.761 14.533 14.562
  9.96440884 0.6100000  3.6370 -4.3225 16.934 16.567 16.305 15.871 16.042 15.719 15.438 15.107 15.200 14.847 14.766 14.537 14.566
  9.96577890 0.6100000  3.6364 -4.3249 16.942 16.574 16.311 15.877 16.048 15.725 15.444 15.113 15.205 14.852 14.770 14.541 14.570
  9.96752761 0.6100000  3.6358 -4.3273 16.950 16.581 16.318 15.884 16.055 15.731 15.449 15.118 15.211 14.857 14.775 14.546 14.574
  9.96886472 0.6100000  3.6352 -4.3298 16.958 16.589 16.325 15.890 16.061 15.737 15.455 15.124 15.216 14.861 14.780 14.550 14.579
  9.97021275 0.6100000  3.6346 -4.3322 16.966 16.596 16.332 15.896 16.068 15.743 15.461 15.129 15.222 14.866 14.784 14.555 14.583
  9.97194203 0.6100000  3.6340 -4.3346 16.974 16.603 16.339 15.903 16.074 15.749 15.466 15.134 15.227 14.871 14.789 14.559 14.587
  9.97327108 0.6100000  3.6334 -4.3371 16.982 16.610 16.346 15.909 16.081 15.755 15.472 15.140 15.233 14.876 14.794 14.563 14.592
  9.97498483 0.6100000  3.6328 -4.3396 16.990 16.618 16.353 15.915 16.087 15.761 15.478 15.145 15.238 14.881 14.798 14.568 14.596
  9.97630365 0.6100000  3.6321 -4.3421 16.998 16.625 16.360 15.922 16.094 15.767 15.483 15.151 15.244 14.885 14.803 14.572 14.601
  9.97799699 0.6100000  3.6315 -4.3446 17.006 16.632 16.367 15.928 16.101 15.773 15.489 15.156 15.249 14.890 14.808 14.577 14.605
  9.97930662 0.6100000  3.6309 -4.3471 17.014 16.640 16.374 15.934 16.107 15.779 15.495 15.162 15.255 14.895 14.813 14.581 14.609
  9.98089197 0.6100000  3.6303 -4.3497 17.022 16.647 16.381 15.941 16.114 15.785 15.501 15.167 15.260 14.900 14.817 14.586 14.614
  9.98218926 0.6100000  3.6296 -4.3522 17.030 16.655 16.388 15.947 16.121 15.791 15.506 15.173 15.266 14.905 14.822 14.590 14.618
  9.98367313 0.6100000  3.6290 -4.3547 17.038 16.662 16.395 15.954 16.127 15.797 15.512 15.178 15.271 14.910 14.827 14.595 14.623
  9.98514445 0.6100000  3.6284 -4.3573 17.047 16.669 16.403 15.960 16.134 15.803 15.518 15.184 15.277 14.915 14.832 14.599 14.627
  9.98662088 0.6100000  3.6277 -4.3598 17.054 16.676 16.409 15.966 16.140 15.809 15.523 15.189 15.282 14.919 14.836 14.604 14.632
  9.98808166 0.6100000  3.6271 -4.3624 17.062 16.684 16.416 15.973 16.147 15.815 15.529 15.195 15.288 14.924 14.841 14.609 14.636
  9.98953818 0.6100000  3.6265 -4.3650 17.070 16.691 16.423 15.979 16.153 15.821 15.535 15.200 15.293 14.929 14.846 14.613 14.641
  9.99080155 0.6100000  3.6258 -4.3675 17.078 16.698 16.430 15.985 16.160 15.827 15.540 15.205 15.298 14.934 14.851 14.618 14.645
  9.99224725 0.6100000  3.6252 -4.3701 17.086 16.705 16.437 15.991 16.166 15.833 15.546 15.211 15.304 14.939 14.855 14.622 14.649
  9.99368526 0.6100000  3.6246 -4.3727 17.094 16.713 16.444 15.998 16.173 15.839 15.551 15.216 15.309 14.943 14.860 14.627 14.654
  9.99512472 0.6100000  3.6239 -4.3753 17.102 16.720 16.451 16.004 16.179 15.845 15.557 15.222 15.315 14.948 14.865 14.631 14.658
  9.99655196 0.6100000  3.6233 -4.3779 17.110 16.727 16.458 16.010 16.186 15.851 15.562 15.227 15.320 14.953 14.870 14.636 14.663
  9.99797228 0.6100000  3.6226 -4.3806 17.118 16.735 16.465 16.017 16.192 15.857 15.568 15.233 15.325 14.958 14.874 14.641 14.668
  9.99920560 0.6100000  3.6220 -4.3832 17.126 16.742 16.472 16.023 16.199 15.863 15.574 15.238 15.331 14.963 14.879 14.645 14.672
 10.00062156 0.6100000  3.6213 -4.3859 17.134 16.749 16.479 16.029 16.205 15.869 15.580 15.243 15.336 14.968 14.884 14.650 14.677
 10.00209900 0.6100000  3.6206 -4.3886 17.142 16.756 16.486 16.035 16.212 15.875 15.585 15.249 15.342 14.973 14.889 14.655 14.681
 10.00331915 0.6100000  3.6200 -4.3913 17.150 16.764 16.493 16.042 16.219 15.881 15.591 15.254 15.347 14.978 14.894 14.660 14.686
 10.00476475 0.6100000  3.6193 -4.3939 17.158 16.771 16.500 16.048 16.225 15.887 15.596 15.260 15.352 14.982 14.898 14.664 14.690
 10.00597045 0.6100000  3.6186 -4.3966 17.166 16.778 16.506 16.054 16.231 15.893 15.602 15.265 15.358 14.987 14.903 14.669 14.695
 10.00718123 0.6100000  3.6180 -4.3993 17.174 16.785 16.513 16.060 16.238 15.899 15.608 15.270 15.363 14.992 14.908 14.674 14.699
 10.00870510 0.6100000  3.6173 -4.4020 17.182 16.793 16.520 16.067 16.244 15.905 15.613 15.276 15.368 14.997 14.913 14.679 14.704
 10.00990062 0.6100000  3.6166 -4.4047 17.189 16.800 16.527 16.073 16.251 15.910 15.619 15.281 15.374 15.002 14.917 14.683 14.709
 10.01109979 0.6100000  3.6160 -4.4074 17.197 16.807 16.534 16.079 16.257 15.916 15.624 15.287 15.379 15.007 14.922 14.688 14.713
 10.01229795 0.6100000  3.6153 -4.4102 17.205 16.814 16.541 16.086 16.264 15.922 15.630 15.292 15.385 15.012 14.927 14.693 14.718
 10.01373465 0.6100000  3.6146 -4.4129 17.213 16.821 16.548 16.092 16.270 15.928 15.636 15.297 15.390 15.016 14.932 14.698 14.722
 10.01491956 0.6100000  3.6139 -4.4156 17.221 16.828 16.555 16.098 16.277 15.934 15.641 15.303 15.395 15.021 14.936 14.702 14.727
 10.01610032 0.6100000  3.6133 -4.4183 17.228 16.836 16.561 16.104 16.283 15.940 15.647 15.308 15.400 15.026 14.941 14.707 14.731
 10.01741113 0.6100000  3.6126 -4.4211 17.236 16.843 16.568 16.110 16.290 15.946 15.652 15.313 15.406 15.031 14.946 14.712 14.736
 10.01858759 0.6100000  3.6119 -4.4238 17.244 16.850 16.575 16.116 16.296 15.951 15.658 15.319 15.411 15.035 14.951 14.717 14.741
 10.01975524 0.6100000  3.6112 -4.4266 17.252 16.857 16.582 16.122 16.302 15.957 15.663 15.324 15.416 15.040 14.955 14.722 14.745
 10.02102242 0.6100000  3.6105 -4.4294 17.260 16.864 16.589 16.129 16.309 15.963 15.669 15.329 15.422 15.045 14.960 14.726 14.750
 10.02217653 0.6100000  3.6098 -4.4322 17.267 16.871 16.595 16.135 16.315 15.969 15.674 15.335 15.427 15.050 14.965 14.731 14.754
 10.02333707 0.6100000  3.6091 -4.4350 17.275 16.878 16.602 16.141 16.321 15.975 15.680 15.340 15.432 15.055 14.970 14.736 14.759
 10.02465705 0.6100000  3.6084 -4.4378 17.283 16.885 16.609 16.147 16.328 15.981 15.685 15.345 15.437 15.060 14.975 14.741 14.764
 10.02580805 0.6100000  3.6078 -4.4406 17.291 16.892 16.616 16.153 16.334 15.986 15.691 15.351 15.443 15.065 14.979 14.746 14.768
 10.02725690 0.6100000  3.6071 -4.4434 17.298 16.899 16.622 16.159 16.340 15.992 15.696 15.356 15.448 15.069 14.984 14.751 14.773
 10.02840668 0.6100000  3.6064 -4.4462 17.306 16.906 16.629 16.165 16.347 15.998 15.702 15.361 15.453 15.074 14.989 14.755 14.778
 10.02989143 0.6100000  3.6057 -4.4490 17.313 16.913 16.636 16.171 16.353 16.003 15.707 15.367 15.458 15.079 14.994 14.760 14.782
 10.03102899 0.6100000  3.6050 -4.4518 17.321 16.920 16.642 16.177 16.359 16.009 15.713 15.372 15.463 15.084 14.998 14.765 14.787
 10.03215958 0.6100000  3.6043 -4.4546 17.328 16.927 16.649 16.183 16.365 16.015 15.718 15.377 15.468 15.088 15.003 14.770 14.791
 10.03328206 0.6100000  3.6036 -4.4574 17.336 16.934 16.655 16.189 16.371 16.020 15.723 15.382 15.473 15.093 15.008 14.775 14.796
 10.03476542 0.6100000  3.6029 -4.4602 17.343 16.941 16.662 16.195 16.378 16.026 15.729 15.387 15.478 15.098 15.012 14.779 14.800
 10.03589203 0.6100000  3.6022 -4.4630 17.351 16.948 16.668 16.201 16.384 16.031 15.734 15.392 15.483 15.102 15.017 14.784 14.805
 10.03701166 0.6100000  3.6014 -4.4660 17.359 16.955 16.675 16.207 16.390 16.037 15.740 15.398 15.489 15.107 15.022 14.790 14.810
 10.03812926 0.6100000  3.6007 -4.4690 17.367 16.962 16.682 16.214 16.397 16.043 15.745 15.403 15.494 15.112 15.027 14.795 14.815
 10.03950658 0.6100000  3.6000 -4.4720 17.374 16.969 16.689 16.220 16.403 16.049 15.751 15.409 15.500 15.118 15.032 14.800 14.820
 10.04062244 0.6100000  3.5992 -4.4750 17.382 16.977 16.696 16.226 16.410 16.055 15.756 15.414 15.505 15.123 15.037 14.806 14.825
 10.04172690 0.6100000  3.5985 -4.4780 17.390 16.984 16.703 16.232 16.416 16.061 15.762 15.419 15.510 15.128 15.042 14.811 14.830
 10.04283128 0.6100000  3.5977 -4.4810 17.398 16.991 16.710 16.239 16.423 16.067 15.768 15.425 15.516 15.133 15.047 14.817 14.835
 10.04411099 0.6100000  3.5970 -4.4840 17.406 16.998 16.716 16.245 16.429 16.073 15.773 15.430 15.521 15.138 15.052 14.822 14.840
 10.04520608 0.6100000  3.5962 -4.4870 17.414 17.005 16.723 16.251 16.435 16.079 15.779 15.435 15.526 15.143 15.057 14.828 14.845
 10.04630372 0.6100000  3.5955 -4.4900 17.421 17.012 16.730 16.257 16.442 16.084 15.784 15.441 15.532 15.147 15.062 14.833 14.850
 10.04757064 0.6100000  3.5948 -4.4930 17.429 17.019 16.737 16.263 16.448 16.090 15.790 15.446 15.537 15.152 15.067 14.839 14.855
 10.04866897 0.6100000  3.5940 -4.4960 17.437 17.026 16.743 16.269 16.454 16.096 15.795 15.451 15.542 15.157 15.072 14.844 14.860
 10.04992352 0.6100000  3.5933 -4.4990 17.444 17.033 16.750 16.275 16.460 16.102 15.800 15.456 15.547 15.162 15.077 14.850 14.865
 10.05100752 0.6100000  3.5925 -4.5020 17.452 17.040 16.757 16.281 16.467 16.107 15.806 15.462 15.552 15.167 15.082 14.855 14.870
 10.05209074 0.6100000  3.5918 -4.5050 17.459 17.047 16.763 16.287 16.473 16.113 15.811 15.467 15.558 15.172 15.087 14.861 14.875
 10.05316473 0.6100000  3.5910 -4.5079 17.467 17.053 16.770 16.293 16.479 16.118 15.816 15.472 15.562 15.177 15.092 14.866 14.880
 10.05441907 0.6100000  3.5905 -4.5101 17.472 17.058 16.774 16.297 16.483 16.123 15.820 15.475 15.566 15.180 15.096 14.870 14.884
 10.05548848 0.6100000  3.5900 -4.5122 17.477 17.063 16.779 16.301 16.487 16.126 15.824 15.479 15.570 15.184 15.099 14.874 14.887
 10.05655397 0.6100000  3.5894 -4.5144 17.483 17.068 16.784 16.306 16.492 16.130 15.828 15.483 15.574 15.187 15.103 14.878 14.891
 10.05779208 0.6100000  3.5889 -4.5166 17.488 17.073 16.788 16.310 16.496 16.135 15.832 15.486 15.577 15.191 15.106 14.882 14.895
 10.05886117 0.6100000  3.5883 -4.5188 17.494 17.078 16.793 16.314 16.501 16.139 15.835 15.490 15.581 15.194 15.110 14.886 14.899
 10.05991374 0.6100000  3.5878 -4.5210 17.499 17.083 16.798 16.318 16.505 16.143 15.839 15.494 15.585 15.198 15.114 14.890 14.902
 10.06114613 0.6100000  3.5873 -4.5232 17.504 17.088 16.802 16.323 16.510 16.147 15.843 15.497 15.588 15.201 15.117 14.894 14.906
 10.06219382 0.6100000  3.5867 -4.5254 17.510 17.093 16.807 16.327 16.514 16.151 15.847 15.501 15.592 15.205 15.121 14.898 14.910
 10.06324343 0.6100000  3.5861 -4.5277 17.515 17.098 16.812 16.331 16.518 16.155 15.851 15.505 15.596 15.209 15.125 14.903 14.914
 10.06428530 0.6100000  3.5856 -4.5299 17.521 17.103 16.817 16.336 16.523 16.159 15.855 15.509 15.599 15.212 15.128 14.907 14.917
 10.06550279 0.6100000  3.5850 -4.5322 17.526 17.108 16.822 16.340 16.527 16.163 15.859 15.512 15.603 15.216 15.132 14.911 14.921
 10.06654825 0.6100000  3.5845 -4.5344 17.531 17.112 16.826 16.344 16.532 16.167 15.862 15.516 15.607 15.219 15.135 14.915 14.925
 10.06759300 0.6100000  3.5839 -4.5367 17.537 17.117 16.831 16.349 16.536 16.171 15.866 15.520 15.611 15.223 15.139 14.919 14.929
 10.06862554 0.6100000  3.5833 -4.5390 17.542 17.122 16.836 16.353 16.541 16.175 15.870 15.524 15.614 15.227 15.143 14.924 14.933
 10.06983416 0.6100000  3.5828 -4.5413 17.548 17.127 16.841 16.357 16.545 16.179 15.874 15.527 15.618 15.230 15.147 14.928 14.936
 10.07086100 0.6100000  3.5822 -4.5436 17.553 17.132 16.845 16.361 16.549 16.183 15.878 15.531 15.622 15.234 15.150 14.932 14.940
 10.07189336 0.6100000  3.5816 -4.5459 17.559 17.137 16.850 16.366 16.554 16.187 15.882 15.535 15.626 15.237 15.154 14.937 14.944
 10.07292054 0.6100000  3.5811 -4.5483 17.564 17.142 16.855 16.370 16.559 16.192 15.886 15.539 15.630 15.241 15.158 14.941 14.948
 10.07411124 0.6100000  3.5805 -4.5506 17.570 17.147 16.860 16.374 16.563 16.196 15.890 15.542 15.633 15.245 15.162 14.946 14.952
 10.07512806 0.6100000  3.5799 -4.5530 17.575 17.152 16.865 16.379 16.567 16.200 15.894 15.546 15.637 15.249 15.166 14.950 14.956
 10.07614951 0.6100000  3.5787 -4.5579 17.586 17.163 16.874 16.388 16.577 16.208 15.902 15.554 15.645 15.256 15.173 14.959 14.964
 10.07716576 0.6100000  3.5773 -4.5633 17.599 17.174 16.885 16.398 16.587 16.218 15.910 15.562 15.653 15.264 15.182 14.969 14.974
 10.07810358 0.6100000  3.5761 -4.5682 17.610 17.184 16.895 16.406 16.596 16.226 15.918 15.570 15.661 15.272 15.190 14.979 14.982
 10.07918089 0.6100000  3.5749 -4.5732 17.621 17.194 16.905 16.415 16.605 16.234 15.926 15.577 15.669 15.279 15.198 14.988 14.990
 10.08013955 0.6100000  3.5736 -4.5782 17.632 17.204 16.915 16.424 16.614 16.243 15.934 15.585 15.676 15.287 15.206 14.998 14.999
 10.08109388 0.6100000  3.5724 -4.5832 17.644 17.215 16.925 16.433 16.624 16.251 15.942 15.593 15.684 15.295 15.214 15.008 15.008
 10.08205282 0.6100000  3.5711 -4.5881 17.655 17.225 16.934 16.442 16.633 16.260 15.950 15.601 15.692 15.303 15.223 15.018 15.017
 10.08310934 0.6100000  3.5699 -4.5931 17.666 17.235 16.944 16.451 16.642 16.268 15.958 15.608 15.700 15.311 15.231 15.028 15.026
 10.08407304 0.6100000  3.5686 -4.5981 17.678 17.245 16.954 16.460 16.651 16.277 15.966 15.616 15.707 15.319 15.240 15.039 15.036
 10.08504137 0.6100000  3.5677 -4.6019 17.686 17.253 16.961 16.467 16.658 16.283 15.972 15.622 15.713 15.325 15.246 15.046 15.043
 10.08612341 0.6100000  3.5669 -4.6051 17.693 17.260 16.968 16.472 16.664 16.289 15.978 15.627 15.718 15.331 15.252 15.053 15.049
 10.08711440 0.6100000  3.5661 -4.6084 17.701 17.266 16.974 16.478 16.670 16.294 15.983 15.632 15.723 15.336 15.257 15.060 15.055
 10.08810375 0.6100000  3.5653 -4.6117 17.708 17.273 16.980 16.484 16.676 16.300 15.988 15.637 15.728 15.341 15.263 15.067 15.061
 10.08918540 0.6100000  3.5644 -4.6150 17.715 17.279 16.987 16.490 16.682 16.305 15.993 15.642 15.733 15.347 15.268 15.074 15.068
 10.09017685 0.6100000  3.5636 -4.6183 17.722 17.286 16.993 16.495 16.688 16.311 15.998 15.647 15.738 15.352 15.274 15.081 15.074
 10.09115323 0.6100000  3.5628 -4.6216 17.730 17.293 16.999 16.501 16.693 16.316 16.003 15.652 15.743 15.357 15.280 15.088 15.080
 10.09222465 0.6100000  3.5620 -4.6249 17.737 17.299 17.005 16.507 16.699 16.321 16.009 15.657 15.748 15.363 15.285 15.095 15.087
 10.09320849 0.6100000  3.5612 -4.6282 17.744 17.306 17.012 16.512 16.705 16.327 16.014 15.662 15.753 15.368 15.291 15.102 15.093
 10.09418443 0.6100000  3.5603 -4.6316 17.751 17.312 17.018 16.518 16.711 16.332 16.019 15.667 15.758 15.373 15.297 15.109 15.100
 10.09515871 0.6100000  3.5595 -4.6349 17.758 17.319 17.024 16.524 16.717 16.338 16.024 15.672 15.763 15.379 15.303 15.116 15.106
 10.09621733 0.6100000  3.5587 -4.6382 17.765 17.325 17.030 16.529 16.723 16.343 16.029 15.677 15.768 15.384 15.308 15.124 15.112
 10.09719102 0.6100000  3.5578 -4.6416 17.773 17.332 17.037 16.535 16.729 16.348 16.034 15.682 15.773 15.390 15.314 15.131 15.119
 10.09815409 0.6100000  3.5570 -4.6449 17.780 17.338 17.043 16.540 16.734 16.354 16.039 15.687 15.778 15.395 15.320 15.138 15.126
 10.09912268 0.6100000  3.5562 -4.6483 17.787 17.345 17.049 16.546 16.740 16.359 16.045 15.692 15.783 15.400 15.326 15.146 15.133
 10.10017744 0.6100000  3.5553 -4.6517 17.794 17.351 17.055 16.552 16.746 16.365 16.050 15.696 15.787 15.406 15.332 15.153 15.139
 10.10114094 0.6100000  3.5545 -4.6551 17.801 17.357 17.061 16.557 16.752 16.370 16.055 15.701 15.792 15.411 15.338 15.161 15.146
 10.10209292 0.6100000  3.5536 -4.6585 17.808 17.364 17.068 16.563 16.758 16.375 16.060 15.706 15.797 15.417 15.344 15.168 15.153
 10.10305670 0.6100000  3.5528 -4.6620 17.816 17.371 17.074 16.569 16.764 16.381 16.065 15.711 15.802 15.423 15.350 15.176 15.160
 10.10400895 0.6100000  3.5519 -4.6654 17.823 17.377 17.080 16.574 16.769 16.386 16.070 15.716 15.807 15.428 15.356 15.184 15.167
 10.10496671 0.6100000  3.5511 -4.6688 17.830 17.383 17.086 16.580 16.775 16.391 16.075 15.721 15.812 15.434 15.362 15.192 15.174
 10.10591564 0.6100000  3.5502 -4.6723 17.837 17.390 17.092 16.585 16.781 16.397 16.080 15.726 15.817 15.439 15.368 15.199 15.181
 10.10686380 0.6100000  3.5494 -4.6757 17.844 17.396 17.098 16.591 16.786 16.402 16.085 15.731 15.822 15.445 15.374 15.207 15.188
 10.10781389 0.6100000  3.5485 -4.6792 17.851 17.403 17.105 16.597 16.792 16.408 16.090 15.736 15.827 15.451 15.380 15.215 15.195
 10.10875423 0.6100000  3.5476 -4.6826 17.858 17.409 17.111 16.602 16.798 16.413 16.095 15.741 15.832 15.456 15.386 15.223 15.202
 10.10969561 0.6100000  3.5468 -4.6861 17.865 17.415 17.117 16.608 16.804 16.418 16.100 15.745 15.836 15.462 15.392 15.231 15.210
 10.11063890 0.6100000  3.5459 -4.6896 17.872 17.422 17.123 16.613 16.809 16.423 16.106 15.750 15.841 15.468 15.399 15.239 15.217
 10.11158143 0.6100000  3.5450 -4.6931 17.879 17.428 17.129 16.619 16.815 16.429 16.111 15.755 15.846 15.473 15.405 15.247 15.224
 10.11251870 0.6100000  3.5442 -4.6966 17.886 17.434 17.135 16.624 16.821 16.434 16.116 15.760 15.851 15.479 15.411 15.256 15.232
 10.11345160 0.6100000  3.5433 -4.7001 17.893 17.441 17.141 16.630 16.827 16.439 16.121 15.765 15.856 15.485 15.418 15.264 15.239
 10.11438552 0.6100000  3.5424 -4.7037 17.900 17.447 17.147 16.635 16.833 16.445 16.126 15.770 15.861 15.491 15.424 15.273 15.248
 10.11531598 0.6100000  3.5415 -4.7073 17.908 17.454 17.154 16.641 16.839 16.451 16.131 15.775 15.866 15.498 15.431 15.282 15.256
 10.11624836 0.6100000  3.5406 -4.7108 17.915 17.460 17.160 16.647 16.844 16.456 16.136 15.780 15.871 15.504 15.438 15.290 15.264
 10.11717187 0.6100000  3.5397 -4.7144 17.922 17.467 17.166 16.653 16.850 16.462 16.142 15.785 15.876 15.510 15.445 15.299 15.272
 10.11809641 0.6100000  3.5388 -4.7180 17.929 17.474 17.173 16.658 16.856 16.467 16.147 15.790 15.881 15.517 15.452 15.308 15.280
 10.11901927 0.6100000  3.5379 -4.7216 17.936 17.480 17.179 16.664 16.862 16.473 16.152 15.795 15.886 15.523 15.459 15.317 15.289
 10.11994224 0.6100000  3.5370 -4.7253 17.944 17.487 17.185 16.670 16.868 16.478 16.158 15.801 15.892 15.530 15.466 15.327 15.298
 10.12085905 0.6100000  3.5361 -4.7289 17.951 17.494 17.192 16.675 16.874 16.484 16.163 15.806 15.897 15.536 15.474 15.336 15.306
 10.12177867 0.6100000  3.5352 -4.7325 17.958 17.500 17.198 16.681 16.880 16.489 16.168 15.811 15.902 15.543 15.481 15.345 15.315
 10.12269122 0.6100000  3.5343 -4.7361 17.965 17.506 17.204 16.687 16.886 16.495 16.173 15.816 15.907 15.550 15.488 15.354 15.323
 10.12360748 0.6100000  3.5334 -4.7398 17.973 17.513 17.210 16.693 16.892 16.500 16.179 15.821 15.912 15.556 15.495 15.364 15.332
 10.12451486 0.6100000  3.5325 -4.7434 17.980 17.520 17.217 16.698 16.897 16.506 16.184 15.826 15.917 15.563 15.503 15.373 15.341
 10.12542416 0.6100000  3.5316 -4.7471 17.987 17.526 17.223 16.704 16.903 16.511 16.189 15.831 15.922 15.570 15.510 15.383 15.350
 10.12633267 0.6100000  3.5307 -4.7508 17.994 17.533 17.229 16.710 16.909 16.517 16.195 15.836 15.927 15.577 15.518 15.393 15.359
 10.12724130 0.6100000  3.5298 -4.7545 18.002 17.539 17.236 16.715 16.915 16.522 16.200 15.841 15.932 15.584 15.525 15.403 15.368
 10.12813384 0.6100000  3.5288 -4.7583 18.009 17.546 17.242 16.721 16.921 16.528 16.205 15.847 15.938 15.591 15.533 15.413 15.378
 10.12903819 0.6100000  3.5279 -4.7620 18.016 17.553 17.248 16.727 16.927 16.534 16.211 15.852 15.943 15.598 15.541 15.423 15.387
 10.12994716 0.6100000  3.5270 -4.7658 18.024 17.559 17.255 16.733 16.933 16.539 16.216 15.857 15.948 15.605 15.549 15.433 15.397
 10.13084724 0.6100000  3.5260 -4.7695 18.031 17.566 17.261 16.738 16.939 16.545 16.221 15.862 15.953 15.612 15.556 15.443 15.406
 10.13173662 0.6100000  3.5251 -4.7733 18.038 17.573 17.267 16.744 16.945 16.551 16.227 15.867 15.958 15.619 15.564 15.453 15.416
 10.13262342 0.6100000  3.5242 -4.7770 18.045 17.579 17.273 16.750 16.951 16.556 16.232 15.872 15.963 15.626 15.572 15.464 15.426
 10.13352652 0.6100000  3.5232 -4.7808 18.052 17.586 17.280 16.755 16.957 16.562 16.237 15.878 15.969 15.634 15.580 15.474 15.436
 10.13442524 0.6100000  3.5223 -4.7846 18.060 17.592 17.286 16.761 16.962 16.567 16.243 15.883 15.974 15.641 15.588 15.485 15.445
 10.13530425 0.6100000  3.5213 -4.7883 18.067 17.599 17.292 16.767 16.968 16.573 16.248 15.888 15.979 15.648 15.596 15.495 15.455
 10.13619418 0.6100000  3.5204 -4.7921 18.074 17.605 17.298 16.772 16.974 16.578 16.253 15.893 15.984 15.655 15.604 15.506 15.465
 10.13708421 0.6100000  3.5195 -4.7959 18.081 17.612 17.305 16.778 16.980 16.584 16.258 15.898 15.989 15.663 15.613 15.516 15.475
 10.13795903 0.6100000  3.5185 -4.7997 18.088 17.618 17.311 16.784 16.986 16.589 16.264 15.903 15.994 15.670 15.621 15.527 15.486
 10.13884297 0.6100000  3.5176 -4.8036 18.096 17.625 17.317 16.789 16.992 16.595 16.269 15.909 16.000 15.678 15.629 15.538 15.496
 10.13972431 0.6100000  3.5166 -4.8074 18.103 17.631 17.324 16.795 16.998 16.600 16.274 15.914 16.005 15.686 15.638 15.549 15.507
 10.14060845 0.6100000  3.5156 -4.8113 18.110 17.638 17.330 16.801 17.003 16.606 16.280 15.919 16.010 15.693 15.646 15.560 15.517
 10.14147918 0.6100000  3.5147 -4.8152 18.117 17.645 17.336 16.806 17.009 16.612 16.285 15.924 16.015 15.701 15.655 15.572 15.528
 10.14235542 0.6100000  3.5137 -4.8190 18.124 17.651 17.342 16.812 17.015 16.617 16.290 15.929 16.020 15.709 15.663 15.583 15.539
 10.14323176 0.6100000  3.5128 -4.8229 18.131 17.658 17.349 16.818 17.021 16.623 16.296 15.934 16.025 15.717 15.672 15.594 15.549
 10.14409828 0.6100000  3.5118 -4.8268 18.139 17.664 17.355 16.823 17.027 16.628 16.301 15.939 16.031 15.725 15.681 15.606 15.560
 10.14496581 0.6100000  3.5108 -4.8307 18.146 17.671 17.361 16.829 17.033 16.634 16.306 15.945 16.036 15.733 15.690 15.617 15.571
 10.14584155 0.6100000  3.5098 -4.8346 18.153 17.677 17.367 16.835 17.039 16.640 16.312 15.950 16.041 15.741 15.699 15.629 15.582
 10.14670567 0.6100000  3.5089 -4.8385 18.160 17.684 17.374 16.840 17.045 16.645 16.317 15.955 16.046 15.750 15.708 15.640 15.594
 10.14756718 0.6100000  3.5079 -4.8424 18.167 17.690 17.380 16.846 17.050 16.651 16.323 15.961 16.052 15.758 15.718 15.652 15.605
 10.14842969 0.6100000  3.5069 -4.8464 18.175 17.697 17.386 16.852 17.056 16.657 16.328 15.966 16.057 15.767 15.727 15.664 15.616
 10.14929139 0.6100000  3.5059 -4.8503 18.182 17.703 17.393 16.857 17.062 16.662 16.334 15.971 16.062 15.776 15.737 15.676 15.628
 10.15015139 0.6100000  3.5049 -4.8543 18.189 17.710 17.399 16.863 17.068 16.668 16.339 15.977 16.068 15.785 15.746 15.688 15.639
 10.15101058 0.6100000  3.5039 -4.8583 18.197 17.717 17.405 16.869 17.074 16.674 16.345 15.982 16.073 15.793 15.756 15.700 15.651
 10.15185994 0.6100000  3.5029 -4.8623 18.204 17.723 17.412 16.875 17.080 16.679 16.350 15.987 16.079 15.803 15.766 15.713 15.663
 10.15270849 0.6100000  3.5019 -4.8663 18.211 17.730 17.418 16.880 17.086 16.685 16.356 15.993 16.084 15.812 15.776 15.725 15.675
 10.15357067 0.6100000  3.5009 -4.8703 18.218 17.736 17.424 16.886 17.092 16.691 16.361 15.998 16.089 15.821 15.786 15.737 15.687
 10.15441851 0.6100000  3.4999 -4.8744 18.226 17.743 17.431 16.892 17.098 16.697 16.367 16.004 16.095 15.830 15.796 15.750 15.699
 10.15526553 0.6100000  3.4989 -4.8784 18.233 17.750 17.437 16.898 17.104 16.702 16.373 16.009 16.100 15.839 15.806 15.763 15.711
 10.15612349 0.6100000  3.4979 -4.8824 18.240 17.756 17.443 16.903 17.110 16.708 16.378 16.014 16.105 15.849 15.816 15.775 15.724
 10.15696257 0.6100000  3.4969 -4.8865 18.247 17.763 17.449 16.909 17.116 16.714 16.384 16.020 16.111 15.858 15.827 15.788 15.736
 10.15781077 0.6100000  3.4959 -4.8906 18.255 17.769 17.456 16.915 17.122 16.720 16.389 16.025 16.117 15.868 15.837 15.801 15.749
 10.15864913 0.6100000  3.4949 -4.8946 18.262 17.776 17.462 16.920 17.127 16.725 16.395 16.030 16.122 15.878 15.848 15.814 15.761
 10.15949210 0.6100000  3.4939 -4.8987 18.269 17.782 17.468 16.926 17.133 16.731 16.400 16.036 16.127 15.887 15.858 15.827 15.774
 10.16032883 0.6100000  3.4928 -4.9028 18.276 17.789 17.475 16.932 17.139 16.737 16.406 16.041 16.133 15.897 15.869 15.841 15.787
 10.16117198 0.6100000  3.4918 -4.9068 18.284 17.795 17.481 16.937 17.145 16.743 16.411 16.046 16.138 15.907 15.879 15.854 15.800
 10.16200437 0.6100000  3.4908 -4.9110 18.291 17.802 17.487 16.943 17.151 16.748 16.417 16.052 16.144 15.917 15.890 15.867 15.813
 10.16283505 0.6100000  3.4898 -4.9151 18.298 17.809 17.493 16.949 17.157 16.754 16.423 16.058 16.149 15.927 15.901 15.881 15.826
 10.16367033 0.6100000  3.4887 -4.9192 18.305 17.815 17.500 16.955 17.163 16.760 16.428 16.063 16.154 15.937 15.912 15.894 15.839
 10.16450479 0.6100000  3.4877 -4.9234 18.313 17.822 17.506 16.960 17.169 16.766 16.434 16.068 16.160 15.948 15.924 15.908 15.853
 10.16533211 0.6100000  3.4867 -4.9276 18.320 17.828 17.512 16.966 17.175 16.772 16.440 16.074 16.166 15.958 15.935 15.922 15.866
 10.16615409 0.6100000  3.4856 -4.9317 18.327 17.835 17.518 16.972 17.181 16.777 16.445 16.079 16.171 15.969 15.946 15.936 15.880
 10.16699062 0.6100000  3.4846 -4.9359 18.334 17.841 17.525 16.978 17.186 16.783 16.451 16.085 16.177 15.979 15.958 15.950 15.894
 10.16781368 0.6100000  3.4836 -4.9400 18.341 17.848 17.531 16.983 17.192 16.789 16.456 16.090 16.182 15.990 15.969 15.964 15.907
 10.16863139 0.6100000  3.4825 -4.9442 18.349 17.854 17.537 16.989 17.198 16.795 16.462 16.096 16.187 16.001 15.981 15.978 15.921
 10.16945642 0.6100000  3.4815 -4.9484 18.356 17.861 17.543 16.994 17.204 16.800 16.468 16.101 16.193 16.011 15.992 15.992 15.935
 10.17028244 0.6100000  3.4804 -4.9526 18.363 17.867 17.550 17.000 17.210 16.806 16.474 16.107 16.199 16.022 16.004 16.007 15.949
 10.17109407 0.6100000  3.4794 -4.9568 18.370 17.874 17.556 17.006 17.216 16.812 16.479 16.112 16.204 16.033 16.016 16.021 15.964
 10.17190940 0.6100000  3.4783 -4.9609 18.377 17.880 17.562 17.011 17.221 16.818 16.485 16.118 16.209 16.044 16.028 16.035 15.978
