#     log(t)    Mwd   log(Teff)log(L/Lo) F435W F475W  F502N  F550M  F555W  F606W  F625W  F658N  F660N  F775W  F814W  F850LP F892N
  6.47321843 0.5400000  4.7824  0.7359  7.703  7.863  7.976  8.078  8.016  8.079  8.170  8.112  8.186  8.343  8.384  8.539  8.552
  6.47677421 0.5400000  4.7858  0.7528  7.687  7.847  7.961  8.062  8.001  8.064  8.154  8.097  8.170  8.328  8.369  8.524  8.537
  6.47928429 0.5400000  4.7868  0.7555  7.688  7.848  7.962  8.063  8.002  8.065  8.156  8.098  8.171  8.329  8.370  8.525  8.539
  6.48302176 0.5400000  4.7858  0.7483  7.699  7.859  7.972  8.074  8.013  8.075  8.166  8.108  8.182  8.339  8.380  8.535  8.549
  6.48856930 0.5400000  4.7826  0.7297  7.720  7.880  7.994  8.095  8.034  8.097  8.187  8.130  8.203  8.360  8.401  8.556  8.569
  6.49210458 0.5400000  4.7802  0.7163  7.735  7.895  8.008  8.109  8.048  8.111  8.201  8.145  8.218  8.374  8.415  8.570  8.584
  6.49525220 0.5400000  4.7780  0.7038  7.749  7.909  8.022  8.123  8.062  8.125  8.215  8.158  8.231  8.388  8.428  8.584  8.597
  6.49825533 0.5400000  4.7758  0.6916  7.762  7.922  8.034  8.135  8.074  8.137  8.227  8.171  8.244  8.400  8.441  8.596  8.609
  6.50118694 0.5400000  4.7735  0.6796  7.775  7.934  8.047  8.148  8.087  8.150  8.240  8.184  8.257  8.412  8.453  8.608  8.621
  6.50409184 0.5400000  4.7713  0.6676  7.788  7.947  8.060  8.160  8.100  8.162  8.252  8.197  8.269  8.425  8.466  8.621  8.634
  6.50699198 0.5400000  4.7691  0.6557  7.801  7.960  8.072  8.172  8.112  8.175  8.265  8.209  8.282  8.437  8.478  8.633  8.646
  6.50989831 0.5400000  4.7669  0.6439  7.813  7.972  8.084  8.184  8.124  8.187  8.276  8.222  8.294  8.449  8.490  8.645  8.658
  6.51281800 0.5400000  4.7647  0.6320  7.826  7.984  8.096  8.197  8.136  8.199  8.289  8.234  8.306  8.461  8.502  8.657  8.670
  6.51575581 0.5400000  4.7625  0.6202  7.838  7.997  8.108  8.209  8.148  8.211  8.301  8.246  8.318  8.473  8.514  8.668  8.681
  6.51871794 0.5400000  4.7602  0.6084  7.850  8.009  8.120  8.220  8.160  8.223  8.312  8.259  8.331  8.484  8.525  8.680  8.693
  6.52170057 0.5400000  4.7580  0.5965  7.863  8.021  8.132  8.233  8.173  8.235  8.325  8.271  8.343  8.496  8.537  8.692  8.705
  6.52470561 0.5400000  4.7557  0.5847  7.875  8.033  8.144  8.244  8.185  8.247  8.336  8.283  8.355  8.508  8.549  8.704  8.717
  6.52773783 0.5400000  4.7535  0.5729  7.888  8.045  8.156  8.256  8.196  8.259  8.348  8.296  8.367  8.520  8.561  8.716  8.729
  6.53079819 0.5400000  4.7513  0.5611  7.900  8.057  8.168  8.268  8.208  8.271  8.360  8.308  8.379  8.531  8.572  8.727  8.740
  6.53389479 0.5400000  4.7490  0.5493  7.912  8.069  8.180  8.280  8.220  8.283  8.372  8.320  8.391  8.543  8.584  8.739  8.752
  6.53701571 0.5400000  4.7467  0.5375  7.924  8.081  8.192  8.291  8.232  8.294  8.383  8.332  8.403  8.555  8.596  8.750  8.764
  6.54016380 0.5400000  4.7445  0.5257  7.937  8.093  8.204  8.303  8.244  8.306  8.395  8.344  8.415  8.566  8.607  8.762  8.775
  6.54333813 0.5400000  4.7422  0.5139  7.949  8.105  8.215  8.315  8.256  8.318  8.407  8.356  8.427  8.578  8.619  8.774  8.787
  6.54653963 0.5400000  4.7399  0.5020  7.961  8.117  8.227  8.326  8.267  8.330  8.419  8.368  8.439  8.589  8.630  8.785  8.798
  6.54976307 0.5400000  4.7377  0.4902  7.973  8.129  8.239  8.338  8.279  8.341  8.430  8.380  8.451  8.601  8.642  8.797  8.810
  6.55301417 0.5400000  4.7354  0.4784  7.985  8.141  8.251  8.350  8.291  8.353  8.442  8.392  8.462  8.612  8.653  8.808  8.821
  6.55629387 0.5400000  4.7331  0.4666  7.997  8.153  8.262  8.361  8.302  8.364  8.453  8.404  8.474  8.623  8.664  8.819  8.832
  6.55960171 0.5400000  4.7308  0.4548  8.009  8.165  8.274  8.373  8.314  8.376  8.464  8.416  8.486  8.635  8.676  8.830  8.843
  6.56293292 0.5400000  4.7285  0.4430  8.021  8.176  8.285  8.384  8.325  8.387  8.476  8.428  8.497  8.646  8.687  8.842  8.855
  6.56628511 0.5400000  4.7262  0.4311  8.033  8.188  8.297  8.395  8.337  8.399  8.487  8.439  8.509  8.657  8.698  8.853  8.866
  6.56965160 0.5400000  4.7239  0.4193  8.045  8.200  8.308  8.407  8.348  8.410  8.499  8.451  8.521  8.669  8.710  8.864  8.877
  6.57304337 0.5400000  4.7215  0.4075  8.056  8.211  8.320  8.418  8.360  8.422  8.510  8.463  8.532  8.680  8.721  8.875  8.888
  6.57646423 0.5400000  4.7192  0.3957  8.068  8.223  8.331  8.429  8.371  8.433  8.521  8.475  8.543  8.691  8.732  8.886  8.899
  6.57991179 0.5400000  4.7169  0.3839  8.080  8.235  8.342  8.441  8.382  8.444  8.533  8.486  8.555  8.702  8.743  8.897  8.910
  6.58338653 0.5400000  4.7146  0.3720  8.092  8.246  8.354  8.452  8.394  8.456  8.544  8.498  8.567  8.713  8.754  8.908  8.921
  6.58688511 0.5400000  4.7122  0.3602  8.104  8.258  8.365  8.463  8.405  8.467  8.555  8.510  8.578  8.724  8.765  8.919  8.932
  6.59040229 0.5400000  4.7099  0.3483  8.115  8.270  8.377  8.475  8.417  8.478  8.566  8.521  8.589  8.736  8.776  8.930  8.943
  6.59392901 0.5400000  4.7075  0.3365  8.127  8.281  8.388  8.486  8.428  8.489  8.577  8.533  8.601  8.747  8.787  8.941  8.954
  6.59747527 0.5400000  4.7052  0.3247  8.138  8.292  8.399  8.497  8.439  8.500  8.588  8.544  8.612  8.757  8.798  8.952  8.964
  6.60104253 0.5400000  4.7028  0.3128  8.150  8.304  8.410  8.508  8.450  8.512  8.600  8.556  8.623  8.769  8.809  8.963  8.975
  6.60463600 0.5400000  4.7004  0.3010  8.162  8.315  8.421  8.519  8.461  8.523  8.611  8.567  8.634  8.779  8.820  8.973  8.986
  6.60825285 0.5400000  4.6981  0.2892  8.173  8.327  8.432  8.530  8.472  8.534  8.622  8.579  8.645  8.790  8.830  8.984  8.997
  6.61189306 0.5400000  4.6957  0.2774  8.185  8.338  8.443  8.541  8.483  8.545  8.633  8.590  8.657  8.801  8.841  8.995  9.007
  6.61555616 0.5400000  4.6933  0.2655  8.197  8.350  8.455  8.552  8.495  8.556  8.644  8.602  8.668  8.812  8.852  9.006  9.018
  6.61923785 0.5400000  4.6909  0.2537  8.208  8.361  8.466  8.563  8.506  8.567  8.655  8.613  8.679  8.823  8.863  9.016  9.029
  6.62293624 0.5400000  4.6885  0.2418  8.220  8.372  8.477  8.574  8.517  8.578  8.666  8.625  8.691  8.834  8.874  9.027  9.040
  6.62664702 0.5400000  4.6861  0.2300  8.231  8.384  8.488  8.585  8.528  8.590  8.677  8.636  8.702  8.845  8.885  9.038  9.051
  6.63037450 0.5400000  4.6837  0.2182  8.243  8.395  8.499  8.596  8.539  8.601  8.688  8.648  8.713  8.856  8.896  9.049  9.061
  6.63412677 0.5400000  4.6813  0.2063  8.255  8.407  8.510  8.608  8.551  8.612  8.699  8.659  8.725  8.867  8.907  9.060  9.072
  6.63790146 0.5400000  4.6789  0.1945  8.266  8.418  8.521  8.618  8.562  8.623  8.710  8.671  8.736  8.877  8.917  9.071  9.083
  6.64169570 0.5400000  4.6764  0.1827  8.278  8.429  8.532  8.629  8.573  8.634  8.721  8.682  8.747  8.888  8.928  9.081  9.093
  6.64551139 0.5400000  4.6740  0.1708  8.289  8.441  8.544  8.640  8.584  8.645  8.732  8.694  8.758  8.899  8.939  9.092  9.104
  6.64934474 0.5400000  4.6716  0.1590  8.301  8.452  8.554  8.651  8.595  8.656  8.742  8.705  8.769  8.910  8.949  9.103  9.115
  6.65319334 0.5400000  4.6691  0.1471  8.312  8.463  8.566  8.662  8.606  8.667  8.753  8.716  8.780  8.920  8.960  9.113  9.125
  6.65705100 0.5400000  4.6667  0.1353  8.324  8.474  8.576  8.673  8.617  8.678  8.764  8.728  8.791  8.931  8.971  9.124  9.136
  6.66092297 0.5400000  4.6642  0.1234  8.335  8.486  8.587  8.684  8.628  8.689  8.775  8.739  8.802  8.942  8.981  9.135  9.147
  6.66480543 0.5400000  4.6617  0.1116  8.347  8.497  8.598  8.694  8.639  8.699  8.786  8.750  8.813  8.952  8.992  9.145  9.157
  6.66870601 0.5400000  4.6593  0.0997  8.358  8.508  8.609  8.705  8.650  8.710  8.796  8.762  8.825  8.963  9.003  9.156  9.167
  6.67261804 0.5400000  4.6567  0.0878  8.370  8.519  8.620  8.716  8.661  8.721  8.807  8.773  8.836  8.973  9.013  9.166  9.178
  6.67652673 0.5400000  4.6542  0.0759  8.381  8.530  8.631  8.726  8.671  8.732  8.818  8.784  8.846  8.984  9.024  9.177  9.188
  6.68044019 0.5400000  4.6517  0.0641  8.392  8.541  8.641  8.737  8.682  8.742  8.828  8.795  8.857  8.994  9.034  9.187  9.199
  6.68436987 0.5400000  4.6492  0.0523  8.404  8.552  8.652  8.748  8.693  8.753  8.839  8.806  8.868  9.005  9.044  9.197  9.209
  6.68832625 0.5400000  4.6467  0.0405  8.415  8.563  8.663  8.758  8.704  8.764  8.849  8.817  8.879  9.015  9.055  9.208  9.219
  6.69230981 0.5400000  4.6442  0.0286  8.426  8.575  8.674  8.769  8.715  8.775  8.860  8.829  8.890  9.026  9.065  9.218  9.230
  6.69631197 0.5400000  4.6417  0.0168  8.438  8.586  8.685  8.780  8.725  8.786  8.871  8.840  8.901  9.036  9.076  9.229  9.240
  6.70034847 0.5400000  4.6391  0.0050  8.449  8.597  8.695  8.790  8.736  8.796  8.882  8.851  8.912  9.047  9.086  9.239  9.250
  6.70441024 0.5400000  4.6366 -0.0068  8.461  8.608  8.706  8.801  8.747  8.807  8.892  8.863  8.923  9.057  9.097  9.250  9.261
  6.70849919 0.5400000  4.6341 -0.0185  8.472  8.619  8.717  8.812  8.758  8.818  8.903  8.874  8.934  9.068  9.107  9.260  9.271
  6.71263202 0.5400000  4.6316 -0.0303  8.484  8.630  8.728  8.823  8.769  8.829  8.914  8.885  8.945  9.078  9.118  9.270  9.281
  6.71679632 0.5400000  4.6291 -0.0421  8.495  8.642  8.739  8.833  8.780  8.840  8.924  8.897  8.956  9.089  9.128  9.281  9.292
  6.72101021 0.5400000  4.6266 -0.0539  8.507  8.653  8.750  8.844  8.791  8.851  8.935  8.908  8.967  9.099  9.139  9.292  9.302
  6.72525891 0.5400000  4.6240 -0.0656  8.518  8.664  8.760  8.855  8.801  8.861  8.946  8.920  8.978  9.110  9.149  9.302  9.313
  6.72954577 0.5400000  4.6215 -0.0775  8.530  8.676  8.772  8.866  8.813  8.873  8.957  8.931  8.990  9.121  9.160  9.313  9.323
  6.73385599 0.5400000  4.6190 -0.0893  8.542  8.687  8.783  8.877  8.824  8.883  8.968  8.943  9.001  9.131  9.171  9.323  9.334
  6.73819435 0.5400000  4.6165 -0.1010  8.553  8.698  8.793  8.888  8.835  8.894  8.979  8.954  9.012  9.142  9.181  9.334  9.344
  6.74256847 0.5400000  4.6139 -0.1128  8.565  8.710  8.804  8.899  8.846  8.905  8.989  8.966  9.023  9.152  9.192  9.345  9.355
  6.74697788 0.5400000  4.6114 -0.1246  8.577  8.721  8.816  8.910  8.857  8.916  9.000  8.978  9.035  9.163  9.203  9.355  9.365
  6.75141353 0.5400000  4.6089 -0.1364  8.589  8.733  8.827  8.921  8.868  8.927  9.011  8.989  9.046  9.174  9.213  9.366  9.376
  6.75587778 0.5400000  4.6063 -0.1482  8.601  8.744  8.838  8.932  8.879  8.939  9.022  9.001  9.057  9.185  9.224  9.377  9.387
  6.76036922 0.5400000  4.6038 -0.1600  8.612  8.756  8.849  8.943  8.890  8.950  9.034  9.013  9.069  9.195  9.235  9.387  9.397
  6.76488785 0.5400000  4.6012 -0.1718  8.624  8.768  8.860  8.954  8.902  8.961  9.045  9.025  9.080  9.206  9.246  9.398  9.408
  6.76944557 0.5400000  4.5987 -0.1836  8.637  8.780  8.872  8.965  8.913  8.973  9.056  9.037  9.092  9.217  9.257  9.409  9.419
  6.77404813 0.5400000  4.5961 -0.1954  8.649  8.792  8.883  8.977  8.925  8.984  9.067  9.049  9.104  9.229  9.268  9.420  9.430
  6.77868073 0.5400000  4.5936 -0.2072  8.662  8.804  8.895  8.988  8.936  8.996  9.079  9.061  9.116  9.240  9.279  9.432  9.441
  6.78334099 0.5400000  4.5911 -0.2190  8.674  8.816  8.906  9.000  8.948  9.007  9.090  9.074  9.128  9.251  9.290  9.443  9.452
  6.78802795 0.5400000  4.5885 -0.2308  8.687  8.828  8.918  9.011  8.960  9.019  9.102  9.086  9.140  9.262  9.302  9.454  9.463
  6.79274878 0.5400000  4.5860 -0.2425  8.699  8.840  8.930  9.023  8.972  9.031  9.113  9.099  9.152  9.273  9.313  9.465  9.474
  6.79751873 0.5400000  4.5834 -0.2543  8.712  8.852  8.942  9.034  8.983  9.043  9.125  9.111  9.164  9.285  9.324  9.476  9.485
  6.80232444 0.5400000  4.5808 -0.2661  8.725  8.865  8.954  9.046  8.995  9.054  9.137  9.124  9.176  9.296  9.336  9.488  9.497
  6.80716687 0.5400000  4.5783 -0.2779  8.737  8.877  8.965  9.058  9.007  9.066  9.148  9.137  9.188  9.308  9.347  9.499  9.508
  6.81203459 0.5400000  4.5757 -0.2897  8.750  8.890  8.978  9.070  9.020  9.078  9.160  9.149  9.200  9.319  9.359  9.511  9.519
  6.81693425 0.5400000  4.5732 -0.3014  8.763  8.902  8.989  9.082  9.031  9.090  9.172  9.162  9.213  9.331  9.370  9.522  9.531
  6.82186778 0.5400000  4.5706 -0.3132  8.776  8.914  9.001  9.094  9.044  9.102  9.184  9.175  9.225  9.342  9.382  9.533  9.542
  6.82683278 0.5400000  4.5681 -0.3250  8.789  8.927  9.014  9.106  9.056  9.115  9.196  9.188  9.237  9.354  9.394  9.545  9.554
  6.83183594 0.5400000  4.5655 -0.3368  8.802  8.940  9.026  9.118  9.068  9.127  9.208  9.201  9.250  9.366  9.405  9.557  9.565
  6.83687534 0.5400000  4.5629 -0.3486  8.816  8.953  9.038  9.130  9.081  9.139  9.220  9.214  9.263  9.378  9.417  9.568  9.577
  6.84195241 0.5400000  4.5604 -0.3603  8.829  8.965  9.050  9.142  9.093  9.151  9.232  9.227  9.275  9.389  9.429  9.580  9.588
  6.84706908 0.5400000  4.5578 -0.3721  8.842  8.978  9.063  9.154  9.105  9.164  9.244  9.241  9.288  9.401  9.441  9.592  9.600
  6.85222437 0.5400000  4.5553 -0.3839  8.856  8.991  9.075  9.166  9.118  9.176  9.256  9.254  9.301  9.413  9.453  9.604  9.612
  6.85741686 0.5400000  4.5527 -0.3956  8.869  9.004  9.088  9.178  9.130  9.189  9.268  9.267  9.313  9.425  9.464  9.615  9.623
  6.86265466 0.5400000  4.5501 -0.4074  8.883  9.017  9.100  9.191  9.143  9.201  9.280  9.281  9.326  9.437  9.477  9.627  9.635
  6.86793014 0.5400000  4.5475 -0.4192  8.896  9.030  9.113  9.203  9.156  9.214  9.293  9.294  9.339  9.449  9.489  9.639  9.647
  6.87324234 0.5400000  4.5450 -0.4309  8.910  9.043  9.125  9.216  9.168  9.226  9.305  9.308  9.352  9.461  9.501  9.651  9.659
  6.87859937 0.5400000  4.5424 -0.4427  8.924  9.057  9.139  9.229  9.182  9.240  9.318  9.322  9.366  9.474  9.513  9.664  9.671
  6.88400648 0.5400000  4.5398 -0.4544  8.939  9.071  9.152  9.242  9.195  9.253  9.331  9.337  9.380  9.487  9.526  9.677  9.684
  6.88945651 0.5400000  4.5373 -0.4662  8.954  9.086  9.166  9.256  9.209  9.267  9.345  9.352  9.394  9.500  9.539  9.690  9.697
  6.89495042 0.5400000  4.5347 -0.4779  8.969  9.100  9.180  9.269  9.223  9.281  9.358  9.366  9.408  9.513  9.553  9.703  9.710
  6.90049345 0.5400000  4.5321 -0.4897  8.984  9.115  9.194  9.283  9.237  9.295  9.372  9.382  9.423  9.527  9.566  9.716  9.723
  6.90608322 0.5400000  4.5296 -0.5014  9.000  9.130  9.208  9.297  9.251  9.309  9.386  9.397  9.437  9.540  9.579  9.729  9.736
  6.91172212 0.5400000  4.5270 -0.5132  9.015  9.145  9.222  9.311  9.266  9.323  9.400  9.412  9.452  9.554  9.593  9.743  9.750
  6.91741109 0.5400000  4.5244 -0.5249  9.031  9.160  9.236  9.325  9.280  9.337  9.414  9.428  9.467  9.567  9.607  9.756  9.763
  6.92314729 0.5400000  4.5218 -0.5366  9.047  9.175  9.250  9.339  9.294  9.351  9.428  9.443  9.482  9.581  9.620  9.770  9.776
  6.92894071 0.5400000  4.5192 -0.5483  9.063  9.190  9.265  9.353  9.309  9.366  9.442  9.459  9.497  9.595  9.634  9.783  9.790
  6.93479232 0.5400000  4.5167 -0.5601  9.079  9.206  9.280  9.368  9.324  9.381  9.457  9.475  9.513  9.609  9.648  9.797  9.804
  6.94070355 0.5400000  4.5141 -0.5718  9.095  9.221  9.294  9.382  9.339  9.395  9.471  9.491  9.528  9.623  9.662  9.811  9.818
  6.94666915 0.5400000  4.5115 -0.5835  9.112  9.237  9.309  9.397  9.354  9.410  9.486  9.507  9.543  9.637  9.677  9.825  9.832
  6.95269103 0.5400000  4.5089 -0.5953  9.128  9.253  9.324  9.412  9.369  9.425  9.501  9.524  9.559  9.652  9.691  9.839  9.846
  6.95875965 0.5400000  4.5063 -0.6070  9.145  9.269  9.339  9.427  9.384  9.440  9.516  9.540  9.575  9.666  9.705  9.854  9.860
  6.96487644 0.5400000  4.5037 -0.6187  9.162  9.285  9.355  9.441  9.399  9.456  9.531  9.557  9.591  9.681  9.720  9.868  9.874
  6.97104045 0.5400000  4.5011 -0.6305  9.179  9.301  9.370  9.457  9.415  9.471  9.546  9.574  9.607  9.696  9.735  9.882  9.888
  6.97724787 0.5400000  4.4985 -0.6422  9.196  9.318  9.385  9.472  9.430  9.486  9.561  9.591  9.623  9.710  9.749  9.897  9.903
  6.98350633 0.5400000  4.4958 -0.6540  9.213  9.334  9.401  9.487  9.446  9.502  9.576  9.608  9.640  9.725  9.764  9.912  9.917
  6.98979149 0.5400000  4.4932 -0.6658  9.231  9.351  9.417  9.503  9.462  9.518  9.592  9.625  9.656  9.740  9.779  9.926  9.932
  6.99609861 0.5400000  4.4906 -0.6775  9.248  9.368  9.433  9.518  9.478  9.533  9.607  9.642  9.673  9.755  9.794  9.941  9.947
  7.00245868 0.5400000  4.4879 -0.6892  9.266  9.384  9.448  9.534  9.494  9.549  9.623  9.660  9.689  9.771  9.809  9.956  9.962
  7.00889268 0.5400000  4.4853 -0.7009  9.284  9.401  9.464  9.549  9.510  9.565  9.639  9.677  9.706  9.786  9.824  9.971  9.976
  7.01540012 0.5400000  4.4827 -0.7126  9.301  9.419  9.480  9.565  9.526  9.581  9.655  9.695  9.723  9.801  9.840  9.986  9.991
  7.02196862 0.5400000  4.4801 -0.7243  9.320  9.436  9.497  9.581  9.542  9.597  9.671  9.713  9.740  9.817  9.855 10.001 10.007
  7.02860437 0.5400000  4.4774 -0.7360  9.338  9.453  9.513  9.597  9.559  9.614  9.687  9.731  9.757  9.833  9.871 10.017 10.022
  7.03531453 0.5400000  4.4748 -0.7477  9.355  9.470  9.528  9.612  9.574  9.629  9.702  9.747  9.773  9.847  9.885 10.031 10.036
  7.04209958 0.5400000  4.4722 -0.7593  9.372  9.485  9.543  9.627  9.589  9.644  9.716  9.763  9.788  9.861  9.899 10.044 10.049
  7.04900243 0.5400000  4.4696 -0.7709  9.388  9.501  9.558  9.642  9.604  9.659  9.731  9.779  9.804  9.875  9.913 10.058 10.063
  7.05601927 0.5400000  4.4670 -0.7825  9.405  9.517  9.573  9.656  9.619  9.674  9.745  9.795  9.819  9.889  9.927 10.072 10.076
  7.06313199 0.5400000  4.4643 -0.7942  9.422  9.533  9.589  9.671  9.635  9.689  9.760  9.811  9.835  9.903  9.941 10.085 10.090
  7.07035678 0.5400000  4.4617 -0.8058  9.439  9.549  9.604  9.686  9.650  9.704  9.775  9.827  9.850  9.917  9.955 10.099 10.104
  7.07768889 0.5400000  4.4591 -0.8174  9.456  9.566  9.619  9.701  9.665  9.719  9.789  9.843  9.866  9.931  9.969 10.113 10.117
  7.08511926 0.5400000  4.4565 -0.8291  9.473  9.582  9.634  9.716  9.680  9.734  9.804  9.859  9.882  9.945  9.983 10.127 10.131
  7.09265123 0.5400000  4.4539 -0.8407  9.490  9.598  9.649  9.731  9.695  9.749  9.819  9.875  9.897  9.959  9.997 10.140 10.145
  7.10028955 0.5400000  4.4513 -0.8523  9.507  9.614  9.665  9.745  9.711  9.764  9.834  9.891  9.913  9.973 10.011 10.154 10.158
  7.10803998 0.5400000  4.4487 -0.8639  9.525  9.630  9.680  9.760  9.726  9.779  9.848  9.907  9.928  9.988 10.025 10.168 10.172
  7.11595782 0.5400000  4.4461 -0.8754  9.542  9.646  9.695  9.775  9.741  9.794  9.863  9.922  9.944 10.002 10.039 10.181 10.185
  7.12405451 0.5400000  4.4435 -0.8870  9.559  9.663  9.710  9.790  9.757  9.809  9.878  9.938  9.959 10.016 10.053 10.195 10.199
  7.13229189 0.5400000  4.4409 -0.8986  9.576  9.679  9.726  9.805  9.772  9.824  9.893  9.954  9.975 10.030 10.067 10.208 10.213
  7.14064328 0.5400000  4.4383 -0.9102  9.593  9.695  9.741  9.820  9.787  9.839  9.907  9.970  9.990 10.044 10.081 10.222 10.226
  7.14912918 0.5400000  4.4356 -0.9218  9.611  9.712  9.756  9.835  9.803  9.855  9.922  9.986 10.006 10.058 10.095 10.236 10.240
  7.15772385 0.5400000  4.4330 -0.9333  9.628  9.728  9.772  9.850  9.818  9.870  9.937 10.002 10.021 10.072 10.109 10.249 10.253
  7.16651693 0.5400000  4.4305 -0.9447  9.645  9.744  9.787  9.865  9.833  9.884  9.951 10.017 10.037 10.086 10.122 10.262 10.266
  7.17554515 0.5400000  4.4279 -0.9562  9.662  9.760  9.802  9.880  9.848  9.900  9.966 10.033 10.052 10.100 10.136 10.276 10.280
  7.18474316 0.5400000  4.4253 -0.9678  9.680  9.777  9.818  9.895  9.864  9.915  9.981 10.049 10.068 10.114 10.150 10.290 10.294
  7.19408761 0.5400000  4.4226 -0.9794  9.698  9.793  9.833  9.910  9.879  9.930  9.996 10.065 10.083 10.128 10.164 10.303 10.307
  7.20358283 0.5400000  4.4201 -0.9907  9.715  9.810  9.849  9.925  9.895  9.945 10.010 10.080 10.099 10.142 10.178 10.317 10.320
  7.21339805 0.5400000  4.4175 -1.0022  9.732  9.826  9.864  9.940  9.910  9.960 10.025 10.096 10.114 10.156 10.192 10.330 10.334
  7.22341501 0.5400000  4.4149 -1.0138  9.750  9.843  9.880  9.955  9.926  9.976 10.040 10.112 10.130 10.170 10.206 10.344 10.347
  7.23355605 0.5400000  4.4123 -1.0252  9.767  9.859  9.895  9.970  9.941  9.991 10.055 10.127 10.145 10.184 10.220 10.357 10.361
  7.24400662 0.5400000  4.4097 -1.0366  9.785  9.876  9.911  9.985  9.956 10.006 10.070 10.143 10.161 10.198 10.234 10.371 10.374
  7.25470377 0.5400000  4.4071 -1.0481  9.803  9.892  9.926 10.000  9.972 10.021 10.085 10.159 10.176 10.212 10.248 10.384 10.388
  7.26558459 0.5400000  4.4046 -1.0595  9.820  9.909  9.942 10.015  9.987 10.037 10.099 10.174 10.192 10.226 10.261 10.398 10.401
  7.27675155 0.5400000  4.4020 -1.0711  9.838  9.925  9.957 10.030 10.003 10.052 10.114 10.190 10.208 10.240 10.275 10.411 10.415
  7.28800390 0.5400000  4.3993 -1.0828  9.856  9.942  9.973 10.046 10.019 10.068 10.130 10.206 10.223 10.254 10.290 10.425 10.428
  7.29929491 0.5400000  4.3967 -1.0944  9.873  9.959  9.989 10.060 10.034 10.082 10.144 10.221 10.239 10.268 10.303 10.438 10.441
  7.31060933 0.5400000  4.3940 -1.1061  9.890  9.974 10.003 10.075 10.049 10.097 10.158 10.236 10.253 10.281 10.316 10.451 10.454
  7.32195051 0.5400000  4.3914 -1.1178  9.907  9.990 10.018 10.089 10.063 10.111 10.172 10.251 10.268 10.294 10.329 10.463 10.467
  7.33332463 0.5400000  4.3887 -1.1294  9.923 10.005 10.032 10.103 10.077 10.125 10.185 10.266 10.282 10.307 10.342 10.476 10.479
  7.34473553 0.5400000  4.3861 -1.1410  9.939 10.020 10.046 10.116 10.091 10.139 10.199 10.280 10.297 10.320 10.354 10.488 10.491
  7.35621181 0.5400000  4.3834 -1.1527  9.955 10.035 10.061 10.130 10.106 10.153 10.213 10.295 10.311 10.333 10.367 10.500 10.503
  7.36770674 0.5400000  4.3807 -1.1643  9.971 10.051 10.075 10.144 10.120 10.167 10.226 10.309 10.325 10.345 10.380 10.512 10.515
  7.37925419 0.5400000  4.3781 -1.1759  9.987 10.066 10.089 10.157 10.134 10.181 10.239 10.323 10.339 10.358 10.392 10.524 10.527
  7.39088754 0.5400000  4.3754 -1.1875 10.003 10.080 10.103 10.171 10.148 10.194 10.253 10.337 10.353 10.370 10.405 10.536 10.539
  7.40261249 0.5400000  4.3727 -1.1992 10.019 10.095 10.117 10.184 10.162 10.208 10.266 10.352 10.367 10.383 10.417 10.548 10.551
  7.41433607 0.5400000  4.3701 -1.2108 10.035 10.110 10.131 10.198 10.175 10.222 10.279 10.365 10.381 10.395 10.429 10.560 10.563
  7.42609597 0.5400000  4.3674 -1.2225 10.051 10.125 10.145 10.211 10.189 10.235 10.292 10.380 10.395 10.408 10.442 10.572 10.575
  7.43793177 0.5400000  4.3647 -1.2340 10.066 10.139 10.158 10.224 10.203 10.248 10.305 10.393 10.409 10.420 10.453 10.584 10.586
  7.44986586 0.5400000  4.3620 -1.2457 10.082 10.154 10.172 10.237 10.216 10.262 10.318 10.407 10.422 10.432 10.465 10.595 10.598
  7.46183436 0.5400000  4.3593 -1.2573 10.097 10.169 10.185 10.250 10.230 10.275 10.331 10.421 10.436 10.444 10.477 10.607 10.609
  7.47388403 0.5400000  4.3567 -1.2688 10.113 10.183 10.199 10.263 10.243 10.288 10.343 10.434 10.449 10.456 10.489 10.618 10.620
  7.48604104 0.5400000  4.3540 -1.2805 10.128 10.197 10.212 10.276 10.256 10.301 10.356 10.448 10.463 10.468 10.501 10.629 10.632
  7.49823820 0.5400000  4.3513 -1.2921 10.143 10.212 10.226 10.289 10.270 10.314 10.368 10.461 10.476 10.479 10.512 10.641 10.643
  7.51051986 0.5400000  4.3486 -1.3036 10.158 10.226 10.239 10.302 10.283 10.327 10.381 10.474 10.489 10.491 10.524 10.652 10.654
  7.52288361 0.5400000  4.3459 -1.3153 10.174 10.240 10.252 10.315 10.296 10.340 10.393 10.488 10.503 10.503 10.536 10.663 10.665
  7.53530229 0.5400000  4.3432 -1.3269 10.189 10.254 10.265 10.327 10.309 10.353 10.406 10.501 10.516 10.514 10.547 10.674 10.676
  7.54778305 0.5400000  4.3405 -1.3385 10.204 10.268 10.278 10.340 10.322 10.366 10.418 10.514 10.529 10.526 10.558 10.685 10.687
  7.56032351 0.5400000  4.3378 -1.3501 10.219 10.282 10.291 10.352 10.335 10.378 10.430 10.527 10.542 10.537 10.570 10.696 10.697
  7.57290411 0.5400000  4.3351 -1.3617 10.234 10.296 10.304 10.365 10.348 10.391 10.443 10.540 10.555 10.549 10.581 10.707 10.708
  7.58553011 0.5400000  4.3324 -1.3733 10.249 10.310 10.317 10.377 10.361 10.403 10.455 10.553 10.567 10.560 10.592 10.717 10.719
  7.59819911 0.5400000  4.3297 -1.3849 10.264 10.324 10.330 10.389 10.373 10.416 10.467 10.565 10.580 10.571 10.603 10.728 10.729
  7.61089158 0.5400000  4.3270 -1.3966 10.279 10.338 10.343 10.402 10.386 10.429 10.479 10.578 10.593 10.583 10.614 10.739 10.740
  7.62360894 0.5400000  4.3243 -1.4082 10.293 10.352 10.356 10.414 10.399 10.441 10.491 10.591 10.606 10.594 10.625 10.749 10.751
  7.63635355 0.5400000  4.3216 -1.4199 10.308 10.365 10.369 10.426 10.412 10.453 10.503 10.604 10.619 10.605 10.636 10.760 10.761
  7.64906442 0.5400000  4.3189 -1.4315 10.323 10.379 10.381 10.439 10.424 10.466 10.515 10.616 10.631 10.616 10.647 10.770 10.771
  7.66178015 0.5400000  4.3162 -1.4432 10.337 10.393 10.394 10.451 10.437 10.478 10.526 10.629 10.644 10.627 10.658 10.781 10.782
  7.67448693 0.5400000  4.3134 -1.4549 10.352 10.406 10.407 10.463 10.449 10.490 10.538 10.641 10.656 10.638 10.669 10.791 10.792
  7.68719239 0.5400000  4.3107 -1.4665 10.366 10.419 10.419 10.475 10.462 10.502 10.550 10.653 10.668 10.649 10.680 10.801 10.802
  7.69989221 0.5400000  4.3080 -1.4782 10.381 10.433 10.432 10.487 10.474 10.514 10.561 10.666 10.681 10.660 10.690 10.811 10.812
  7.71256641 0.5400000  4.3053 -1.4899 10.395 10.446 10.444 10.498 10.486 10.526 10.573 10.678 10.693 10.670 10.701 10.822 10.822
  7.72522734 0.5400000  4.3025 -1.5016 10.409 10.460 10.456 10.510 10.498 10.538 10.584 10.690 10.705 10.681 10.711 10.832 10.832
  7.73784737 0.5400000  4.2998 -1.5133 10.424 10.473 10.469 10.522 10.511 10.551 10.596 10.703 10.718 10.692 10.722 10.842 10.842
  7.75042127 0.5400000  4.2970 -1.5249 10.439 10.487 10.482 10.534 10.524 10.563 10.608 10.715 10.731 10.703 10.733 10.852 10.853
  7.76296427 0.5400000  4.2943 -1.5366 10.454 10.501 10.495 10.547 10.536 10.576 10.620 10.729 10.744 10.714 10.744 10.863 10.863
  7.77545494 0.5400000  4.2916 -1.5483 10.469 10.515 10.508 10.559 10.549 10.588 10.632 10.742 10.757 10.726 10.755 10.873 10.873
  7.78791330 0.5400000  4.2888 -1.5601 10.484 10.529 10.521 10.572 10.562 10.601 10.645 10.755 10.770 10.737 10.767 10.884 10.884
  7.80031979 0.5400000  4.2861 -1.5718 10.499 10.543 10.534 10.584 10.575 10.613 10.657 10.768 10.783 10.748 10.778 10.894 10.894
  7.81265441 0.5400000  4.2833 -1.5835 10.514 10.557 10.547 10.596 10.588 10.626 10.669 10.781 10.796 10.759 10.789 10.904 10.905
  7.82494430 0.5400000  4.2805 -1.5952 10.529 10.571 10.559 10.608 10.600 10.638 10.681 10.794 10.809 10.770 10.799 10.915 10.915
  7.83715660 0.5400000  4.2778 -1.6070 10.545 10.585 10.572 10.621 10.613 10.651 10.693 10.808 10.822 10.782 10.811 10.925 10.925
  7.84930750 0.5400000  4.2750 -1.6187 10.559 10.599 10.585 10.633 10.626 10.663 10.705 10.821 10.835 10.793 10.821 10.935 10.936
  7.86137508 0.5400000  4.2722 -1.6305 10.575 10.613 10.598 10.645 10.639 10.676 10.717 10.834 10.848 10.804 10.833 10.945 10.946
  7.87336982 0.5400000  4.2695 -1.6422 10.590 10.627 10.611 10.657 10.651 10.688 10.728 10.847 10.861 10.815 10.843 10.955 10.956
  7.88528123 0.5400000  4.2667 -1.6540 10.605 10.641 10.624 10.669 10.664 10.701 10.740 10.860 10.874 10.826 10.854 10.966 10.966
  7.89710074 0.5400000  4.2639 -1.6657 10.619 10.654 10.636 10.681 10.677 10.713 10.752 10.873 10.887 10.837 10.865 10.976 10.976
  7.90882786 0.5400000  4.2611 -1.6775 10.635 10.668 10.649 10.694 10.689 10.725 10.764 10.886 10.900 10.848 10.876 10.986 10.986
  7.92046163 0.5400000  4.2583 -1.6893 10.650 10.682 10.662 10.706 10.702 10.738 10.776 10.899 10.913 10.859 10.887 10.996 10.996
  7.93198110 0.5400000  4.2556 -1.7011 10.665 10.696 10.674 10.718 10.715 10.750 10.788 10.912 10.926 10.870 10.898 11.006 11.006
  7.94339866 0.5400000  4.2528 -1.7129 10.680 10.710 10.687 10.730 10.727 10.762 10.800 10.925 10.939 10.881 10.908 11.016 11.017
  7.95471812 0.5400000  4.2500 -1.7247 10.695 10.724 10.700 10.742 10.740 10.775 10.811 10.938 10.951 10.892 10.919 11.026 11.026
  7.96593476 0.5400000  4.2472 -1.7365 10.710 10.738 10.712 10.754 10.752 10.787 10.823 10.951 10.964 10.903 10.930 11.036 11.036
  7.97707715 0.5400000  4.2444 -1.7483 10.725 10.751 10.725 10.766 10.765 10.799 10.835 10.964 10.977 10.914 10.941 11.045 11.046
  7.98812574 0.5400000  4.2416 -1.7601 10.740 10.765 10.738 10.778 10.777 10.811 10.847 10.977 10.990 10.925 10.951 11.055 11.056
  7.99908151 0.5400000  4.2388 -1.7719 10.754 10.779 10.750 10.790 10.790 10.824 10.858 10.990 11.003 10.935 10.962 11.065 11.066
  8.00994541 0.5400000  4.2360 -1.7837 10.769 10.793 10.763 10.802 10.802 10.836 10.870 11.003 11.016 10.946 10.973 11.075 11.076
  8.02072411 0.5400000  4.2332 -1.7955 10.784 10.807 10.775 10.814 10.815 10.848 10.882 11.016 11.029 10.957 10.983 11.084 11.086
  8.03140474 0.5400000  4.2304 -1.8073 10.799 10.820 10.788 10.825 10.827 10.860 10.893 11.029 11.041 10.968 10.994 11.094 11.095
  8.04199399 0.5400000  4.2276 -1.8191 10.814 10.834 10.801 10.837 10.840 10.872 10.905 11.043 11.055 10.978 11.004 11.104 11.106
  8.05249281 0.5400000  4.2248 -1.8309 10.829 10.848 10.813 10.849 10.852 10.884 10.917 11.056 11.068 10.989 11.015 11.115 11.116
  8.06290216 0.5400000  4.2220 -1.8427 10.844 10.861 10.826 10.861 10.864 10.896 10.928 11.069 11.081 11.000 11.026 11.125 11.126
  8.07322300 0.5400000  4.2192 -1.8546 10.859 10.875 10.838 10.873 10.877 10.908 10.940 11.083 11.094 11.010 11.037 11.136 11.136
  8.08345245 0.5400000  4.2163 -1.8664 10.874 10.889 10.851 10.884 10.889 10.920 10.952 11.096 11.107 11.021 11.047 11.147 11.146
  8.09358672 0.5400000  4.2135 -1.8782 10.889 10.903 10.863 10.896 10.902 10.932 10.963 11.109 11.120 11.032 11.058 11.157 11.156
  8.10363060 0.5400000  4.2107 -1.8901 10.904 10.917 10.876 10.908 10.914 10.944 10.975 11.122 11.133 11.042 11.068 11.167 11.166
  8.11359075 0.5400000  4.2079 -1.9019 10.920 10.931 10.888 10.919 10.927 10.956 10.986 11.135 11.145 11.053 11.078 11.177 11.176
  8.12347101 0.5400000  4.2051 -1.9137 10.935 10.944 10.901 10.931 10.939 10.968 10.998 11.148 11.158 11.064 11.089 11.186 11.186
  8.13327520 0.5400000  4.2023 -1.9255 10.950 10.958 10.913 10.942 10.952 10.980 11.009 11.161 11.171 11.074 11.099 11.196 11.196
  8.14301283 0.5400000  4.1994 -1.9374 10.965 10.972 10.926 10.955 10.964 10.993 11.021 11.174 11.184 11.085 11.109 11.206 11.206
  8.15266487 0.5400000  4.1966 -1.9492 10.981 10.986 10.938 10.966 10.976 11.005 11.032 11.187 11.197 11.095 11.120 11.216 11.216
  8.16225416 0.5400000  4.1938 -1.9610 10.996 11.000 10.951 10.978 10.989 11.017 11.044 11.200 11.210 11.105 11.130 11.225 11.225
  8.17175410 0.5400000  4.1910 -1.9728 11.011 11.014 10.964 10.990 11.001 11.029 11.055 11.213 11.223 11.115 11.140 11.235 11.235
  8.18120374 0.5400000  4.1882 -1.9847 11.027 11.028 10.977 11.002 11.013 11.041 11.067 11.226 11.236 11.126 11.151 11.245 11.245
  8.19059252 0.5400000  4.1853 -1.9965 11.043 11.043 10.989 11.014 11.026 11.054 11.078 11.239 11.249 11.136 11.161 11.255 11.255
  8.19989108 0.5400000  4.1825 -2.0083 11.059 11.057 11.002 11.026 11.039 11.066 11.090 11.253 11.262 11.147 11.172 11.265 11.265
  8.20916313 0.5400000  4.1797 -2.0201 11.074 11.071 11.015 11.038 11.051 11.079 11.102 11.266 11.275 11.158 11.182 11.275 11.275
  8.21835814 0.5400000  4.1768 -2.0320 11.091 11.086 11.029 11.050 11.064 11.091 11.114 11.280 11.288 11.169 11.192 11.286 11.285
  8.22746670 0.5400000  4.1740 -2.0438 11.107 11.101 11.042 11.062 11.077 11.104 11.125 11.293 11.301 11.180 11.203 11.296 11.295
  8.23651736 0.5400000  4.1712 -2.0557 11.123 11.115 11.055 11.074 11.090 11.116 11.137 11.307 11.314 11.191 11.213 11.306 11.305
  8.24551300 0.5400000  4.1683 -2.0675 11.138 11.130 11.068 11.086 11.103 11.129 11.149 11.320 11.327 11.201 11.224 11.315 11.315
  8.25445267 0.5400000  4.1655 -2.0793 11.154 11.145 11.081 11.098 11.116 11.141 11.161 11.333 11.340 11.211 11.234 11.325 11.324
  8.26333638 0.5400000  4.1627 -2.0911 11.170 11.159 11.094 11.110 11.129 11.153 11.173 11.346 11.353 11.222 11.244 11.334 11.334
  8.27216606 0.5400000  4.1598 -2.1030 11.186 11.174 11.107 11.122 11.142 11.166 11.185 11.359 11.366 11.232 11.255 11.344 11.344
  8.28094551 0.5400000  4.1570 -2.1148 11.202 11.189 11.121 11.134 11.155 11.178 11.197 11.372 11.379 11.243 11.265 11.354 11.354
  8.28967284 0.5400000  4.1542 -2.1266 11.219 11.204 11.134 11.146 11.168 11.191 11.208 11.385 11.392 11.253 11.275 11.363 11.364
  8.29835092 0.5400000  4.1513 -2.1385 11.235 11.219 11.148 11.159 11.181 11.204 11.220 11.398 11.405 11.264 11.286 11.373 11.374
  8.30697973 0.5400000  4.1485 -2.1503 11.251 11.233 11.161 11.171 11.193 11.216 11.232 11.411 11.417 11.274 11.296 11.382 11.383
  8.31555453 0.5400000  4.1457 -2.1621 11.268 11.248 11.175 11.183 11.206 11.228 11.244 11.423 11.430 11.284 11.306 11.392 11.393
  8.32407528 0.5400000  4.1428 -2.1740 11.284 11.263 11.189 11.196 11.219 11.241 11.256 11.436 11.443 11.295 11.317 11.402 11.403
  8.33253253 0.5400000  4.1400 -2.1858 11.301 11.278 11.203 11.208 11.233 11.254 11.268 11.449 11.455 11.305 11.327 11.411 11.413
  8.34094248 0.5400000  4.1371 -2.1977 11.317 11.294 11.217 11.221 11.246 11.267 11.280 11.462 11.468 11.316 11.337 11.421 11.423
  8.34930705 0.5400000  4.1343 -2.2095 11.334 11.309 11.231 11.233 11.260 11.280 11.292 11.475 11.480 11.326 11.347 11.431 11.432
  8.35763101 0.5400000  4.1314 -2.2213 11.351 11.324 11.245 11.246 11.274 11.292 11.304 11.488 11.493 11.337 11.357 11.440 11.442
  8.36591342 0.5400000  4.1286 -2.2332 11.367 11.340 11.259 11.259 11.287 11.305 11.316 11.501 11.506 11.347 11.367 11.450 11.452
  8.37415430 0.5400000  4.1257 -2.2450 11.383 11.355 11.273 11.271 11.300 11.318 11.328 11.513 11.518 11.357 11.377 11.459 11.461
  8.38235650 0.5400000  4.1229 -2.2568 11.399 11.370 11.287 11.284 11.314 11.330 11.339 11.526 11.530 11.367 11.387 11.468 11.470
  8.39051908 0.5400000  4.1200 -2.2687 11.415 11.385 11.301 11.297 11.327 11.343 11.351 11.538 11.542 11.377 11.397 11.478 11.480
  8.39864111 0.5400000  4.1172 -2.2805 11.431 11.400 11.315 11.309 11.340 11.356 11.362 11.550 11.554 11.387 11.406 11.487 11.489
  8.40672928 0.5400000  4.1143 -2.2923 11.447 11.415 11.329 11.322 11.353 11.368 11.374 11.562 11.565 11.397 11.416 11.496 11.497
  8.41478073 0.5400000  4.1115 -2.3042 11.463 11.429 11.343 11.334 11.366 11.380 11.385 11.574 11.577 11.406 11.425 11.505 11.506
  8.42279739 0.5400000  4.1086 -2.3160 11.477 11.443 11.356 11.346 11.378 11.392 11.396 11.586 11.588 11.415 11.434 11.513 11.514
  8.43078309 0.5400000  4.1058 -2.3278 11.492 11.457 11.369 11.358 11.391 11.403 11.406 11.598 11.599 11.424 11.443 11.521 11.522
  8.43873880 0.5400000  4.1029 -2.3397 11.507 11.471 11.383 11.369 11.403 11.415 11.417 11.610 11.609 11.433 11.452 11.530 11.531
  8.44666549 0.5400000  4.1001 -2.3515 11.521 11.484 11.395 11.381 11.415 11.426 11.427 11.621 11.619 11.441 11.460 11.538 11.538
  8.45456700 0.5400000  4.0972 -2.3633 11.535 11.497 11.408 11.392 11.427 11.437 11.437 11.632 11.629 11.449 11.468 11.545 11.546
  8.46244906 0.5400000  4.0944 -2.3751 11.548 11.511 11.421 11.403 11.439 11.448 11.448 11.643 11.639 11.458 11.477 11.553 11.553
  8.47031071 0.5400000  4.0915 -2.3869 11.562 11.524 11.433 11.414 11.450 11.459 11.458 11.652 11.649 11.466 11.485 11.560 11.561
  8.47814720 0.5400000  4.0887 -2.3988 11.576 11.537 11.446 11.426 11.462 11.470 11.468 11.662 11.659 11.474 11.493 11.568 11.569
  8.48596054 0.5400000  4.0858 -2.4106 11.590 11.550 11.458 11.437 11.474 11.481 11.478 11.672 11.668 11.482 11.501 11.575 11.576
  8.49376596 0.5400000  4.0829 -2.4224 11.603 11.562 11.470 11.448 11.485 11.491 11.487 11.681 11.677 11.490 11.508 11.582 11.583
  8.50156252 0.5400000  4.0801 -2.4342 11.616 11.575 11.483 11.459 11.497 11.502 11.497 11.689 11.686 11.498 11.516 11.588 11.590
  8.50935120 0.5400000  4.0772 -2.4460 11.631 11.589 11.496 11.471 11.510 11.514 11.508 11.699 11.695 11.506 11.524 11.596 11.598
  8.51713286 0.5400000  4.0744 -2.4578 11.646 11.604 11.511 11.485 11.523 11.527 11.519 11.710 11.706 11.516 11.534 11.604 11.607
  8.52489149 0.5400000  4.0715 -2.4696 11.662 11.620 11.526 11.498 11.537 11.540 11.531 11.721 11.716 11.526 11.543 11.613 11.615
  8.53264889 0.5400000  4.0687 -2.4814 11.679 11.636 11.542 11.513 11.552 11.553 11.544 11.732 11.727 11.536 11.553 11.622 11.624
  8.54039261 0.5400000  4.0658 -2.4932 11.695 11.652 11.558 11.527 11.567 11.567 11.556 11.743 11.738 11.547 11.563 11.631 11.634
  8.54811007 0.5400000  4.0630 -2.5049 11.713 11.669 11.575 11.542 11.583 11.582 11.569 11.755 11.749 11.557 11.573 11.640 11.643
  8.55589587 0.5400000  4.0601 -2.5169 11.731 11.687 11.592 11.558 11.599 11.597 11.583 11.768 11.761 11.569 11.584 11.650 11.653
  8.56355321 0.5400000  4.0572 -2.5287 11.749 11.705 11.609 11.574 11.615 11.612 11.597 11.780 11.772 11.580 11.595 11.660 11.663
  8.57121518 0.5400000  4.0544 -2.5403 11.767 11.723 11.627 11.591 11.632 11.627 11.611 11.792 11.784 11.592 11.607 11.670 11.674
  8.57899944 0.5400000  4.0516 -2.5521 11.786 11.741 11.645 11.607 11.649 11.644 11.626 11.804 11.796 11.604 11.619 11.680 11.685
  8.58674540 0.5400000  4.0487 -2.5641 11.806 11.760 11.665 11.625 11.667 11.660 11.641 11.817 11.808 11.617 11.631 11.692 11.696
  8.59435174 0.5400000  4.0459 -2.5757 11.825 11.779 11.684 11.643 11.685 11.677 11.657 11.830 11.820 11.630 11.644 11.703 11.708
  8.60209287 0.5400000  4.0431 -2.5874 11.846 11.799 11.703 11.661 11.704 11.694 11.673 11.843 11.832 11.643 11.657 11.714 11.720
  8.60992000 0.5400000  4.0401 -2.5996 11.867 11.820 11.724 11.680 11.723 11.713 11.690 11.857 11.846 11.657 11.670 11.726 11.733
  8.61748323 0.5400000  4.0373 -2.6110 11.887 11.840 11.744 11.699 11.742 11.730 11.706 11.870 11.858 11.670 11.683 11.738 11.745
  8.62527967 0.5400000  4.0344 -2.6232 11.910 11.861 11.765 11.719 11.762 11.749 11.723 11.883 11.871 11.684 11.697 11.750 11.757
  8.63281309 0.5400000  4.0316 -2.6347 11.931 11.882 11.786 11.738 11.781 11.767 11.740 11.897 11.884 11.698 11.711 11.763 11.770
  8.64055786 0.5400000  4.0288 -2.6466 11.953 11.904 11.808 11.758 11.802 11.787 11.758 11.911 11.898 11.713 11.725 11.775 11.782
  8.64824101 0.5400000  4.0259 -2.6585 11.976 11.926 11.830 11.779 11.823 11.806 11.776 11.925 11.911 11.728 11.739 11.788 11.795
  8.65583267 0.5400000  4.0230 -2.6702 11.999 11.949 11.852 11.800 11.844 11.826 11.794 11.939 11.925 11.743 11.754 11.801 11.808
  8.66347534 0.5400000  4.0202 -2.6821 12.023 11.972 11.875 11.821 11.865 11.846 11.813 11.954 11.939 11.759 11.769 11.815 11.822
  8.67107800 0.5400000  4.0173 -2.6939 12.046 11.995 11.898 11.843 11.887 11.866 11.832 11.968 11.953 11.775 11.784 11.828 11.836
  8.67865335 0.5400000  4.0145 -2.7057 12.070 12.018 11.922 11.865 11.909 11.887 11.851 11.983 11.967 11.791 11.800 11.843 11.851
  8.68623091 0.5400000  4.0116 -2.7176 12.094 12.042 11.946 11.887 11.932 11.908 11.870 11.997 11.981 11.807 11.816 11.857 11.866
  8.69373171 0.5400000  4.0088 -2.7295 12.119 12.067 11.971 11.910 11.955 11.930 11.891 12.013 11.996 11.824 11.833 11.872 11.882
  8.70122423 0.5400000  4.0059 -2.7413 12.144 12.091 11.995 11.934 11.979 11.952 11.911 12.028 12.011 11.841 11.849 11.887 11.897
  8.70871762 0.5400000  4.0030 -2.7531 12.169 12.116 12.020 11.957 12.002 11.974 11.931 12.043 12.025 11.859 11.866 11.902 11.913
  8.71618259 0.5400000  4.0002 -2.7649 12.194 12.141 12.046 11.981 12.026 11.996 11.952 12.058 12.040 11.877 11.883 11.917 11.930
  8.72362584 0.5400000  3.9973 -2.7768 12.220 12.167 12.071 12.005 12.051 12.019 11.973 12.074 12.056 11.894 11.900 11.933 11.946
  8.73105084 0.5400000  3.9945 -2.7886 12.246 12.193 12.097 12.029 12.075 12.042 11.994 12.089 12.071 11.912 11.918 11.948 11.962
  8.73843020 0.5400000  3.9916 -2.8005 12.273 12.219 12.124 12.054 12.100 12.065 12.016 12.105 12.086 11.931 11.936 11.964 11.978
  8.74577378 0.5400000  3.9887 -2.8123 12.300 12.245 12.150 12.079 12.125 12.088 12.037 12.121 12.102 11.949 11.953 11.980 11.994
  8.75311249 0.5400000  3.9859 -2.8239 12.326 12.272 12.176 12.104 12.150 12.112 12.059 12.137 12.118 11.967 11.971 11.995 12.010
  8.76054933 0.5400000  3.9830 -2.8357 12.353 12.299 12.203 12.129 12.175 12.135 12.081 12.153 12.134 11.986 11.989 12.012 12.027
  8.76798556 0.5400000  3.9802 -2.8476 12.381 12.326 12.231 12.155 12.201 12.160 12.104 12.170 12.150 12.005 12.008 12.028 12.044
  8.77541281 0.5400000  3.9773 -2.8594 12.409 12.354 12.259 12.181 12.228 12.184 12.127 12.186 12.167 12.025 12.027 12.045 12.061
  8.78284040 0.5400000  3.9745 -2.8712 12.436 12.381 12.286 12.206 12.253 12.208 12.149 12.203 12.183 12.044 12.045 12.061 12.077
  8.79025849 0.5400000  3.9716 -2.8829 12.464 12.408 12.313 12.232 12.279 12.232 12.172 12.220 12.200 12.063 12.064 12.078 12.094
  8.79769789 0.5400000  3.9688 -2.8948 12.492 12.435 12.341 12.258 12.305 12.257 12.195 12.237 12.218 12.083 12.083 12.094 12.111
  8.80512929 0.5400000  3.9659 -2.9066 12.520 12.463 12.369 12.283 12.331 12.281 12.217 12.255 12.235 12.102 12.102 12.111 12.128
  8.81255638 0.5400000  3.9630 -2.9184 12.548 12.491 12.397 12.309 12.358 12.306 12.240 12.272 12.253 12.122 12.121 12.128 12.146
  8.81996995 0.5400000  3.9602 -2.9302 12.576 12.518 12.425 12.335 12.384 12.330 12.263 12.290 12.270 12.142 12.140 12.145 12.163
  8.82738519 0.5400000  3.9573 -2.9420 12.605 12.546 12.453 12.361 12.411 12.355 12.286 12.308 12.288 12.162 12.159 12.162 12.180
  8.83480212 0.5400000  3.9545 -2.9538 12.633 12.574 12.481 12.388 12.437 12.380 12.310 12.326 12.307 12.182 12.178 12.179 12.198
  8.84221987 0.5400000  3.9516 -2.9656 12.662 12.602 12.509 12.414 12.464 12.405 12.333 12.345 12.325 12.202 12.197 12.196 12.215
  8.84964129 0.5400000  3.9487 -2.9774 12.691 12.630 12.538 12.440 12.490 12.430 12.356 12.364 12.345 12.221 12.217 12.214 12.233
  8.85706456 0.5400000  3.9459 -2.9892 12.720 12.659 12.566 12.466 12.517 12.454 12.380 12.383 12.364 12.241 12.236 12.231 12.250
  8.86449257 0.5400000  3.9430 -3.0010 12.749 12.687 12.594 12.492 12.543 12.479 12.403 12.402 12.384 12.261 12.256 12.248 12.268
  8.87192533 0.5400000  3.9402 -3.0128 12.778 12.715 12.623 12.519 12.570 12.504 12.426 12.421 12.404 12.282 12.275 12.266 12.286
  8.87936291 0.5400000  3.9373 -3.0246 12.807 12.744 12.651 12.545 12.597 12.529 12.450 12.441 12.424 12.302 12.295 12.284 12.303
  8.88680621 0.5400000  3.9344 -3.0364 12.837 12.772 12.680 12.571 12.623 12.555 12.474 12.461 12.444 12.322 12.314 12.301 12.321
  8.89425344 0.5400000  3.9316 -3.0481 12.866 12.801 12.708 12.598 12.650 12.579 12.497 12.480 12.465 12.342 12.334 12.319 12.339
  8.90170562 0.5400000  3.9287 -3.0599 12.896 12.830 12.737 12.624 12.677 12.605 12.521 12.501 12.486 12.362 12.353 12.337 12.357
  8.90916465 0.5400000  3.9258 -3.0717 12.925 12.858 12.765 12.650 12.703 12.630 12.544 12.521 12.507 12.382 12.373 12.354 12.374
  8.91662960 0.5400000  3.9230 -3.0835 12.955 12.887 12.793 12.676 12.730 12.655 12.568 12.540 12.527 12.402 12.392 12.372 12.392
  8.92409962 0.5400000  3.9201 -3.0953 12.985 12.916 12.822 12.703 12.757 12.680 12.591 12.560 12.548 12.423 12.412 12.389 12.409
  8.93157771 0.5400000  3.9172 -3.1071 13.015 12.945 12.850 12.729 12.784 12.705 12.615 12.581 12.569 12.443 12.432 12.407 12.427
  8.93906856 0.5400000  3.9144 -3.1189 13.045 12.974 12.879 12.755 12.811 12.730 12.639 12.601 12.590 12.463 12.451 12.424 12.445
  8.94656894 0.5400000  3.9115 -3.1307 13.075 13.003 12.907 12.781 12.837 12.755 12.662 12.621 12.611 12.483 12.471 12.442 12.462
  8.95406219 0.5400000  3.9086 -3.1425 13.105 13.032 12.935 12.807 12.864 12.781 12.686 12.642 12.633 12.503 12.490 12.459 12.480
  8.96155963 0.5400000  3.9058 -3.1543 13.135 13.061 12.964 12.833 12.891 12.806 12.710 12.662 12.654 12.523 12.510 12.477 12.498
  8.96905958 0.5400000  3.9029 -3.1661 13.165 13.090 12.992 12.859 12.918 12.831 12.733 12.683 12.676 12.543 12.529 12.494 12.515
  8.97656859 0.5400000  3.9000 -3.1779 13.196 13.119 13.020 12.886 12.945 12.856 12.757 12.703 12.697 12.563 12.549 12.512 12.533
  8.98408491 0.5400000  3.8971 -3.1896 13.226 13.148 13.049 12.911 12.972 12.881 12.780 12.723 12.718 12.583 12.568 12.529 12.551
  8.99161043 0.5400000  3.8943 -3.2014 13.257 13.177 13.077 12.938 12.998 12.906 12.804 12.744 12.739 12.603 12.588 12.547 12.568
  8.99914425 0.5400000  3.8914 -3.2132 13.288 13.207 13.106 12.964 13.025 12.932 12.828 12.764 12.760 12.623 12.607 12.565 12.586
  9.00668640 0.5400000  3.8885 -3.2250 13.319 13.236 13.134 12.990 13.052 12.957 12.851 12.785 12.781 12.643 12.627 12.582 12.604
  9.01423597 0.5400000  3.8857 -3.2368 13.350 13.266 13.163 13.016 13.079 12.982 12.875 12.805 12.802 12.664 12.647 12.600 12.622
  9.02179300 0.5400000  3.8828 -3.2486 13.381 13.296 13.192 13.042 13.106 13.007 12.899 12.826 12.823 12.684 12.666 12.618 12.640
  9.02935746 0.5400000  3.8799 -3.2604 13.413 13.325 13.220 13.068 13.133 13.032 12.922 12.846 12.844 12.704 12.686 12.635 12.658
  9.03692753 0.5400000  3.8770 -3.2722 13.444 13.355 13.249 13.094 13.160 13.058 12.946 12.867 12.866 12.724 12.705 12.653 12.676
  9.04450318 0.5400000  3.8742 -3.2840 13.476 13.385 13.278 13.121 13.188 13.083 12.970 12.888 12.887 12.744 12.725 12.671 12.694
  9.05208254 0.5400000  3.8713 -3.2958 13.508 13.415 13.307 13.147 13.215 13.108 12.993 12.908 12.908 12.764 12.745 12.688 12.712
  9.05966469 0.5400000  3.8684 -3.3076 13.540 13.445 13.336 13.173 13.242 13.134 13.017 12.929 12.929 12.784 12.764 12.706 12.729
  9.06724963 0.5400000  3.8655 -3.3194 13.572 13.475 13.365 13.199 13.269 13.159 13.040 12.950 12.951 12.805 12.783 12.724 12.747
  9.07483552 0.5400000  3.8626 -3.3312 13.604 13.505 13.394 13.226 13.296 13.184 13.064 12.970 12.972 12.825 12.803 12.741 12.765
  9.08242241 0.5400000  3.8597 -3.3430 13.636 13.536 13.423 13.252 13.324 13.210 13.088 12.991 12.993 12.845 12.822 12.759 12.782
  9.09001117 0.5400000  3.8568 -3.3548 13.669 13.566 13.452 13.279 13.351 13.235 13.111 13.012 13.015 12.865 12.841 12.776 12.800
  9.09759782 0.5400000  3.8539 -3.3666 13.701 13.596 13.481 13.305 13.378 13.260 13.135 13.032 13.036 12.885 12.861 12.794 12.818
  9.10517580 0.5400000  3.8510 -3.3784 13.734 13.627 13.510 13.332 13.406 13.286 13.159 13.053 13.058 12.905 12.880 12.812 12.835
  9.11274522 0.5400000  3.8481 -3.3902 13.767 13.657 13.539 13.358 13.433 13.311 13.182 13.074 13.079 12.925 12.899 12.829 12.853
  9.12030718 0.5400000  3.8453 -3.4020 13.800 13.688 13.568 13.385 13.461 13.337 13.206 13.095 13.101 12.946 12.919 12.847 12.871
  9.12786513 0.5400000  3.8424 -3.4138 13.833 13.719 13.598 13.412 13.488 13.363 13.230 13.116 13.122 12.966 12.938 12.865 12.889
  9.13543384 0.5400000  3.8395 -3.4256 13.867 13.750 13.628 13.438 13.516 13.388 13.254 13.137 13.144 12.986 12.958 12.882 12.906
  9.14300676 0.5400000  3.8366 -3.4374 13.901 13.782 13.657 13.465 13.544 13.414 13.278 13.157 13.166 13.006 12.977 12.900 12.924
  9.15058305 0.5400000  3.8337 -3.4492 13.935 13.813 13.687 13.492 13.572 13.440 13.302 13.178 13.188 13.027 12.997 12.918 12.942
  9.15816373 0.5400000  3.8308 -3.4610 13.969 13.845 13.717 13.520 13.601 13.467 13.326 13.199 13.210 13.047 13.017 12.935 12.960
  9.16574976 0.5400000  3.8280 -3.4728 14.004 13.877 13.747 13.547 13.629 13.493 13.350 13.220 13.232 13.067 13.037 12.953 12.978
  9.17334117 0.5400000  3.8251 -3.4846 14.039 13.909 13.778 13.574 13.657 13.519 13.375 13.241 13.254 13.087 13.056 12.971 12.996
  9.18093801 0.5400000  3.8222 -3.4964 14.074 13.941 13.808 13.601 13.686 13.545 13.399 13.262 13.276 13.108 13.076 12.989 13.013
  9.18854024 0.5400000  3.8193 -3.5082 14.109 13.973 13.838 13.629 13.714 13.572 13.423 13.283 13.298 13.128 13.096 13.006 13.031
  9.19614613 0.5400000  3.8164 -3.5200 14.144 14.005 13.869 13.656 13.743 13.598 13.448 13.304 13.320 13.148 13.116 13.024 13.049
  9.20375750 0.5400000  3.8135 -3.5318 14.180 14.038 13.899 13.683 13.772 13.625 13.472 13.325 13.342 13.169 13.136 13.042 13.067
  9.21137458 0.5400000  3.8107 -3.5435 14.215 14.070 13.930 13.711 13.801 13.651 13.497 13.346 13.364 13.189 13.155 13.060 13.085
  9.21899936 0.5400000  3.8078 -3.5553 14.252 14.104 13.962 13.739 13.830 13.678 13.522 13.368 13.387 13.210 13.176 13.078 13.103
  9.22663372 0.5400000  3.8049 -3.5671 14.289 14.137 13.993 13.768 13.860 13.706 13.547 13.389 13.410 13.231 13.196 13.097 13.122
  9.23427695 0.5400000  3.8020 -3.5789 14.325 14.171 14.025 13.796 13.890 13.733 13.572 13.411 13.433 13.252 13.217 13.115 13.141
  9.24193277 0.5400000  3.7991 -3.5907 14.363 14.205 14.057 13.825 13.920 13.761 13.598 13.433 13.457 13.274 13.238 13.134 13.159
  9.24960020 0.5400000  3.7962 -3.6025 14.400 14.239 14.089 13.854 13.950 13.788 13.624 13.455 13.480 13.295 13.258 13.152 13.178
  9.25727736 0.5400000  3.7934 -3.6143 14.438 14.273 14.122 13.883 13.980 13.816 13.649 13.477 13.503 13.317 13.279 13.171 13.197
  9.26496575 0.5400000  3.7905 -3.6260 14.475 14.308 14.154 13.912 14.010 13.844 13.675 13.498 13.527 13.338 13.300 13.190 13.216
  9.27266574 0.5400000  3.7876 -3.6378 14.514 14.343 14.187 13.941 14.041 13.872 13.701 13.521 13.551 13.360 13.321 13.209 13.235
  9.28037494 0.5400000  3.7847 -3.6496 14.552 14.378 14.220 13.971 14.072 13.900 13.727 13.543 13.574 13.382 13.342 13.228 13.254
  9.28811198 0.5400000  3.7818 -3.6614 14.591 14.413 14.253 14.000 14.103 13.928 13.753 13.565 13.598 13.403 13.363 13.247 13.273
  9.29584965 0.5400000  3.7790 -3.6732 14.630 14.448 14.286 14.030 14.134 13.957 13.779 13.588 13.623 13.426 13.385 13.266 13.292
  9.30359743 0.5400000  3.7761 -3.6850 14.669 14.484 14.320 14.061 14.165 13.986 13.806 13.611 13.647 13.448 13.407 13.286 13.312
  9.31135903 0.5400000  3.7732 -3.6967 14.709 14.520 14.354 14.091 14.197 14.015 13.833 13.634 13.672 13.471 13.429 13.306 13.332
  9.31913278 0.5400000  3.7703 -3.7085 14.749 14.557 14.388 14.122 14.230 14.045 13.861 13.658 13.698 13.494 13.451 13.326 13.352
  9.32692054 0.5400000  3.7675 -3.7203 14.789 14.594 14.423 14.154 14.262 14.075 13.889 13.681 13.724 13.517 13.473 13.347 13.373
  9.33472237 0.5400000  3.7646 -3.7321 14.830 14.631 14.458 14.185 14.295 14.105 13.917 13.706 13.749 13.541 13.496 13.367 13.394
  9.34253824 0.5400000  3.7617 -3.7439 14.871 14.668 14.493 14.217 14.328 14.135 13.945 13.730 13.776 13.565 13.519 13.388 13.414
  9.35036915 0.5400000  3.7588 -3.7556 14.912 14.705 14.529 14.249 14.361 14.166 13.973 13.754 13.802 13.588 13.542 13.409 13.435
  9.35821399 0.5400000  3.7560 -3.7674 14.953 14.743 14.565 14.281 14.395 14.196 14.002 13.779 13.828 13.613 13.565 13.430 13.457
  9.36608487 0.5400000  3.7533 -3.7789 14.994 14.780 14.600 14.313 14.428 14.227 14.030 13.803 13.855 13.636 13.588 13.451 13.478
  9.37417553 0.5400000  3.7509 -3.7896 15.031 14.814 14.632 14.342 14.458 14.255 14.056 13.826 13.879 13.659 13.610 13.471 13.498
  9.38324714 0.5400000  3.7490 -3.7986 15.062 14.843 14.659 14.367 14.484 14.279 14.079 13.846 13.900 13.678 13.629 13.488 13.515
  9.39442280 0.5400000  3.7432 -3.8207 15.144 14.917 14.729 14.430 14.550 14.339 14.134 13.893 13.952 13.724 13.673 13.528 13.555
  9.40065567 0.5400000  3.7405 -3.8309 15.182 14.952 14.762 14.459 14.580 14.367 14.160 13.915 13.976 13.746 13.694 13.547 13.574
  9.40791586 0.5400000  3.7381 -3.8411 15.219 14.986 14.794 14.488 14.611 14.394 14.186 13.937 14.000 13.768 13.715 13.566 13.593
  9.41622226 0.5400000  3.7355 -3.8524 15.260 15.024 14.830 14.521 14.645 14.425 14.215 13.963 14.027 13.792 13.739 13.588 13.615
  9.42492536 0.5400000  3.7329 -3.8634 15.301 15.061 14.865 14.553 14.678 14.456 14.243 13.988 14.054 13.816 13.762 13.609 13.636
  9.43416509 0.5400000  3.7295 -3.8772 15.352 15.108 14.910 14.593 14.720 14.494 14.279 14.019 14.088 13.846 13.791 13.635 13.663
  9.44307134 0.5400000  3.7264 -3.8895 15.399 15.150 14.950 14.629 14.758 14.529 14.311 14.047 14.118 13.873 13.818 13.658 13.686
  9.45308921 0.5400000  3.7235 -3.9010 15.443 15.191 14.988 14.663 14.794 14.561 14.342 14.074 14.147 13.899 13.842 13.680 13.708
  9.46372524 0.5400000  3.7210 -3.9116 15.483 15.227 15.023 14.695 14.827 14.591 14.370 14.099 14.174 13.922 13.865 13.701 13.729
  9.47441081 0.5400000  3.7183 -3.9228 15.526 15.266 15.060 14.728 14.861 14.623 14.400 14.125 14.202 13.947 13.890 13.723 13.751
  9.48753515 0.5400000  3.7155 -3.9342 15.570 15.306 15.098 14.763 14.897 14.656 14.430 14.152 14.231 13.973 13.914 13.745 13.774
  9.49979114 0.5400000  3.7125 -3.9466 15.618 15.350 15.139 14.800 14.936 14.692 14.464 14.182 14.262 14.001 13.941 13.770 13.798
  9.51313009 0.5400000  3.7097 -3.9580 15.662 15.390 15.177 14.834 14.972 14.725 14.494 14.210 14.291 14.026 13.966 13.792 13.821
  9.52463729 0.5400000  3.7070 -3.9692 15.705 15.430 15.215 14.868 15.007 14.757 14.525 14.237 14.320 14.052 13.991 13.814 13.843
  9.53853078 0.5400000  3.7046 -3.9794 15.745 15.466 15.249 14.900 15.039 14.787 14.552 14.262 14.346 14.075 14.013 13.835 13.864
  9.55323971 0.5400000  3.7019 -3.9905 15.788 15.506 15.287 14.933 15.074 14.819 14.582 14.290 14.375 14.101 14.038 13.857 13.887
  9.56907150 0.5400000  3.6993 -4.0016 15.832 15.545 15.324 14.967 15.109 14.852 14.613 14.318 14.404 14.126 14.062 13.879 13.909
  9.58512933 0.5400000  3.6963 -4.0140 15.880 15.589 15.366 15.005 15.149 14.888 14.647 14.349 14.436 14.154 14.090 13.904 13.934
  9.60025450 0.5400000  3.6935 -4.0256 15.925 15.630 15.405 15.041 15.185 14.921 14.678 14.378 14.466 14.181 14.115 13.927 13.958
  9.61521349 0.5400000  3.6908 -4.0371 15.970 15.671 15.444 15.076 15.222 14.955 14.710 14.407 14.496 14.207 14.141 13.951 13.981
  9.63042563 0.5400000  3.6882 -4.0478 16.011 15.709 15.480 15.109 15.256 14.986 14.739 14.435 14.524 14.232 14.165 13.972 14.003
  9.64573645 0.5400000  3.6857 -4.0581 16.051 15.746 15.515 15.140 15.289 15.016 14.767 14.461 14.551 14.256 14.188 13.993 14.023
  9.65916202 0.5400000  3.6833 -4.0681 16.090 15.781 15.549 15.171 15.321 15.045 14.795 14.487 14.577 14.279 14.210 14.013 14.044
  9.67308313 0.5400000  3.6810 -4.0777 16.128 15.815 15.581 15.200 15.351 15.073 14.821 14.512 14.602 14.301 14.231 14.033 14.063
  9.68569217 0.5400000  3.6789 -4.0866 16.162 15.847 15.611 15.228 15.380 15.099 14.845 14.535 14.625 14.322 14.251 14.051 14.081
  9.69860644 0.5400000  3.6769 -4.0953 16.196 15.878 15.641 15.255 15.408 15.124 14.869 14.558 14.648 14.342 14.271 14.069 14.099
  9.71050422 0.5400000  3.6748 -4.1038 16.228 15.907 15.669 15.280 15.434 15.149 14.892 14.579 14.670 14.361 14.290 14.086 14.116
  9.72216680 0.5400000  3.6728 -4.1122 16.260 15.936 15.696 15.305 15.460 15.173 14.915 14.600 14.692 14.380 14.308 14.102 14.132
  9.73348803 0.5400000  3.6704 -4.1223 16.298 15.971 15.730 15.335 15.491 15.201 14.942 14.626 14.717 14.403 14.330 14.122 14.152
  9.74480842 0.5400000  3.6677 -4.1333 16.340 16.009 15.766 15.368 15.525 15.232 14.971 14.654 14.745 14.427 14.353 14.144 14.174
  9.75580953 0.5400000  3.6650 -4.1442 16.380 16.047 15.801 15.400 15.559 15.263 14.999 14.681 14.773 14.452 14.377 14.165 14.195
  9.76571280 0.5400000  3.6625 -4.1548 16.420 16.083 15.836 15.431 15.591 15.292 15.027 14.707 14.799 14.475 14.400 14.186 14.216
  9.77632273 0.5400000  3.6603 -4.1640 16.454 16.114 15.865 15.458 15.619 15.318 15.051 14.730 14.822 14.495 14.419 14.204 14.234
  9.78642102 0.5400000  3.6580 -4.1731 16.487 16.145 15.894 15.485 15.647 15.343 15.075 14.753 14.845 14.515 14.438 14.221 14.251
  9.79485730 0.5400000  3.6558 -4.1822 16.521 16.175 15.924 15.511 15.674 15.368 15.099 14.776 14.868 14.535 14.458 14.239 14.269
  9.80211758 0.5400000  3.6536 -4.1913 16.554 16.206 15.953 15.537 15.702 15.393 15.122 14.798 14.890 14.555 14.477 14.256 14.286
  9.81136415 0.5400000  3.6514 -4.2004 16.587 16.236 15.981 15.563 15.728 15.418 15.145 14.820 14.912 14.574 14.496 14.274 14.304
  9.82002563 0.5400000  3.6492 -4.2095 16.619 16.265 16.009 15.589 15.754 15.442 15.168 14.842 14.934 14.593 14.514 14.291 14.321
  9.82916063 0.5400000  3.6470 -4.2185 16.650 16.294 16.036 15.613 15.780 15.466 15.190 14.863 14.955 14.612 14.532 14.308 14.338
  9.83744256 0.5400000  3.6448 -4.2274 16.681 16.322 16.063 15.638 15.806 15.489 15.212 14.884 14.976 14.631 14.550 14.324 14.354
  9.84605659 0.5400000  3.6427 -4.2364 16.712 16.350 16.090 15.662 15.831 15.512 15.234 14.905 14.997 14.649 14.568 14.341 14.371
  9.85396382 0.5400000  3.6405 -4.2454 16.743 16.378 16.117 15.686 15.856 15.535 15.256 14.926 15.018 14.668 14.586 14.358 14.387
  9.86174226 0.5400000  3.6383 -4.2544 16.773 16.406 16.143 15.710 15.881 15.558 15.277 14.946 15.039 14.686 14.604 14.375 14.404
  9.86983853 0.5400000  3.6361 -4.2633 16.803 16.433 16.169 15.734 15.905 15.580 15.298 14.967 15.059 14.704 14.622 14.391 14.420
  9.87731462 0.5400000  3.6339 -4.2723 16.833 16.460 16.195 15.757 15.930 15.603 15.319 14.987 15.080 14.722 14.639 14.407 14.436
  9.88464917 0.5400000  3.6317 -4.2814 16.863 16.487 16.222 15.781 15.954 15.625 15.341 15.007 15.100 14.740 14.657 14.424 14.452
  9.89183036 0.5400000  3.6294 -4.2905 16.892 16.514 16.247 15.804 15.978 15.647 15.361 15.028 15.120 14.757 14.674 14.440 14.469
  9.89883789 0.5400000  3.6272 -4.2998 16.922 16.541 16.273 15.828 16.003 15.670 15.383 15.048 15.141 14.775 14.692 14.457 14.485
  9.90525869 0.5400000  3.6249 -4.3090 16.951 16.568 16.298 15.851 16.026 15.691 15.403 15.067 15.160 14.793 14.709 14.473 14.501
  9.91200966 0.5400000  3.6226 -4.3184 16.980 16.594 16.324 15.874 16.050 15.713 15.424 15.087 15.180 14.810 14.726 14.490 14.517
  9.91819791 0.5400000  3.6202 -4.3280 17.009 16.621 16.349 15.897 16.074 15.735 15.444 15.107 15.200 14.828 14.744 14.507 14.534
  9.92469358 0.5400000  3.6178 -4.3376 17.038 16.647 16.374 15.920 16.098 15.757 15.465 15.127 15.219 14.846 14.761 14.524 14.550
  9.93065581 0.5400000  3.6155 -4.3474 17.067 16.674 16.400 15.942 16.122 15.778 15.485 15.147 15.239 14.864 14.778 14.541 14.567
  9.93652851 0.5400000  3.6130 -4.3572 17.095 16.700 16.424 15.965 16.145 15.800 15.506 15.166 15.258 14.881 14.796 14.558 14.584
  9.94230113 0.5400000  3.6106 -4.3671 17.124 16.726 16.449 15.988 16.168 15.821 15.526 15.186 15.278 14.899 14.813 14.576 14.600
  9.94835472 0.5400000  3.6081 -4.3771 17.152 16.752 16.474 16.010 16.191 15.842 15.546 15.205 15.297 14.916 14.830 14.593 14.617
  9.95392974 0.5400000  3.6056 -4.3871 17.179 16.777 16.498 16.032 16.214 15.863 15.566 15.224 15.315 14.933 14.847 14.610 14.633
  9.95941731 0.5400000  3.6031 -4.3973 17.207 16.803 16.522 16.054 16.237 15.884 15.585 15.243 15.334 14.951 14.864 14.628 14.650
  9.96481833 0.5400000  3.6005 -4.4078 17.236 16.828 16.547 16.076 16.260 15.905 15.606 15.263 15.353 14.969 14.882 14.646 14.667
  9.96978128 0.5400000  3.5979 -4.4186 17.264 16.855 16.572 16.099 16.284 15.926 15.626 15.282 15.373 14.987 14.900 14.665 14.685
  9.97469734 0.5400000  3.5952 -4.4295 17.293 16.881 16.597 16.122 16.307 15.948 15.646 15.302 15.393 15.005 14.918 14.685 14.703
  9.97978058 0.5400000  3.5925 -4.4403 17.321 16.906 16.622 16.144 16.330 15.969 15.666 15.321 15.412 15.023 14.936 14.704 14.721
  9.98473024 0.5400000  3.5902 -4.4497 17.345 16.928 16.642 16.163 16.350 15.987 15.683 15.337 15.428 15.038 14.952 14.722 14.737
  9.98957333 0.5400000  3.5882 -4.4576 17.365 16.946 16.660 16.178 16.366 16.001 15.697 15.351 15.441 15.051 14.965 14.736 14.750
  9.99422712 0.5400000  3.5862 -4.4656 17.384 16.964 16.677 16.194 16.382 16.016 15.711 15.364 15.455 15.064 14.978 14.751 14.764
  9.99884128 0.5400000  3.5842 -4.4737 17.404 16.982 16.694 16.210 16.398 16.031 15.725 15.378 15.468 15.077 14.991 14.766 14.777
 10.00317308 0.5400000  3.5822 -4.4819 17.424 17.000 16.712 16.225 16.414 16.046 15.739 15.391 15.482 15.090 15.005 14.781 14.791
 10.00772755 0.5400000  3.5802 -4.4902 17.444 17.018 16.729 16.241 16.430 16.060 15.753 15.405 15.495 15.103 15.018 14.796 14.805
 10.01217591 0.5400000  3.5760 -4.5070 17.483 17.053 16.763 16.272 16.462 16.090 15.780 15.431 15.522 15.128 15.045 14.827 14.832
 10.01544761 0.5400000  3.5727 -4.5201 17.513 17.081 16.789 16.296 16.486 16.112 15.802 15.452 15.543 15.149 15.066 14.852 14.855
 10.01847068 0.5400000  3.5698 -4.5318 17.540 17.105 16.813 16.317 16.508 16.132 15.821 15.470 15.561 15.167 15.085 14.876 14.876
 10.02118546 0.5400000  3.5673 -4.5416 17.562 17.125 16.832 16.334 16.526 16.149 15.836 15.485 15.576 15.183 15.102 14.895 14.894
 10.02483265 0.5400000  3.5650 -4.5508 17.582 17.144 16.850 16.350 16.543 16.164 15.851 15.499 15.590 15.198 15.117 14.914 14.911
 10.02906976 0.5400000  3.5623 -4.5621 17.608 17.167 16.872 16.370 16.564 16.183 15.869 15.517 15.608 15.216 15.136 14.938 14.932
 10.03317374 0.5400000  3.5594 -4.5734 17.632 17.189 16.893 16.390 16.584 16.202 15.887 15.533 15.624 15.234 15.156 14.961 14.953
 10.03724404 0.5400000  3.5566 -4.5847 17.657 17.211 16.914 16.409 16.604 16.220 15.904 15.550 15.641 15.252 15.175 14.985 14.975
 10.04127194 0.5400000  3.5537 -4.5962 17.681 17.233 16.935 16.428 16.623 16.238 15.921 15.567 15.658 15.270 15.194 15.010 14.997
 10.04526384 0.5400000  3.5509 -4.6079 17.705 17.255 16.957 16.447 16.643 16.257 15.939 15.584 15.675 15.289 15.215 15.036 15.020
 10.04921870 0.5400000  3.5480 -4.6195 17.729 17.277 16.977 16.466 16.663 16.275 15.956 15.600 15.691 15.308 15.235 15.062 15.043
 10.05312910 0.5400000  3.5451 -4.6312 17.753 17.299 16.998 16.484 16.682 16.292 15.973 15.616 15.707 15.326 15.255 15.088 15.067
 10.05700753 0.5400000  3.5421 -4.6430 17.777 17.320 17.019 16.503 16.702 16.311 15.990 15.633 15.724 15.346 15.276 15.115 15.092
 10.06085101 0.5400000  3.5392 -4.6549 17.801 17.342 17.040 16.522 16.721 16.329 16.008 15.650 15.741 15.367 15.299 15.144 15.119
 10.06465692 0.5400000  3.5362 -4.6669 17.826 17.364 17.061 16.542 16.741 16.347 16.025 15.667 15.758 15.388 15.322 15.174 15.146
 10.06825784 0.5400000  3.5332 -4.6788 17.850 17.386 17.082 16.560 16.760 16.366 16.042 15.683 15.774 15.409 15.345 15.204 15.174
 10.07196460 0.5400000  3.5302 -4.6909 17.874 17.408 17.103 16.579 16.780 16.384 16.060 15.700 15.791 15.431 15.369 15.235 15.203
 10.07556980 0.5400000  3.5272 -4.7030 17.897 17.430 17.123 16.598 16.799 16.402 16.077 15.717 15.808 15.453 15.393 15.266 15.232
 10.07911253 0.5400000  3.5242 -4.7150 17.921 17.451 17.143 16.616 16.818 16.420 16.094 15.733 15.824 15.475 15.418 15.298 15.262
 10.08262009 0.5400000  3.5212 -4.7271 17.944 17.472 17.164 16.634 16.837 16.438 16.111 15.750 15.841 15.498 15.443 15.331 15.293
 10.08609881 0.5400000  3.5182 -4.7391 17.967 17.493 17.184 16.652 16.856 16.455 16.128 15.766 15.857 15.521 15.468 15.364 15.324
 10.08953769 0.5400000  3.5152 -4.7513 17.990 17.514 17.204 16.670 16.874 16.473 16.145 15.782 15.873 15.544 15.494 15.398 15.356
 10.09289010 0.5400000  3.5122 -4.7633 18.012 17.534 17.223 16.688 16.893 16.490 16.161 15.798 15.889 15.568 15.520 15.432 15.388
 10.09612396 0.5400000  3.5092 -4.7754 18.035 17.555 17.243 16.706 16.911 16.508 16.178 15.815 15.906 15.593 15.548 15.467 15.422
 10.09932871 0.5400000  3.5062 -4.7874 18.057 17.575 17.262 16.723 16.929 16.525 16.195 15.831 15.922 15.618 15.576 15.503 15.455
 10.10250981 0.5400000  3.5032 -4.7995 18.080 17.595 17.281 16.741 16.947 16.542 16.211 15.847 15.938 15.645 15.604 15.539 15.490
 10.10562880 0.5400000  3.5002 -4.8116 18.102 17.615 17.301 16.758 16.965 16.560 16.228 15.863 15.954 15.672 15.633 15.576 15.526
 10.10871125 0.5400000  3.4972 -4.8236 18.124 17.635 17.319 16.775 16.983 16.577 16.245 15.879 15.970 15.699 15.663 15.613 15.561
 10.11177359 0.5400000  3.4943 -4.8356 18.145 17.654 17.338 16.792 17.001 16.594 16.261 15.895 15.986 15.726 15.693 15.650 15.598
 10.11481028 0.5400000  3.4913 -4.8476 18.167 17.673 17.357 16.809 17.018 16.611 16.277 15.911 16.002 15.755 15.724 15.689 15.635
 10.11782773 0.5400000  3.4882 -4.8597 18.188 17.693 17.375 16.826 17.035 16.627 16.294 15.927 16.018 15.784 15.755 15.728 15.673
 10.12079384 0.5400000  3.4853 -4.8717 18.209 17.712 17.393 16.842 17.052 16.644 16.310 15.942 16.034 15.813 15.787 15.767 15.711
 10.12373055 0.5400000  3.4823 -4.8838 18.230 17.730 17.412 16.859 17.070 16.661 16.326 15.958 16.050 15.843 15.819 15.807 15.751
