#   log(t)       Mwd   log(Teff)log(L/Lo) F435W F475  F502N  F550M  F555W  F606W  F625W  F658N  F660N  F775W  F814W  F850LP F892N
    5.789388 1.1000000  4.9568  0.5076  6.127  6.398  6.914  7.139  6.996  7.220  7.423  7.587  7.805  8.029  8.388  8.604  8.534
    5.794793 1.1000000  4.9476  0.4698  6.294  6.559  7.064  7.280  7.140  7.359  7.557  7.712  7.927  8.147  8.495  8.707  8.642
    5.800251 1.1000000  4.9393  0.4358  6.442  6.702  7.196  7.404  7.268  7.482  7.676  7.822  8.035  8.251  8.589  8.799  8.737
    5.806628 1.1000000  4.9311  0.4017  6.588  6.843  7.327  7.528  7.394  7.603  7.794  7.932  8.142  8.355  8.682  8.889  8.831
    5.813997 1.1000000  4.9228  0.3675  6.732  6.983  7.456  7.649  7.519  7.723  7.910  8.040  8.247  8.457  8.775  8.979  8.924
    5.822376 1.1000000  4.9144  0.3331  6.875  7.121  7.584  7.770  7.643  7.843  8.025  8.148  8.352  8.558  8.866  9.068  9.017
    5.831744 1.1000000  4.9060  0.2985  7.017  7.258  7.711  7.889  7.765  7.961  8.139  8.254  8.456  8.659  8.957  9.156  9.108
    5.842076 1.1000000  4.8976  0.2639  7.156  7.392  7.837  8.007  7.886  8.077  8.251  8.359  8.558  8.757  9.046  9.242  9.198
    5.853341 1.1000000  4.8892  0.2291  7.294  7.526  7.960  8.123  8.005  8.192  8.362  8.463  8.659  8.855  9.135  9.328  9.287
    5.865511 1.1000000  4.8807  0.1943  7.430  7.657  8.082  8.238  8.123  8.305  8.472  8.565  8.758  8.952  9.222  9.413  9.375
    5.878515 1.1000000  4.8723  0.1594  7.564  7.787  8.202  8.351  8.239  8.416  8.580  8.665  8.856  9.047  9.308  9.496  9.462
    5.892316 1.1000000  4.8638  0.1244  7.696  7.914  8.321  8.462  8.353  8.527  8.686  8.765  8.953  9.141  9.393  9.579  9.547
    5.906908 1.1000000  4.8553  0.0894  7.826  8.040  8.438  8.572  8.466  8.635  8.791  8.862  9.048  9.233  9.476  9.660  9.631
    5.922232 1.1000000  4.8469  0.0545  7.954  8.163  8.552  8.679  8.576  8.741  8.893  8.958  9.142  9.323  9.558  9.739  9.713
    5.938347 1.1000000  4.8384  0.0194  8.080  8.285  8.665  8.785  8.685  8.846  8.995  9.053  9.234  9.412  9.639  9.818  9.795
    5.955252 1.1000000  4.8299 -0.0155  8.203  8.404  8.775  8.889  8.792  8.948  9.094  9.145  9.324  9.500  9.718  9.895  9.874
    5.973033 1.1000000  4.8214 -0.0505  8.324  8.521  8.884  8.991  8.896  9.049  9.192  9.236  9.412  9.586  9.796  9.971  9.952
    5.991694 1.1000000  4.8130 -0.0853  8.442  8.635  8.990  9.091  8.999  9.147  9.287  9.325  9.499  9.670  9.872 10.045 10.029
    6.011385 1.1000000  4.8045 -0.1201  8.558  8.747  9.094  9.188  9.099  9.243  9.380  9.412  9.584  9.752  9.947 10.117 10.104
    6.032129 1.1000000  4.7961 -0.1549  8.672  8.857  9.196  9.284  9.198  9.338  9.472  9.498  9.667  9.833 10.020 10.189 10.177
    6.054183 1.1000000  4.7877 -0.1897  8.784  8.965  9.297  9.379  9.295  9.431  9.562  9.582  9.749  9.912 10.092 10.259 10.249
    6.077530 1.1000000  4.7793 -0.2243  8.892  9.071  9.394  9.470  9.389  9.522  9.650  9.664  9.829  9.990 10.163 10.327 10.320
    6.102314 1.1000000  4.7709 -0.2588  8.999  9.174  9.490  9.560  9.481  9.610  9.736  9.744  9.907 10.065 10.231 10.394 10.388
    6.128776 1.1000000  4.7626 -0.2934  9.103  9.275  9.584  9.648  9.572  9.697  9.820  9.823  9.983 10.139 10.299 10.460 10.456
    6.157040 1.1000000  4.7542 -0.3278  9.205  9.373  9.675  9.734  9.660  9.782  9.902  9.899 10.058 10.212 10.365 10.524 10.522
    6.187317 1.1000000  4.7459 -0.3621  9.305  9.469  9.764  9.818  9.746  9.864  9.982  9.974 10.131 10.283 10.429 10.587 10.586
    6.219988 1.1000000  4.7376 -0.3962  9.401  9.563  9.851  9.899  9.830  9.945 10.060 10.047 10.201 10.351 10.492 10.648 10.649
    6.255654 1.1000000  4.7294 -0.4302  9.496  9.654  9.936  9.979  9.912 10.023 10.136 10.118 10.271 10.419 10.553 10.707 10.710
    6.294959 1.1000000  4.7213 -0.4638  9.587  9.742 10.018 10.056  9.991 10.099 10.210 10.187 10.337 10.484 10.612 10.765 10.769
    6.338960 1.1000000  4.7131 -0.4973  9.676  9.828 10.098 10.131 10.068 10.173 10.282 10.254 10.403 10.547 10.670 10.821 10.826
    6.388957 1.1000000  4.7051 -0.5303  9.761  9.911 10.175 10.203 10.142 10.244 10.351 10.318 10.465 10.608 10.726 10.875 10.882
    6.446749 1.1000000  4.6972 -0.5630  9.844  9.992 10.250 10.273 10.214 10.313 10.418 10.381 10.526 10.667 10.780 10.928 10.936
    6.514495 1.1000000  4.6894 -0.5953  9.925 10.069 10.322 10.340 10.284 10.380 10.483 10.442 10.585 10.724 10.832 10.979 10.988
    6.594315 1.1000000  4.6817 -0.6273 10.002 10.144 10.392 10.406 10.351 10.445 10.545 10.500 10.642 10.780 10.883 11.028 11.038
    6.687653 1.1000000  4.6740 -0.6593 10.078 10.218 10.460 10.470 10.417 10.508 10.607 10.558 10.698 10.834 10.933 11.077 11.088
    6.793363 1.1000000  4.6663 -0.6915 10.153 10.290 10.527 10.533 10.482 10.570 10.667 10.614 10.753 10.887 10.982 11.125 11.136
    6.905406 1.1000000  4.6584 -0.7245 10.227 10.362 10.594 10.596 10.546 10.632 10.728 10.671 10.809 10.941 11.031 11.172 11.185
    7.015383 1.1000000  4.6503 -0.7583 10.301 10.434 10.661 10.659 10.611 10.694 10.788 10.727 10.863 10.994 11.080 11.220 11.233
    7.117585 1.1000000  4.6420 -0.7926 10.375 10.505 10.727 10.721 10.675 10.755 10.847 10.783 10.918 11.047 11.128 11.267 11.281
    7.210642 1.1000000  4.6336 -0.8273 10.447 10.574 10.792 10.781 10.737 10.815 10.905 10.837 10.971 11.098 11.175 11.313 11.328
    7.294926 1.1000000  4.6251 -0.8622 10.516 10.642 10.855 10.840 10.798 10.873 10.962 10.890 11.022 11.148 11.221 11.358 11.374
    7.371140 1.1000000  4.6166 -0.8974 10.585 10.708 10.917 10.898 10.858 10.930 11.017 10.942 11.073 11.197 11.266 11.402 11.418
    7.440188 1.1000000  4.6080 -0.9327 10.651 10.772 10.977 10.954 10.915 10.985 11.071 10.993 11.122 11.245 11.310 11.445 11.461
    7.502950 1.1000000  4.5994 -0.9681 10.715 10.834 11.034 11.008 10.971 11.039 11.123 11.041 11.169 11.291 11.352 11.486 11.503
    7.560201 1.1000000  4.5907 -1.0037 10.778 10.895 11.091 11.061 11.025 11.091 11.173 11.088 11.215 11.335 11.394 11.526 11.544
    7.612506 1.1000000  4.5820 -1.0392 10.838 10.953 11.145 11.111 11.077 11.141 11.221 11.134 11.259 11.378 11.433 11.564 11.583
    7.660763 1.1000000  4.5733 -1.0748 10.895 11.008 11.197 11.160 11.127 11.189 11.268 11.177 11.302 11.419 11.471 11.601 11.620
    7.705558 1.1000000  4.5645 -1.1105 10.951 11.062 11.247 11.207 11.176 11.235 11.313 11.220 11.343 11.459 11.508 11.637 11.656
    7.747451 1.1000000  4.5558 -1.1461 11.004 11.114 11.295 11.252 11.222 11.279 11.356 11.260 11.382 11.497 11.544 11.672 11.691
    7.786988 1.1000000  4.5471 -1.1816 11.055 11.163 11.341 11.295 11.266 11.321 11.397 11.299 11.420 11.533 11.578 11.704 11.724
    7.824624 1.1000000  4.5384 -1.2171 11.103 11.209 11.385 11.336 11.308 11.362 11.436 11.335 11.456 11.568 11.610 11.736 11.756
    7.860875 1.1000000  4.5297 -1.2525 11.150 11.254 11.426 11.375 11.349 11.400 11.473 11.371 11.490 11.601 11.641 11.766 11.786
    7.895967 1.1000000  4.5210 -1.2879 11.193 11.296 11.466 11.412 11.387 11.437 11.509 11.404 11.523 11.632 11.670 11.794 11.815
    7.929919 1.1000000  4.5123 -1.3234 11.235 11.337 11.504 11.448 11.423 11.472 11.542 11.436 11.554 11.663 11.699 11.822 11.842
    7.962868 1.1000000  4.5037 -1.3588 11.275 11.375 11.540 11.481 11.458 11.505 11.574 11.466 11.584 11.691 11.726 11.848 11.868
    7.994943 1.1000000  4.4950 -1.3943 11.312 11.411 11.574 11.513 11.491 11.537 11.605 11.495 11.612 11.718 11.751 11.872 11.893
    8.026215 1.1000000  4.4863 -1.4297 11.347 11.445 11.606 11.542 11.521 11.566 11.633 11.522 11.639 11.743 11.775 11.896 11.916
    8.056784 1.1000000  4.4775 -1.4653 11.380 11.477 11.636 11.571 11.550 11.594 11.660 11.547 11.664 11.767 11.798 11.918 11.938
    8.086485 1.1000000  4.4688 -1.5007 11.411 11.506 11.664 11.596 11.577 11.620 11.684 11.571 11.687 11.789 11.819 11.938 11.958
    8.115628 1.1000000  4.4601 -1.5361 11.439 11.533 11.689 11.620 11.601 11.643 11.707 11.592 11.708 11.809 11.838 11.956 11.977
    8.144282 1.1000000  4.4513 -1.5716 11.465 11.558 11.713 11.643 11.624 11.665 11.728 11.613 11.729 11.828 11.857 11.974 11.995
    8.172490 1.1000000  4.4426 -1.6070 11.488 11.580 11.735 11.663 11.645 11.685 11.747 11.631 11.747 11.845 11.874 11.990 12.011
    8.200268 1.1000000  4.4338 -1.6424 11.510 11.601 11.754 11.681 11.664 11.704 11.764 11.648 11.763 11.860 11.889 12.004 12.025
    8.227696 1.1000000  4.4251 -1.6778 11.529 11.619 11.772 11.697 11.681 11.720 11.779 11.663 11.779 11.874 11.903 12.017 12.038
    8.254831 1.1000000  4.4164 -1.7132 11.546 11.635 11.788 11.712 11.696 11.735 11.793 11.676 11.793 11.887 11.916 12.029 12.050
    8.281696 1.1000000  4.4077 -1.7486 11.564 11.652 11.805 11.728 11.712 11.750 11.808 11.691 11.807 11.900 11.929 12.042 12.063
    8.308321 1.1000000  4.3990 -1.7840 11.582 11.670 11.821 11.743 11.728 11.766 11.822 11.705 11.821 11.913 11.942 12.054 12.075
    8.334749 1.1000000  4.3903 -1.8194 11.599 11.686 11.837 11.758 11.743 11.781 11.836 11.719 11.835 11.926 11.954 12.067 12.088
    8.360999 1.1000000  4.3816 -1.8548 11.616 11.702 11.852 11.772 11.758 11.795 11.850 11.732 11.849 11.938 11.966 12.078 12.099
    8.387097 1.1000000  4.3729 -1.8902 11.638 11.724 11.873 11.791 11.778 11.814 11.869 11.750 11.867 11.955 11.983 12.094 12.115
    8.413033 1.1000000  4.3642 -1.9256 11.665 11.749 11.898 11.815 11.802 11.837 11.891 11.771 11.888 11.975 12.003 12.113 12.134
    8.438718 1.1000000  4.3554 -1.9610 11.694 11.777 11.924 11.840 11.828 11.863 11.915 11.794 11.910 11.997 12.024 12.134 12.154
    8.464296 1.1000000  4.3467 -1.9964 11.726 11.808 11.953 11.868 11.857 11.890 11.941 11.820 11.936 12.021 12.048 12.157 12.177
    8.489779 1.1000000  4.3379 -2.0318 11.760 11.840 11.984 11.899 11.888 11.920 11.970 11.847 11.962 12.047 12.074 12.181 12.202
    8.515160 1.1000000  4.3292 -2.0672 11.796 11.875 12.016 11.931 11.920 11.952 12.000 11.875 11.990 12.075 12.102 12.208 12.228
    8.540431 1.1000000  4.3203 -2.1026 11.833 11.911 12.050 11.964 11.954 11.984 12.031 11.904 12.019 12.104 12.130 12.235 12.256
    8.565579 1.1000000  4.3116 -2.1380 11.873 11.950 12.086 12.002 11.992 12.021 12.065 11.937 12.051 12.136 12.162 12.266 12.287
    8.590666 1.1000000  4.3029 -2.1733 11.916 11.991 12.124 12.040 12.031 12.059 12.101 11.971 12.085 12.170 12.195 12.298 12.319
    8.615782 1.1000000  4.2940 -2.2087 11.957 12.031 12.161 12.080 12.070 12.097 12.137 12.005 12.118 12.204 12.229 12.331 12.351
    8.640847 1.1000000  4.2855 -2.2440 12.001 12.074 12.200 12.121 12.112 12.137 12.176 12.041 12.153 12.240 12.265 12.366 12.386
    8.665915 1.1000000  4.2767 -2.2794 12.045 12.118 12.239 12.163 12.154 12.177 12.214 12.077 12.188 12.277 12.301 12.401 12.421
    8.691019 1.1000000  4.2679 -2.3148 12.090 12.162 12.279 12.206 12.197 12.219 12.254 12.114 12.224 12.314 12.338 12.437 12.457
    8.716173 1.1000000  4.2595 -2.3498 12.137 12.209 12.321 12.252 12.243 12.263 12.296 12.154 12.263 12.355 12.379 12.476 12.496
    8.741398 1.1000000  4.2504 -2.3854 12.183 12.255 12.361 12.297 12.287 12.306 12.336 12.192 12.300 12.393 12.417 12.513 12.532
    8.766350 1.1000000  4.2415 -2.4211 12.230 12.302 12.402 12.343 12.332 12.350 12.378 12.230 12.338 12.432 12.455 12.550 12.569
    8.791101 1.1000000  4.2325 -2.4566 12.278 12.348 12.442 12.388 12.377 12.393 12.420 12.269 12.376 12.470 12.493 12.587 12.606
    8.816021 1.1000000  4.2239 -2.4914 12.325 12.395 12.483 12.433 12.421 12.436 12.461 12.308 12.414 12.508 12.531 12.624 12.643
    8.841143 1.1000000  4.2155 -2.5258 12.373 12.442 12.525 12.478 12.467 12.480 12.502 12.347 12.452 12.547 12.569 12.660 12.679
    8.869889 1.1000000  4.2071 -2.5592 12.419 12.486 12.564 12.521 12.509 12.521 12.541 12.384 12.489 12.583 12.604 12.694 12.713
    8.898947 1.1000000  4.1993 -2.5911 12.463 12.530 12.603 12.562 12.551 12.561 12.579 12.420 12.524 12.617 12.638 12.726 12.745
    8.927390 1.1000000  4.1914 -2.6226 12.507 12.572 12.641 12.602 12.591 12.599 12.615 12.455 12.558 12.651 12.672 12.758 12.776
    8.956524 1.1000000  4.1837 -2.6533 12.550 12.614 12.678 12.641 12.631 12.637 12.651 12.489 12.592 12.683 12.703 12.788 12.807
    8.982875 1.1000000  4.1765 -2.6822 12.591 12.653 12.713 12.677 12.668 12.673 12.684 12.522 12.624 12.713 12.733 12.816 12.835
    9.007720 1.1000000  4.1696 -2.7101 12.631 12.691 12.747 12.713 12.704 12.707 12.717 12.553 12.655 12.742 12.762 12.843 12.862
    9.031337 1.1000000  4.1630 -2.7372 12.669 12.729 12.781 12.747 12.738 12.740 12.748 12.583 12.685 12.770 12.790 12.869 12.888
    9.053857 1.1000000  4.1564 -2.7636 12.707 12.765 12.813 12.780 12.772 12.772 12.778 12.612 12.713 12.797 12.816 12.894 12.913
    9.074599 1.1000000  4.1500 -2.7892 12.744 12.800 12.844 12.812 12.804 12.803 12.807 12.640 12.741 12.823 12.841 12.917 12.936
    9.095373 1.1000000  4.1438 -2.8142 12.780 12.835 12.875 12.843 12.836 12.833 12.836 12.668 12.769 12.849 12.866 12.941 12.960
    9.114181 1.1000000  4.1378 -2.8384 12.816 12.868 12.905 12.874 12.867 12.863 12.863 12.695 12.796 12.873 12.891 12.963 12.982
    9.132315 1.1000000  4.1319 -2.8623 12.852 12.902 12.935 12.904 12.898 12.892 12.891 12.722 12.822 12.897 12.914 12.986 13.005
    9.150766 1.1000000  4.1258 -2.8862 12.887 12.936 12.965 12.933 12.928 12.921 12.917 12.747 12.848 12.921 12.938 13.007 13.026
    9.168410 1.1000000  4.1201 -2.9089 12.922 12.968 12.994 12.962 12.958 12.949 12.943 12.773 12.873 12.944 12.960 13.028 13.047
    9.184830 1.1000000  4.1147 -2.9307 12.955 12.999 13.023 12.990 12.987 12.976 12.969 12.797 12.898 12.966 12.982 13.049 13.068
    9.200496 1.1000000  4.1095 -2.9516 12.988 13.030 13.051 13.017 13.015 13.003 12.994 12.821 12.922 12.988 13.004 13.069 13.088
    9.216217 1.1000000  4.1046 -2.9717 13.019 13.060 13.078 13.043 13.042 13.028 13.018 12.845 12.945 13.009 13.024 13.088 13.107
    9.229985 1.1000000  4.0997 -2.9916 13.051 13.090 13.105 13.069 13.069 13.054 13.042 12.868 12.968 13.031 13.045 13.108 13.127
    9.244844 1.1000000  4.0949 -3.0112 13.082 13.119 13.132 13.095 13.096 13.079 13.065 12.891 12.991 13.051 13.066 13.127 13.146
    9.258056 1.1000000  4.0901 -3.0305 13.113 13.149 13.159 13.121 13.122 13.104 13.088 12.913 13.014 13.072 13.086 13.145 13.164
    9.272301 1.1000000  4.0854 -3.0494 13.144 13.177 13.186 13.146 13.148 13.129 13.111 12.936 13.036 13.092 13.106 13.164 13.183
    9.284668 1.1000000  4.0809 -3.0676 13.174 13.205 13.211 13.170 13.174 13.153 13.134 12.957 13.057 13.112 13.125 13.181 13.200
    9.298104 1.1000000  4.0765 -3.0856 13.204 13.233 13.237 13.195 13.199 13.177 13.156 12.979 13.079 13.132 13.144 13.199 13.218
    9.308908 1.1000000  4.0721 -3.1033 13.234 13.261 13.263 13.219 13.224 13.201 13.178 13.001 13.101 13.151 13.163 13.217 13.236
    9.320303 1.1000000  4.0677 -3.1209 13.264 13.289 13.289 13.244 13.249 13.225 13.200 13.022 13.122 13.171 13.182 13.234 13.254
    9.329433 1.1000000  4.0634 -3.1381 13.293 13.317 13.315 13.267 13.274 13.248 13.222 13.043 13.143 13.190 13.201 13.252 13.271
    9.339541 1.1000000  4.0592 -3.1550 13.323 13.344 13.340 13.291 13.299 13.271 13.244 13.064 13.164 13.209 13.219 13.269 13.288
    9.350499 1.1000000  4.0551 -3.1715 13.351 13.371 13.365 13.314 13.323 13.294 13.265 13.085 13.185 13.227 13.238 13.286 13.305
    9.361101 1.1000000  4.0511 -3.1878 13.380 13.398 13.390 13.338 13.347 13.317 13.286 13.106 13.205 13.246 13.256 13.302 13.322
    9.370551 1.1000000  4.0471 -3.2038 13.409 13.425 13.415 13.361 13.371 13.340 13.307 13.126 13.225 13.264 13.274 13.319 13.339
    9.380710 1.1000000  4.0431 -3.2197 13.437 13.451 13.439 13.383 13.395 13.362 13.328 13.146 13.246 13.282 13.291 13.335 13.355
    9.389642 1.1000000  4.0392 -3.2354 13.466 13.478 13.464 13.407 13.419 13.385 13.349 13.167 13.266 13.301 13.310 13.352 13.372
    9.398410 1.1000000  4.0354 -3.2508 13.495 13.505 13.489 13.430 13.443 13.408 13.370 13.187 13.287 13.320 13.328 13.369 13.389
    9.407022 1.1000000  4.0316 -3.2660 13.523 13.531 13.514 13.453 13.467 13.430 13.391 13.208 13.307 13.338 13.346 13.386 13.406
    9.415476 1.1000000  4.0279 -3.2810 13.552 13.558 13.539 13.476 13.491 13.453 13.413 13.228 13.328 13.357 13.364 13.403 13.423
    9.423776 1.1000000  4.0242 -3.2958 13.580 13.585 13.564 13.499 13.515 13.476 13.434 13.249 13.348 13.376 13.383 13.420 13.440
    9.431848 1.1000000  4.0206 -3.3104 13.608 13.611 13.589 13.522 13.539 13.498 13.455 13.269 13.368 13.394 13.401 13.436 13.457
    9.438881 1.1000000  4.0170 -3.3248 13.636 13.637 13.613 13.545 13.563 13.521 13.476 13.289 13.388 13.413 13.419 13.453 13.473
    9.446772 1.1000000  4.0135 -3.3390 13.664 13.664 13.638 13.568 13.586 13.543 13.497 13.310 13.409 13.431 13.437 13.470 13.490
    9.454462 1.1000000  4.0099 -3.3531 13.692 13.690 13.662 13.590 13.610 13.566 13.518 13.330 13.429 13.449 13.455 13.487 13.507
    9.461134 1.1000000  4.0065 -3.3670 13.720 13.716 13.687 13.613 13.633 13.588 13.538 13.350 13.449 13.468 13.473 13.503 13.523
    9.468584 1.1000000  4.0030 -3.3807 13.748 13.742 13.711 13.636 13.657 13.610 13.559 13.370 13.469 13.486 13.491 13.520 13.540
    9.474978 1.1000000  3.9997 -3.3941 13.775 13.768 13.735 13.658 13.680 13.632 13.580 13.389 13.488 13.504 13.508 13.536 13.556
    9.481521 1.1000000  3.9964 -3.4074 13.802 13.793 13.759 13.680 13.702 13.654 13.600 13.409 13.508 13.521 13.525 13.552 13.572
    9.487761 1.1000000  3.9931 -3.4205 13.829 13.818 13.783 13.701 13.725 13.675 13.619 13.428 13.527 13.538 13.542 13.567 13.587
    9.494358 1.1000000  3.9899 -3.4334 13.856 13.842 13.806 13.723 13.747 13.696 13.639 13.447 13.545 13.555 13.559 13.582 13.602
    9.500404 1.1000000  3.9868 -3.4460 13.882 13.867 13.829 13.744 13.769 13.717 13.658 13.465 13.564 13.572 13.575 13.597 13.617
    9.506787 1.1000000  3.9859 -3.4499 13.890 13.874 13.836 13.750 13.776 13.723 13.664 13.471 13.570 13.577 13.580 13.602 13.622
    9.512584 1.1000000  3.9850 -3.4533 13.897 13.881 13.842 13.756 13.782 13.729 13.670 13.476 13.575 13.582 13.585 13.606 13.627
    9.518310 1.1000000  3.9843 -3.4565 13.904 13.887 13.848 13.762 13.788 13.734 13.675 13.481 13.580 13.586 13.589 13.610 13.631
    9.524342 1.1000000  3.9835 -3.4597 13.911 13.893 13.854 13.767 13.793 13.740 13.680 13.486 13.584 13.591 13.593 13.614 13.635
    9.529846 1.1000000  3.9827 -3.4629 13.917 13.900 13.860 13.772 13.799 13.745 13.685 13.491 13.589 13.595 13.597 13.618 13.638
    9.535443 1.1000000  3.9819 -3.4663 13.924 13.906 13.866 13.778 13.805 13.751 13.690 13.496 13.594 13.600 13.602 13.622 13.643
    9.540751 1.1000000  3.9810 -3.4697 13.932 13.913 13.872 13.784 13.811 13.756 13.695 13.501 13.599 13.604 13.606 13.626 13.647
    9.545968 1.1000000  3.9802 -3.4733 13.939 13.920 13.879 13.790 13.817 13.762 13.701 13.506 13.605 13.609 13.611 13.630 13.651
    9.551111 1.1000000  3.9793 -3.4769 13.947 13.927 13.886 13.796 13.824 13.768 13.707 13.512 13.610 13.614 13.616 13.634 13.655
    9.556169 1.1000000  3.9783 -3.4806 13.955 13.934 13.893 13.803 13.830 13.775 13.712 13.517 13.616 13.619 13.621 13.639 13.660
    9.561144 1.1000000  3.9774 -3.4844 13.963 13.942 13.900 13.809 13.837 13.781 13.718 13.523 13.621 13.624 13.625 13.643 13.664
    9.566039 1.1000000  3.9764 -3.4883 13.971 13.949 13.907 13.816 13.844 13.788 13.724 13.529 13.627 13.629 13.631 13.648 13.669
    9.570858 1.1000000  3.9754 -3.4923 13.980 13.957 13.914 13.823 13.851 13.794 13.731 13.535 13.633 13.635 13.636 13.653 13.674
    9.575602 1.1000000  3.9744 -3.4964 13.988 13.965 13.922 13.830 13.858 13.801 13.737 13.541 13.639 13.640 13.641 13.658 13.679
    9.580273 1.1000000  3.9733 -3.5006 13.997 13.974 13.930 13.837 13.866 13.808 13.744 13.547 13.646 13.646 13.647 13.663 13.684
    9.584889 1.1000000  3.9722 -3.5051 14.007 13.983 13.938 13.845 13.874 13.816 13.751 13.554 13.652 13.652 13.653 13.669 13.690
    9.589446 1.1000000  3.9711 -3.5098 14.017 13.992 13.947 13.853 13.883 13.824 13.758 13.561 13.660 13.659 13.659 13.674 13.695
    9.593931 1.1000000  3.9699 -3.5147 14.028 14.002 13.956 13.861 13.892 13.832 13.766 13.569 13.667 13.665 13.666 13.680 13.702
    9.598347 1.1000000  3.9686 -3.5197 14.039 14.012 13.966 13.870 13.901 13.841 13.774 13.576 13.675 13.672 13.673 13.687 13.708
    9.602120 1.1000000  3.9674 -3.5247 14.050 14.022 13.975 13.879 13.910 13.850 13.782 13.584 13.683 13.679 13.679 13.693 13.714
    9.606584 1.1000000  3.9661 -3.5298 14.061 14.033 13.985 13.888 13.919 13.858 13.791 13.592 13.690 13.686 13.686 13.699 13.720
    9.610557 1.1000000  3.9648 -3.5351 14.072 14.044 13.995 13.897 13.929 13.868 13.799 13.600 13.699 13.694 13.694 13.706 13.727
    9.614700 1.1000000  3.9634 -3.5406 14.084 14.055 14.006 13.907 13.939 13.877 13.808 13.609 13.707 13.701 13.701 13.713 13.734
    9.618589 1.1000000  3.9620 -3.5463 14.097 14.067 14.017 13.917 13.950 13.887 13.817 13.618 13.716 13.709 13.709 13.720 13.741
    9.622576 1.1000000  3.9606 -3.5521 14.110 14.078 14.028 13.927 13.960 13.897 13.827 13.627 13.725 13.718 13.717 13.727 13.748
    9.626522 1.1000000  3.9590 -3.5581 14.123 14.091 14.040 13.938 13.971 13.908 13.837 13.636 13.734 13.726 13.725 13.735 13.756
    9.630294 1.1000000  3.9575 -3.5643 14.137 14.104 14.052 13.949 13.983 13.919 13.847 13.646 13.744 13.735 13.733 13.743 13.764
    9.634160 1.1000000  3.9559 -3.5708 14.152 14.117 14.064 13.961 13.995 13.930 13.857 13.656 13.754 13.744 13.743 13.751 13.772
    9.637898 1.1000000  3.9542 -3.5774 14.166 14.131 14.077 13.973 14.008 13.942 13.868 13.666 13.765 13.753 13.752 13.760 13.780
    9.641569 1.1000000  3.9525 -3.5843 14.182 14.145 14.091 13.985 14.021 13.954 13.880 13.677 13.776 13.763 13.761 13.769 13.789
    9.645270 1.1000000  3.9507 -3.5914 14.198 14.160 14.105 13.998 14.034 13.967 13.892 13.689 13.787 13.773 13.771 13.778 13.798
    9.648872 1.1000000  3.9489 -3.5987 14.215 14.176 14.119 14.012 14.048 13.980 13.904 13.700 13.799 13.784 13.782 13.787 13.808
    9.652504 1.1000000  3.9471 -3.6062 14.232 14.192 14.134 14.025 14.063 13.993 13.917 13.713 13.811 13.795 13.792 13.797 13.818
    9.656050 1.1000000  3.9451 -3.6139 14.250 14.208 14.150 14.040 14.077 14.007 13.930 13.725 13.824 13.806 13.803 13.807 13.828
    9.659507 1.1000000  3.9432 -3.6219 14.268 14.225 14.166 14.054 14.093 14.022 13.943 13.738 13.837 13.818 13.815 13.818 13.838
    9.662985 1.1000000  3.9411 -3.6302 14.287 14.243 14.183 14.070 14.109 14.037 13.958 13.752 13.850 13.830 13.827 13.829 13.849
    9.666441 1.1000000  3.9390 -3.6387 14.307 14.262 14.200 14.086 14.126 14.052 13.972 13.766 13.864 13.843 13.839 13.840 13.861
    9.669812 1.1000000  3.9368 -3.6474 14.328 14.281 14.218 14.102 14.143 14.068 13.987 13.780 13.879 13.856 13.852 13.852 13.872
    9.673144 1.1000000  3.9346 -3.6563 14.348 14.300 14.236 14.119 14.160 14.085 14.003 13.795 13.893 13.869 13.865 13.864 13.884
    9.676485 1.1000000  3.9323 -3.6656 14.371 14.321 14.256 14.137 14.179 14.102 14.019 13.811 13.909 13.883 13.878 13.876 13.897
    9.679751 1.1000000  3.9299 -3.6751 14.393 14.342 14.275 14.155 14.198 14.120 14.036 13.827 13.925 13.898 13.892 13.889 13.909
    9.682993 1.1000000  3.9274 -3.6849 14.416 14.363 14.296 14.174 14.217 14.138 14.053 13.843 13.941 13.913 13.907 13.902 13.923
    9.686204 1.1000000  3.9249 -3.6950 14.441 14.386 14.317 14.193 14.237 14.157 14.071 13.860 13.958 13.928 13.921 13.916 13.936
    9.689371 1.1000000  3.9223 -3.7054 14.466 14.409 14.339 14.213 14.258 14.177 14.089 13.878 13.976 13.944 13.937 13.930 13.950
    9.692515 1.1000000  3.9197 -3.7160 14.491 14.433 14.361 14.234 14.280 14.197 14.108 13.896 13.994 13.960 13.952 13.944 13.965
    9.695614 1.1000000  3.9170 -3.7270 14.518 14.457 14.384 14.255 14.302 14.218 14.127 13.915 14.012 13.976 13.969 13.959 13.980
    9.698660 1.1000000  3.9142 -3.7382 14.545 14.483 14.408 14.277 14.325 14.239 14.147 13.934 14.031 13.993 13.986 13.974 13.995
    9.701709 1.1000000  3.9113 -3.7496 14.573 14.509 14.433 14.299 14.348 14.261 14.167 13.953 14.051 14.011 14.003 13.990 14.011
    9.704747 1.1000000  3.9084 -3.7612 14.602 14.535 14.458 14.322 14.372 14.283 14.188 13.973 14.071 14.029 14.020 14.006 14.027
    9.707744 1.1000000  3.9055 -3.7732 14.631 14.563 14.483 14.346 14.397 14.307 14.210 13.994 14.091 14.047 14.038 14.022 14.043
    9.710707 1.1000000  3.9024 -3.7855 14.662 14.591 14.510 14.370 14.422 14.331 14.232 14.015 14.113 14.066 14.057 14.039 14.060
    9.713607 1.1000000  3.8992 -3.7981 14.693 14.621 14.538 14.395 14.448 14.355 14.255 14.037 14.134 14.086 14.076 14.056 14.077
    9.716484 1.1000000  3.8960 -3.8110 14.726 14.651 14.566 14.421 14.475 14.380 14.278 14.060 14.157 14.106 14.096 14.074 14.095
    9.719338 1.1000000  3.8927 -3.8242 14.759 14.682 14.595 14.448 14.503 14.406 14.302 14.083 14.180 14.126 14.116 14.093 14.114
    9.722178 1.1000000  3.8894 -3.8376 14.794 14.714 14.625 14.475 14.531 14.433 14.327 14.107 14.204 14.147 14.136 14.111 14.133
    9.724995 1.1000000  3.8860 -3.8514 14.829 14.746 14.656 14.503 14.560 14.460 14.353 14.131 14.228 14.169 14.157 14.130 14.152
    9.727802 1.1000000  3.8824 -3.8657 14.866 14.780 14.688 14.532 14.591 14.489 14.379 14.156 14.254 14.192 14.179 14.150 14.172
    9.730594 1.1000000  3.8788 -3.8803 14.904 14.816 14.720 14.563 14.622 14.518 14.406 14.183 14.280 14.215 14.202 14.171 14.193
    9.733359 1.1000000  3.8751 -3.8951 14.943 14.851 14.754 14.593 14.654 14.548 14.434 14.209 14.306 14.239 14.225 14.192 14.214
    9.736103 1.1000000  3.8712 -3.9108 14.984 14.890 14.790 14.626 14.688 14.580 14.464 14.238 14.335 14.264 14.249 14.214 14.236
    9.738837 1.1000000  3.8672 -3.9268 15.027 14.929 14.827 14.660 14.723 14.613 14.494 14.267 14.364 14.290 14.274 14.237 14.259
    9.741549 1.1000000  3.8632 -3.9429 15.070 14.969 14.864 14.694 14.759 14.646 14.525 14.296 14.393 14.316 14.300 14.260 14.282
    9.744252 1.1000000  3.8590 -3.9595 15.115 15.010 14.903 14.729 14.796 14.680 14.557 14.327 14.424 14.343 14.326 14.284 14.306
    9.746934 1.1000000  3.8548 -3.9766 15.162 15.053 14.944 14.766 14.834 14.716 14.590 14.358 14.455 14.371 14.354 14.309 14.331
    9.749598 1.1000000  3.8504 -3.9940 15.210 15.097 14.985 14.803 14.874 14.753 14.624 14.391 14.488 14.400 14.381 14.334 14.357
    9.752244 1.1000000  3.8459 -4.0121 15.261 15.144 15.029 14.842 14.915 14.791 14.660 14.424 14.521 14.430 14.411 14.361 14.383
    9.754885 1.1000000  3.8413 -4.0307 15.313 15.192 15.074 14.883 14.958 14.831 14.697 14.460 14.557 14.461 14.441 14.389 14.411
    9.757497 1.1000000  3.8365 -4.0498 15.368 15.241 15.120 14.926 15.002 14.872 14.735 14.496 14.593 14.493 14.472 14.417 14.439
    9.760099 1.1000000  3.8316 -4.0694 15.424 15.293 15.169 14.969 15.048 14.914 14.775 14.534 14.630 14.526 14.504 14.446 14.468
    9.762686 1.1000000  3.8266 -4.0895 15.482 15.346 15.219 15.015 15.095 14.958 14.816 14.573 14.669 14.561 14.537 14.476 14.498
    9.765258 1.1000000  3.8213 -4.1107 15.545 15.403 15.272 15.063 15.145 15.005 14.859 14.614 14.710 14.597 14.573 14.507 14.530
    9.767807 1.1000000  3.8158 -4.1325 15.610 15.462 15.327 15.113 15.198 15.053 14.904 14.657 14.753 14.634 14.609 14.540 14.563
    9.770349 1.1000000  3.8102 -4.1549 15.677 15.524 15.385 15.165 15.252 15.103 14.951 14.702 14.797 14.673 14.647 14.574 14.597
    9.772880 1.1000000  3.8045 -4.1780 15.749 15.589 15.445 15.220 15.309 15.156 14.999 14.748 14.844 14.714 14.686 14.609 14.632
    9.775386 1.1000000  3.7985 -4.2019 15.824 15.657 15.509 15.276 15.368 15.211 15.050 14.796 14.892 14.756 14.727 14.646 14.670
    9.777877 1.1000000  3.7925 -4.2259 15.900 15.726 15.573 15.334 15.429 15.267 15.101 14.845 14.941 14.799 14.768 14.683 14.707
    9.780368 1.1000000  3.7863 -4.2508 15.981 15.799 15.641 15.395 15.493 15.325 15.155 14.897 14.992 14.843 14.811 14.722 14.746
    9.782836 1.1000000  3.7798 -4.2769 16.066 15.876 15.713 15.459 15.561 15.387 15.212 14.951 15.046 14.891 14.857 14.764 14.788
    9.785288 1.1000000  3.7732 -4.3033 16.156 15.957 15.788 15.526 15.631 15.451 15.271 15.007 15.102 14.939 14.904 14.806 14.830
    9.787728 1.1000000  3.7663 -4.3307 16.251 16.042 15.867 15.596 15.705 15.519 15.333 15.066 15.161 14.990 14.953 14.850 14.874
    9.790158 1.1000000  3.7593 -4.3590 16.352 16.132 15.950 15.670 15.783 15.590 15.398 15.127 15.223 15.043 15.005 14.895 14.920
    9.792572 1.1000000  3.7520 -4.3880 16.458 16.227 16.038 15.747 15.864 15.664 15.466 15.191 15.286 15.099 15.058 14.943 14.968
    9.794971 1.1000000  3.7446 -4.4177 16.569 16.325 16.129 15.827 15.948 15.740 15.537 15.258 15.353 15.156 15.113 14.992 15.017
    9.797364 1.1000000  3.7369 -4.4483 16.687 16.430 16.226 15.913 16.038 15.822 15.611 15.328 15.423 15.216 15.171 15.043 15.069
    9.799728 1.1000000  3.7290 -4.4799 16.815 16.543 16.330 16.005 16.135 15.909 15.691 15.404 15.499 15.281 15.234 15.099 15.124
    9.802092 1.1000000  3.7209 -4.5124 16.951 16.663 16.441 16.102 16.238 16.001 15.776 15.483 15.578 15.349 15.299 15.157 15.183
    9.804434 1.1000000  3.7125 -4.5462 17.096 16.791 16.559 16.206 16.347 16.099 15.865 15.568 15.663 15.421 15.368 15.218 15.245
    9.806776 1.1000000  3.7038 -4.5809 17.248 16.925 16.684 16.314 16.462 16.202 15.960 15.658 15.752 15.497 15.441 15.282 15.309
    9.809097 1.1000000  3.6950 -4.6160 17.407 17.065 16.814 16.428 16.581 16.309 16.058 15.751 15.845 15.576 15.516 15.349 15.376
    9.811411 1.1000000  3.6860 -4.6521 17.576 17.213 16.952 16.548 16.708 16.422 16.162 15.849 15.943 15.659 15.596 15.419 15.447
    9.813657 1.1000000  3.6769 -4.6884 17.751 17.367 17.095 16.672 16.840 16.539 16.269 15.950 16.044 15.744 15.679 15.492 15.520
    9.815843 1.1000000  3.6679 -4.7247 17.931 17.525 17.242 16.800 16.975 16.659 16.380 16.055 16.148 15.832 15.763 15.567 15.595
    9.817969 1.1000000  3.6588 -4.7609 18.115 17.686 17.393 16.932 17.114 16.782 16.494 16.163 16.255 15.923 15.849 15.643 15.672
    9.820050 1.1000000  3.6498 -4.7971 18.304 17.852 17.549 17.068 17.257 16.909 16.610 16.273 16.365 16.015 15.938 15.721 15.751
    9.822087 1.1000000  3.6407 -4.8334 18.500 18.024 17.711 17.208 17.404 17.039 16.731 16.387 16.479 16.111 16.030 15.802 15.832
    9.824067 1.1000000  3.6316 -4.8696 18.700 18.199 17.876 17.352 17.555 17.172 16.854 16.504 16.595 16.209 16.124 15.884 15.915
    9.825999 1.1000000  3.6226 -4.9058 18.905 18.379 18.046 17.500 17.710 17.308 16.980 16.623 16.715 16.310 16.220 15.969 16.000
    9.827911 1.1000000  3.6136 -4.9419 19.113 18.562 18.220 17.651 17.869 17.447 17.109 16.746 16.837 16.412 16.318 16.055 16.087
    9.829788 1.1000000  3.6046 -4.9780 19.327 18.749 18.398 17.805 18.031 17.590 17.242 16.871 16.962 16.517 16.418 16.143 16.176
    9.831649 1.1000000  3.5955 -5.0141 19.545 18.940 18.582 17.964 18.197 17.735 17.378 17.000 17.090 16.624 16.520 16.233 16.267
    9.833485 1.1000000  3.5865 -5.0501 19.768 19.136 18.769 18.127 18.368 17.884 17.517 17.132 17.222 16.734 16.625 16.325 16.360
    9.835316 1.1000000  3.5776 -5.0859 19.995 19.335 18.960 18.293 18.541 18.035 17.658 17.267 17.356 16.846 16.732 16.418 16.454
    9.837189 1.1000000  3.5686 -5.1217 20.228 19.540 19.157 18.464 18.719 18.190 17.803 17.405 17.494 16.961 16.841 16.514 16.551
