#   log(t)       Mwd   log(Teff)log(L/Lo) F435W F475  F502N  F550M  F555W  F606W  F625W  F658N  F660N  F775W  F814W  F850LP F892N
    6.123356 0.6800000  5.0225  1.4699  5.572  6.008  5.525  6.267  6.283  6.277  6.102  5.910  5.946  6.196  6.260  6.789  6.708
    6.124706 0.6800000  5.0156  1.4382  5.633  6.065  5.596  6.326  6.340  6.336  6.166  5.975  6.014  6.266  6.329  6.850  6.771
    6.126723 0.6800000  5.0090  1.4069  5.692  6.120  5.664  6.383  6.395  6.392  6.228  6.037  6.079  6.334  6.395  6.911  6.833
    6.129736 0.6800000  5.0025  1.3751  5.749  6.174  5.730  6.439  6.450  6.447  6.288  6.098  6.143  6.401  6.461  6.971  6.893
    6.133918 0.6800000  4.9959  1.3421  5.806  6.227  5.796  6.496  6.504  6.502  6.349  6.160  6.208  6.469  6.528  7.032  6.955
    6.139093 0.6800000  4.9893  1.3080  5.864  6.282  5.864  6.554  6.561  6.559  6.412  6.222  6.274  6.539  6.596  7.094  7.018
    6.144937 0.6800000  4.9825  1.2733  5.923  6.337  5.933  6.612  6.618  6.617  6.476  6.287  6.341  6.610  6.666  7.159  7.082
    6.151322 0.6800000  4.9757  1.2381  5.985  6.395  6.005  6.673  6.677  6.677  6.541  6.353  6.411  6.683  6.737  7.224  7.148
    6.157985 0.6800000  4.9687  1.2027  6.048  6.454  6.078  6.735  6.737  6.738  6.608  6.421  6.482  6.756  6.810  7.291  7.215
    6.164870 0.6800000  4.9617  1.1672  6.114  6.515  6.153  6.798  6.798  6.800  6.677  6.491  6.555  6.831  6.884  7.358  7.283
    6.171939 0.6800000  4.9546  1.1317  6.181  6.578  6.230  6.862  6.860  6.864  6.747  6.562  6.629  6.906  6.959  7.426  7.352
    6.179167 0.6800000  4.9475  1.0961  6.249  6.642  6.308  6.928  6.924  6.928  6.818  6.635  6.704  6.983  7.034  7.494  7.422
    6.186549 0.6800000  4.9402  1.0606  6.320  6.707  6.389  6.994  6.989  6.994  6.890  6.709  6.780  7.060  7.111  7.564  7.492
    6.194058 0.6800000  4.9329  1.0249  6.392  6.774  6.470  7.061  7.054  7.061  6.964  6.784  6.858  7.138  7.188  7.633  7.563
    6.201655 0.6800000  4.9254  0.9892  6.466  6.842  6.553  7.130  7.121  7.130  7.038  6.860  6.936  7.216  7.266  7.704  7.635
    6.209296 0.6800000  4.9179  0.9536  6.542  6.911  6.638  7.199  7.189  7.199  7.114  6.938  7.016  7.295  7.344  7.774  7.707
    6.217066 0.6800000  4.9103  0.9181  6.617  6.981  6.722  7.269  7.256  7.268  7.189  7.016  7.095  7.373  7.423  7.844  7.779
    6.225022 0.6800000  4.9027  0.8826  6.694  7.051  6.807  7.338  7.324  7.338  7.265  7.094  7.175  7.452  7.501  7.914  7.851
    6.233166 0.6800000  4.8951  0.8471  6.770  7.122  6.892  7.408  7.393  7.408  7.341  7.172  7.254  7.530  7.579  7.984  7.923
    6.241470 0.6800000  4.8874  0.8115  6.848  7.193  6.978  7.478  7.461  7.478  7.417  7.250  7.334  7.608  7.657  8.054  7.994
    6.249954 0.6800000  4.8797  0.7760  6.925  7.264  7.063  7.548  7.530  7.548  7.493  7.328  7.413  7.686  7.734  8.123  8.066
    6.258639 0.6800000  4.8720  0.7405  7.003  7.336  7.149  7.618  7.598  7.618  7.569  7.406  7.493  7.763  7.812  8.192  8.137
    6.267469 0.6800000  4.8643  0.7050  7.081  7.408  7.234  7.688  7.667  7.688  7.645  7.484  7.572  7.840  7.888  8.261  8.208
    6.276487 0.6800000  4.8565  0.6695  7.159  7.480  7.320  7.758  7.736  7.759  7.721  7.562  7.651  7.917  7.965  8.330  8.279
    6.285686 0.6800000  4.8487  0.6339  7.238  7.552  7.405  7.828  7.805  7.829  7.796  7.640  7.730  7.994  8.041  8.398  8.349
    6.295075 0.6800000  4.8409  0.5985  7.316  7.624  7.490  7.898  7.873  7.899  7.871  7.717  7.809  8.070  8.117  8.466  8.419
    6.304654 0.6800000  4.8330  0.5629  7.394  7.696  7.575  7.967  7.942  7.969  7.946  7.794  7.887  8.145  8.192  8.533  8.489
    6.314433 0.6800000  4.8252  0.5275  7.472  7.767  7.659  8.037  8.010  8.038  8.021  7.871  7.964  8.220  8.267  8.600  8.558
    6.324434 0.6800000  4.8173  0.4920  7.550  7.839  7.743  8.106  8.078  8.108  8.095  7.947  8.041  8.294  8.341  8.666  8.626
    6.334629 0.6800000  4.8094  0.4565  7.628  7.910  7.826  8.174  8.145  8.177  8.169  8.023  8.118  8.368  8.414  8.732  8.694
    6.345047 0.6800000  4.8014  0.4211  7.703  7.979  7.908  8.241  8.211  8.244  8.241  8.098  8.193  8.440  8.487  8.797  8.761
    6.355690 0.6800000  4.7935  0.3856  7.777  8.046  7.989  8.305  8.274  8.308  8.313  8.172  8.268  8.512  8.560  8.862  8.827
    6.366551 0.6800000  4.7855  0.3501  7.850  8.113  8.070  8.369  8.337  8.373  8.384  8.246  8.342  8.583  8.632  8.926  8.892
    6.377635 0.6800000  4.7776  0.3147  7.924  8.180  8.150  8.433  8.400  8.437  8.454  8.319  8.415  8.653  8.702  8.989  8.957
    6.388946 0.6800000  4.7696  0.2792  7.997  8.248  8.229  8.497  8.464  8.502  8.524  8.391  8.488  8.723  8.773  9.052  9.021
    6.400466 0.6800000  4.7615  0.2438  8.071  8.315  8.308  8.561  8.527  8.567  8.594  8.463  8.560  8.792  8.842  9.114  9.084
    6.412195 0.6800000  4.7535  0.2083  8.144  8.382  8.387  8.625  8.590  8.631  8.663  8.534  8.632  8.861  8.910  9.176  9.147
    6.424142 0.6800000  4.7454  0.1728  8.218  8.450  8.465  8.689  8.653  8.695  8.732  8.605  8.703  8.928  8.978  9.236  9.210
    6.436299 0.6800000  4.7373  0.1374  8.291  8.517  8.542  8.753  8.716  8.759  8.799  8.674  8.773  8.995  9.045  9.296  9.271
    6.448648 0.6800000  4.7291  0.1020  8.363  8.584  8.618  8.816  8.779  8.823  8.867  8.743  8.842  9.060  9.110  9.355  9.332
    6.461314 0.6800000  4.7210  0.0666  8.435  8.650  8.694  8.878  8.841  8.886  8.933  8.811  8.910  9.125  9.175  9.413  9.392
    6.474299 0.6800000  4.7128  0.0313  8.507  8.716  8.768  8.940  8.902  8.948  8.998  8.878  8.977  9.189  9.238  9.470  9.451
    6.487642 0.6800000  4.7047 -0.0040  8.577  8.781  8.842  9.001  8.963  9.010  9.063  8.943  9.044  9.252  9.301  9.526  9.509
    6.501311 0.6800000  4.6965 -0.0394  8.648  8.846  8.914  9.062  9.024  9.071  9.127  9.008  9.109  9.314  9.362  9.582  9.567
    6.515358 0.6800000  4.6883 -0.0747  8.717  8.910  8.986  9.122  9.084  9.132  9.190  9.072  9.174  9.375  9.423  9.637  9.624
    6.529767 0.6800000  4.6802 -0.1099  8.786  8.973  9.056  9.182  9.143  9.191  9.252  9.135  9.237  9.435  9.482  9.690  9.679
    6.544580 0.6800000  4.6720 -0.1452  8.854  9.036  9.126  9.240  9.202  9.250  9.313  9.197  9.300  9.494  9.541  9.743  9.734
    6.559860 0.6800000  4.6638 -0.1804  8.921  9.098  9.194  9.298  9.260  9.309  9.373  9.258  9.361  9.552  9.598  9.795  9.788
    6.575589 0.6800000  4.6557 -0.2156  8.987  9.160  9.262  9.355  9.317  9.367  9.432  9.318  9.421  9.609  9.654  9.847  9.841
    6.591893 0.6800000  4.6475 -0.2508  9.052  9.221  9.328  9.412  9.374  9.423  9.491  9.377  9.481  9.665  9.709  9.897  9.893
    6.608695 0.6800000  4.6394 -0.2858  9.116  9.280  9.393  9.467  9.429  9.479  9.548  9.434  9.539  9.719  9.763  9.946  9.944
    6.626237 0.6800000  4.6313 -0.3209  9.180  9.339  9.456  9.522  9.484  9.534  9.604  9.491  9.596  9.773  9.816  9.994  9.994
    6.644467 0.6800000  4.6232 -0.3559  9.242  9.397  9.519  9.576  9.538  9.589  9.659  9.546  9.652  9.826  9.868 10.042 10.044
    6.663473 0.6800000  4.6151 -0.3909  9.303  9.454  9.580  9.629  9.591  9.642  9.713  9.601  9.706  9.877  9.919 10.088 10.092
    6.683281 0.6800000  4.6070 -0.4259  9.364  9.511  9.641  9.681  9.644  9.695  9.766  9.654  9.760  9.928  9.969 10.134 10.139
    6.703962 0.6800000  4.5988 -0.4608  9.423  9.566  9.700  9.732  9.695  9.746  9.818  9.706  9.813  9.977 10.017 10.179 10.185
    6.725603 0.6800000  4.5907 -0.4957  9.481  9.620  9.757  9.782  9.746  9.796  9.869  9.757  9.864 10.025 10.065 10.222 10.230
    6.748145 0.6800000  4.5825 -0.5306  9.538  9.674  9.814  9.831  9.795  9.846  9.919  9.807  9.914 10.072 10.111 10.264 10.274
    6.771525 0.6800000  4.5743 -0.5655  9.594  9.726  9.869  9.879  9.844  9.894  9.967  9.855  9.963 10.117 10.156 10.306 10.317
    6.796028 0.6800000  4.5662 -0.6002  9.649  9.777  9.922  9.926  9.891  9.941 10.014  9.902 10.010 10.162 10.199 10.346 10.358
    6.821739 0.6800000  4.5580 -0.6349  9.702  9.827  9.974  9.971  9.937  9.987 10.060  9.947 10.056 10.205 10.242 10.385 10.399
    6.848785 0.6800000  4.5499 -0.6696  9.754  9.876 10.025 10.016  9.983 10.032 10.104  9.992 10.101 10.247 10.283 10.423 10.438
    6.877227 0.6800000  4.5418 -0.7042  9.805  9.923 10.075 10.060 10.027 10.076 10.148 10.035 10.145 10.288 10.323 10.461 10.477
    6.907046 0.6800000  4.5336 -0.7389  9.855  9.970 10.123 10.102 10.071 10.119 10.191 10.077 10.187 10.328 10.362 10.497 10.514
    6.938239 0.6800000  4.5255 -0.7735  9.903 10.016 10.170 10.144 10.113 10.161 10.232 10.118 10.228 10.366 10.400 10.532 10.550
    6.970740 0.6800000  4.5173 -0.8082  9.951 10.060 10.216 10.184 10.154 10.202 10.272 10.158 10.269 10.403 10.437 10.567 10.586
    7.004456 0.6800000  4.5092 -0.8429  9.997 10.104 10.260 10.224 10.194 10.242 10.311 10.197 10.308 10.440 10.473 10.600 10.620
    7.039268 0.6800000  4.5010 -0.8776 10.042 10.146 10.303 10.262 10.233 10.280 10.349 10.234 10.345 10.475 10.507 10.633 10.653
    7.075216 0.6800000  4.4928 -0.9122 10.085 10.187 10.344 10.299 10.271 10.317 10.385 10.270 10.381 10.508 10.540 10.664 10.685
    7.112398 0.6800000  4.4846 -0.9468 10.127 10.226 10.384 10.334 10.308 10.353 10.420 10.304 10.416 10.541 10.572 10.694 10.715
    7.150902 0.6800000  4.4764 -0.9813 10.167 10.264 10.422 10.368 10.343 10.387 10.453 10.337 10.449 10.571 10.602 10.722 10.744
    7.190878 0.6800000  4.4682 -1.0158 10.206 10.301 10.459 10.401 10.377 10.420 10.485 10.368 10.481 10.601 10.632 10.750 10.772
    7.232344 0.6800000  4.4600 -1.0502 10.243 10.336 10.494 10.433 10.409 10.452 10.516 10.398 10.511 10.629 10.659 10.776 10.798
    7.275352 0.6800000  4.4517 -1.0846 10.279 10.370 10.527 10.463 10.440 10.482 10.545 10.427 10.540 10.656 10.686 10.801 10.824
    7.319804 0.6800000  4.4435 -1.1191 10.313 10.403 10.559 10.492 10.470 10.512 10.573 10.454 10.567 10.681 10.711 10.826 10.848
    7.365374 0.6800000  4.4352 -1.1536 10.346 10.434 10.590 10.519 10.499 10.539 10.600 10.480 10.593 10.706 10.735 10.849 10.871
    7.411744 0.6800000  4.4269 -1.1882 10.378 10.464 10.619 10.546 10.527 10.566 10.625 10.505 10.618 10.729 10.758 10.871 10.892
    7.458549 0.6800000  4.4186 -1.2229 10.408 10.493 10.646 10.571 10.553 10.592 10.650 10.529 10.642 10.750 10.779 10.892 10.913
    7.505329 0.6800000  4.4102 -1.2577 10.436 10.519 10.672 10.594 10.577 10.615 10.672 10.550 10.663 10.770 10.799 10.911 10.932
    7.551676 0.6800000  4.4018 -1.2927 10.460 10.542 10.694 10.614 10.598 10.635 10.691 10.569 10.683 10.788 10.817 10.928 10.949
    7.597287 0.6800000  4.3934 -1.3277 10.481 10.562 10.714 10.632 10.617 10.653 10.708 10.586 10.700 10.804 10.832 10.943 10.964
    7.641808 0.6800000  4.3849 -1.3628 10.499 10.579 10.731 10.647 10.633 10.669 10.723 10.601 10.714 10.817 10.846 10.956 10.977
    7.685048 0.6800000  4.3765 -1.3980 10.517 10.596 10.748 10.662 10.649 10.684 10.737 10.615 10.729 10.831 10.859 10.968 10.990
    7.726973 0.6800000  4.3680 -1.4332 10.536 10.614 10.766 10.679 10.666 10.701 10.753 10.630 10.744 10.845 10.873 10.982 11.004
    7.767526 0.6800000  4.3595 -1.4685 10.555 10.633 10.784 10.695 10.683 10.717 10.769 10.646 10.760 10.860 10.887 10.996 11.018
    7.806708 0.6800000  4.3510 -1.5039 10.574 10.651 10.801 10.712 10.700 10.734 10.785 10.661 10.775 10.874 10.902 11.010 11.032
    7.844567 0.6800000  4.3425 -1.5393 10.592 10.669 10.818 10.728 10.717 10.750 10.800 10.676 10.790 10.888 10.916 11.023 11.045
    7.881171 0.6800000  4.3340 -1.5747 10.620 10.695 10.842 10.753 10.742 10.774 10.823 10.698 10.811 10.909 10.936 11.043 11.065
    7.916597 0.6800000  4.3254 -1.6101 10.650 10.725 10.870 10.780 10.769 10.801 10.849 10.722 10.835 10.932 10.959 11.065 11.087
    7.950753 0.6800000  4.3168 -1.6456 10.683 10.757 10.900 10.810 10.800 10.830 10.877 10.749 10.862 10.958 10.984 11.089 11.111
    7.983808 0.6800000  4.3082 -1.6811 10.720 10.793 10.932 10.843 10.833 10.862 10.907 10.778 10.890 10.986 11.012 11.116 11.137
    8.015874 0.6800000  4.2996 -1.7166 10.759 10.830 10.967 10.878 10.869 10.897 10.940 10.808 10.921 11.016 11.041 11.144 11.165
    8.047070 0.6800000  4.2910 -1.7520 10.798 10.868 11.001 10.914 10.905 10.931 10.972 10.839 10.951 11.046 11.071 11.173 11.194
    8.077500 0.6800000  4.2823 -1.7875 10.838 10.908 11.037 10.952 10.943 10.968 11.007 10.872 10.983 11.078 11.103 11.204 11.225
    8.107213 0.6800000  4.2737 -1.8229 10.880 10.949 11.074 10.992 10.983 11.006 11.043 10.906 11.016 11.112 11.136 11.236 11.257
    8.136324 0.6800000  4.2650 -1.8584 10.924 10.993 11.112 11.033 11.025 11.047 11.081 10.942 11.052 11.147 11.171 11.270 11.291
    8.164881 0.6800000  4.2564 -1.8938 10.970 11.038 11.152 11.077 11.068 11.089 11.121 10.980 11.088 11.184 11.208 11.305 11.326
    8.192942 0.6800000  4.2477 -1.9293 11.017 11.084 11.192 11.121 11.113 11.131 11.161 11.018 11.126 11.222 11.246 11.342 11.362
    8.220547 0.6800000  4.2390 -1.9647 11.064 11.130 11.234 11.167 11.158 11.175 11.203 11.057 11.164 11.260 11.284 11.379 11.398
    8.247742 0.6800000  4.2304 -2.0001 11.113 11.178 11.276 11.214 11.204 11.220 11.245 11.097 11.203 11.300 11.323 11.417 11.436
    8.274529 0.6800000  4.2217 -2.0356 11.162 11.226 11.318 11.260 11.251 11.265 11.288 11.137 11.243 11.339 11.362 11.455 11.473
    8.300899 0.6800000  4.2130 -2.0710 11.211 11.275 11.361 11.306 11.297 11.309 11.330 11.177 11.282 11.378 11.401 11.492 11.510
    8.327008 0.6800000  4.2043 -2.1065 11.261 11.324 11.405 11.354 11.345 11.355 11.373 11.219 11.323 11.418 11.440 11.529 11.548
    8.352813 0.6800000  4.1957 -2.1419 11.312 11.374 11.449 11.401 11.392 11.401 11.417 11.260 11.364 11.458 11.479 11.567 11.585
    8.378312 0.6800000  4.1870 -2.1774 11.364 11.425 11.494 11.449 11.441 11.447 11.461 11.302 11.405 11.498 11.519 11.604 11.623
    8.403520 0.6800000  4.1783 -2.2128 11.416 11.476 11.540 11.497 11.489 11.493 11.505 11.344 11.447 11.538 11.558 11.642 11.661
    8.428487 0.6800000  4.1696 -2.2482 11.468 11.526 11.585 11.544 11.536 11.539 11.548 11.386 11.488 11.577 11.596 11.678 11.697
    8.453299 0.6800000  4.1609 -2.2836 11.520 11.576 11.631 11.590 11.583 11.584 11.591 11.427 11.528 11.615 11.634 11.714 11.733
    8.478052 0.6800000  4.1522 -2.3190 11.573 11.627 11.676 11.637 11.630 11.629 11.633 11.468 11.569 11.653 11.672 11.749 11.768
    8.502672 0.6800000  4.1435 -2.3544 11.626 11.678 11.722 11.683 11.677 11.674 11.676 11.509 11.610 11.691 11.709 11.783 11.802
    8.527218 0.6800000  4.1348 -2.3898 11.679 11.729 11.768 11.729 11.725 11.719 11.718 11.550 11.651 11.729 11.746 11.818 11.837
    8.551687 0.6800000  4.1261 -2.4252 11.733 11.781 11.815 11.776 11.772 11.765 11.761 11.591 11.692 11.767 11.783 11.853 11.872
    8.576111 0.6800000  4.1174 -2.4605 11.788 11.832 11.861 11.822 11.820 11.810 11.803 11.632 11.732 11.804 11.820 11.887 11.906
    8.600497 0.6800000  4.1087 -2.4959 11.843 11.885 11.909 11.868 11.868 11.855 11.846 11.674 11.774 11.841 11.857 11.921 11.940
    8.624901 0.6800000  4.1000 -2.5313 11.900 11.938 11.958 11.916 11.917 11.902 11.889 11.716 11.815 11.879 11.894 11.956 11.975
    8.649226 0.6800000  4.0913 -2.5667 11.957 11.992 12.007 11.963 11.966 11.948 11.932 11.758 11.857 11.917 11.931 11.991 12.010
    8.673353 0.6800000  4.0825 -2.6022 12.015 12.046 12.056 12.011 12.015 11.995 11.976 11.800 11.900 11.955 11.969 12.026 12.045
    8.697227 0.6800000  4.0738 -2.6377 12.075 12.102 12.107 12.060 12.066 12.043 12.020 11.843 11.943 11.994 12.007 12.061 12.080
    8.720904 0.6800000  4.0651 -2.6732 12.135 12.159 12.160 12.109 12.117 12.091 12.065 11.887 11.987 12.034 12.046 12.097 12.116
    8.744343 0.6800000  4.0563 -2.7085 12.197 12.216 12.212 12.159 12.168 12.140 12.111 11.931 12.031 12.074 12.085 12.133 12.152
    8.768006 0.6800000  4.0476 -2.7439 12.259 12.275 12.266 12.210 12.221 12.190 12.157 11.976 12.075 12.114 12.124 12.169 12.189
    8.791581 0.6800000  4.0389 -2.7794 12.323 12.335 12.322 12.262 12.274 12.241 12.205 12.022 12.121 12.156 12.165 12.207 12.227
    8.815060 0.6800000  4.0301 -2.8148 12.389 12.396 12.379 12.315 12.330 12.293 12.253 12.069 12.168 12.199 12.207 12.246 12.266
    8.838525 0.6800000  4.0214 -2.8502 12.456 12.459 12.437 12.370 12.387 12.347 12.304 12.117 12.217 12.243 12.250 12.286 12.306
    8.862010 0.6800000  4.0126 -2.8856 12.525 12.524 12.497 12.426 12.445 12.402 12.355 12.167 12.266 12.288 12.294 12.327 12.347
    8.885538 0.6800000  4.0039 -2.9210 12.595 12.589 12.559 12.483 12.504 12.459 12.407 12.218 12.317 12.334 12.339 12.369 12.389
    8.909110 0.6800000  3.9952 -2.9564 12.667 12.656 12.621 12.541 12.564 12.515 12.460 12.269 12.368 12.380 12.385 12.410 12.431
    8.933463 0.6800000  3.9865 -2.9914 12.739 12.722 12.684 12.598 12.624 12.571 12.512 12.319 12.418 12.425 12.429 12.451 12.471
    8.967747 0.6800000  3.9797 -3.0209 12.801 12.780 12.738 12.648 12.676 12.620 12.558 12.364 12.462 12.466 12.468 12.487 12.508
    9.007600 0.6800000  3.9711 -3.0564 12.877 12.850 12.804 12.709 12.739 12.680 12.614 12.417 12.515 12.514 12.515 12.530 12.551
    9.045856 0.6800000  3.9625 -3.0919 12.953 12.922 12.871 12.771 12.804 12.741 12.670 12.471 12.569 12.563 12.563 12.575 12.595
    9.082486 0.6800000  3.9538 -3.1274 13.032 12.995 12.940 12.834 12.870 12.803 12.728 12.526 12.625 12.613 12.612 12.620 12.640
    9.117576 0.6800000  3.9450 -3.1630 13.113 13.070 13.011 12.899 12.937 12.867 12.788 12.584 12.682 12.665 12.662 12.666 12.686
    9.150984 0.6800000  3.9362 -3.1987 13.195 13.147 13.083 12.965 13.007 12.932 12.850 12.642 12.741 12.718 12.714 12.714 12.733
    9.183031 0.6800000  3.9274 -3.2344 13.280 13.226 13.157 13.033 13.078 12.999 12.912 12.703 12.800 12.772 12.766 12.762 12.782
    9.215072 0.6800000  3.9186 -3.2702 13.366 13.306 13.232 13.103 13.150 13.067 12.976 12.763 12.861 12.826 12.820 12.811 12.831
    9.252022 0.6800000  3.9096 -3.3060 13.454 13.387 13.309 13.173 13.223 13.135 13.040 12.825 12.923 12.881 12.873 12.860 12.881
    9.287787 0.6800000  3.9007 -3.3421 13.544 13.471 13.388 13.245 13.298 13.206 13.106 12.889 12.986 12.938 12.929 12.911 12.932
    9.320995 0.6800000  3.8919 -3.3780 13.635 13.555 13.467 13.318 13.374 13.277 13.172 12.952 13.050 12.996 12.985 12.962 12.983
    9.351351 0.6800000  3.8829 -3.4140 13.729 13.642 13.548 13.393 13.451 13.350 13.240 13.017 13.114 13.053 13.041 13.013 13.035
    9.380504 0.6800000  3.8741 -3.4496 13.822 13.729 13.629 13.467 13.529 13.422 13.308 13.082 13.179 13.111 13.097 13.064 13.086
    9.406594 0.6800000  3.8653 -3.4855 13.918 13.817 13.713 13.543 13.608 13.496 13.377 13.148 13.245 13.170 13.155 13.116 13.139
    9.431608 0.6800000  3.8564 -3.5213 14.015 13.907 13.797 13.620 13.688 13.571 13.446 13.214 13.311 13.229 13.212 13.169 13.191
    9.456082 0.6800000  3.8475 -3.5572 14.114 13.997 13.882 13.697 13.769 13.646 13.516 13.281 13.378 13.288 13.270 13.221 13.243
    9.479154 0.6800000  3.8386 -3.5930 14.215 14.090 13.969 13.776 13.851 13.723 13.587 13.349 13.446 13.348 13.328 13.274 13.296
    9.500619 0.6800000  3.8298 -3.6289 14.318 14.185 14.058 13.856 13.935 13.801 13.660 13.418 13.515 13.409 13.387 13.328 13.350
    9.520864 0.6800000  3.8208 -3.6652 14.425 14.282 14.148 13.939 14.021 13.881 13.734 13.489 13.585 13.472 13.448 13.383 13.405
    9.539215 0.6800000  3.8119 -3.7012 14.534 14.380 14.240 14.021 14.108 13.961 13.808 13.560 13.656 13.534 13.508 13.437 13.460
    9.556762 0.6800000  3.8029 -3.7372 14.646 14.482 14.334 14.106 14.197 14.042 13.884 13.632 13.727 13.597 13.568 13.491 13.515
    9.573252 0.6800000  3.7940 -3.7729 14.760 14.584 14.430 14.191 14.286 14.124 13.959 13.704 13.799 13.659 13.629 13.546 13.569
    9.588924 0.6800000  3.7850 -3.8090 14.879 14.691 14.528 14.279 14.379 14.209 14.037 13.777 13.873 13.723 13.691 13.602 13.625
    9.603778 0.6800000  3.7760 -3.8449 15.000 14.799 14.629 14.367 14.472 14.294 14.115 13.852 13.947 13.788 13.753 13.658 13.681
    9.617976 0.6800000  3.7670 -3.8810 15.129 14.913 14.734 14.460 14.570 14.382 14.196 13.928 14.023 13.853 13.817 13.714 13.738
    9.631477 0.6800000  3.7581 -3.9168 15.262 15.030 14.841 14.554 14.669 14.472 14.278 14.005 14.100 13.919 13.880 13.770 13.794
    9.644493 0.6800000  3.7492 -3.9527 15.399 15.151 14.952 14.650 14.771 14.564 14.361 14.083 14.178 13.986 13.944 13.827 13.852
    9.656761 0.6800000  3.7402 -3.9886 15.542 15.275 15.065 14.748 14.875 14.657 14.446 14.163 14.258 14.053 14.009 13.884 13.909
    9.668525 0.6800000  3.7313 -4.0246 15.696 15.408 15.187 14.853 14.987 14.756 14.535 14.246 14.341 14.123 14.077 13.943 13.969
    9.680155 0.6800000  3.7223 -4.0605 15.857 15.547 15.313 14.961 15.102 14.858 14.626 14.332 14.427 14.195 14.145 14.004 14.029
    9.691373 0.6800000  3.7174 -4.0939 15.981 15.659 15.419 15.057 15.202 14.950 14.713 14.415 14.510 14.270 14.218 14.072 14.098
    9.704541 0.6800000  3.7075 -4.1307 16.165 15.817 15.563 15.178 15.331 15.063 14.814 14.509 14.603 14.346 14.291 14.134 14.160
    9.714989 0.6800000  3.6987 -4.1658 16.342 15.969 15.702 15.295 15.457 15.173 14.914 14.602 14.696 14.422 14.363 14.197 14.224
    9.725356 0.6800000  3.6898 -4.2017 16.530 16.131 15.852 15.422 15.592 15.290 15.020 14.701 14.794 14.503 14.440 14.263 14.291
    9.735463 0.6800000  3.6808 -4.2377 16.727 16.300 16.007 15.554 15.733 15.412 15.130 14.804 14.896 14.587 14.520 14.332 14.360
    9.745103 0.6800000  3.6718 -4.2739 16.930 16.475 16.170 15.692 15.880 15.539 15.245 14.911 15.004 14.675 14.603 14.404 14.432
    9.754491 0.6800000  3.6629 -4.3096 17.136 16.653 16.336 15.833 16.030 15.669 15.363 15.022 15.114 14.764 14.689 14.477 14.506
    9.763790 0.6800000  3.6539 -4.3456 17.349 16.838 16.510 15.981 16.186 15.804 15.486 15.137 15.229 14.858 14.777 14.553 14.583
    9.772918 0.6800000  3.6450 -4.3816 17.569 17.028 16.690 16.134 16.348 15.943 15.613 15.257 15.348 14.955 14.869 14.632 14.663
    9.781835 0.6800000  3.6360 -4.4176 17.794 17.224 16.876 16.292 16.515 16.087 15.745 15.381 15.472 15.055 14.964 14.714 14.745
    9.790553 0.6800000  3.6270 -4.4536 18.024 17.425 17.067 16.456 16.687 16.235 15.881 15.509 15.599 15.158 15.062 14.798 14.830
    9.795780 0.6800000  3.6147 -4.4917 18.325 17.684 17.313 16.663 16.905 16.419 16.049 15.664 15.754 15.277 15.174 14.889 14.922
    9.804006 0.6800000  3.6057 -4.5276 18.566 17.895 17.517 16.838 17.088 16.576 16.195 15.802 15.892 15.388 15.279 14.979 15.013
    9.812082 0.6800000  3.5967 -4.5637 18.812 18.112 17.726 17.018 17.277 16.738 16.347 15.945 16.035 15.504 15.388 15.072 15.108
    9.819941 0.6800000  3.5877 -4.5998 19.063 18.334 17.940 17.204 17.471 16.905 16.503 16.093 16.182 15.623 15.500 15.169 15.205
    9.827606 0.6800000  3.5787 -4.6359 19.319 18.559 18.160 17.395 17.669 17.075 16.663 16.245 16.334 15.746 15.616 15.268 15.306
    9.835105 0.6800000  3.5697 -4.6719 19.578 18.789 18.383 17.590 17.871 17.249 16.827 16.401 16.489 15.872 15.735 15.370 15.409
    9.842459 0.6800000  3.5607 -4.7079 19.840 19.022 18.611 17.788 18.077 17.426 16.994 16.561 16.648 16.001 15.857 15.475 15.515
