#   log(t)       Mwd   log(Teff)log(L/Lo) F435W F475  F502N  F550M  F555W  F606W  F625W  F658N  F660N  F775W  F814W  F850LP F892N
    6.560554 0.5400000  4.7569  0.4513  7.916  8.121  8.120  8.313  8.273  8.328  8.356  8.242  8.309  8.471  8.531  8.757  8.764
    6.563892 0.5400000  4.7545  0.4395  7.933  8.138  8.139  8.329  8.289  8.345  8.373  8.259  8.327  8.490  8.549  8.774  8.781
    6.567075 0.5400000  4.7515  0.4280  7.951  8.154  8.158  8.345  8.305  8.361  8.390  8.276  8.344  8.507  8.566  8.789  8.796
    6.570394 0.5400000  4.7491  0.4165  7.968  8.171  8.176  8.362  8.321  8.377  8.406  8.293  8.362  8.525  8.583  8.805  8.813
    6.573829 0.5400000  4.7466  0.4046  7.986  8.188  8.195  8.379  8.338  8.394  8.424  8.310  8.380  8.543  8.601  8.822  8.830
    6.577263 0.5400000  4.7442  0.3928  8.004  8.205  8.214  8.396  8.355  8.410  8.441  8.327  8.397  8.562  8.619  8.839  8.847
    6.580720 0.5400000  4.7417  0.3810  8.022  8.222  8.233  8.413  8.372  8.427  8.459  8.344  8.415  8.580  8.637  8.856  8.864
    6.584203 0.5400000  4.7393  0.3691  8.040  8.239  8.252  8.430  8.389  8.444  8.476  8.361  8.433  8.599  8.655  8.873  8.881
    6.587707 0.5400000  4.7368  0.3573  8.058  8.256  8.271  8.447  8.406  8.461  8.493  8.378  8.451  8.617  8.672  8.889  8.897
    6.591227 0.5400000  4.7343  0.3454  8.076  8.273  8.290  8.464  8.423  8.478  8.511  8.395  8.469  8.636  8.690  8.906  8.914
    6.594758 0.5400000  4.7318  0.3336  8.094  8.291  8.310  8.481  8.440  8.495  8.528  8.413  8.487  8.654  8.708  8.923  8.931
    6.598310 0.5400000  4.7294  0.3218  8.112  8.308  8.329  8.498  8.457  8.511  8.546  8.430  8.505  8.672  8.726  8.940  8.948
    6.601885 0.5400000  4.7269  0.3100  8.130  8.325  8.348  8.515  8.474  8.528  8.563  8.447  8.523  8.690  8.743  8.956  8.965
    6.605486 0.5400000  4.7244  0.2981  8.148  8.342  8.367  8.532  8.491  8.545  8.581  8.464  8.541  8.709  8.761  8.973  8.982
    6.609109 0.5400000  4.7219  0.2863  8.166  8.359  8.386  8.549  8.508  8.562  8.598  8.482  8.559  8.727  8.779  8.990  8.999
    6.612755 0.5400000  4.7194  0.2745  8.184  8.376  8.405  8.566  8.525  8.579  8.615  8.499  8.577  8.745  8.797  9.006  9.015
    6.616423 0.5400000  4.7169  0.2626  8.202  8.394  8.425  8.583  8.542  8.596  8.633  8.516  8.595  8.764  8.815  9.023  9.032
    6.620111 0.5400000  4.7144  0.2508  8.220  8.411  8.444  8.600  8.558  8.612  8.650  8.533  8.613  8.782  8.832  9.040  9.049
    6.623811 0.5400000  4.7119  0.2389  8.239  8.428  8.463  8.617  8.575  8.629  8.668  8.551  8.631  8.800  8.850  9.056  9.066
    6.627524 0.5400000  4.7093  0.2271  8.257  8.445  8.482  8.634  8.592  8.646  8.685  8.568  8.649  8.818  8.868  9.073  9.082
    6.631259 0.5400000  4.7068  0.2153  8.275  8.462  8.501  8.651  8.609  8.663  8.703  8.585  8.666  8.836  8.885  9.089  9.099
    6.635017 0.5400000  4.7043  0.2034  8.293  8.480  8.521  8.668  8.626  8.680  8.720  8.603  8.685  8.854  8.903  9.106  9.116
    6.638797 0.5400000  4.7018  0.1916  8.311  8.497  8.540  8.684  8.643  8.696  8.738  8.620  8.702  8.872  8.921  9.122  9.132
    6.642598 0.5400000  4.6992  0.1798  8.330  8.514  8.559  8.701  8.660  8.713  8.755  8.637  8.720  8.890  8.938  9.139  9.149
    6.646419 0.5400000  4.6967  0.1679  8.348  8.531  8.578  8.718  8.677  8.730  8.772  8.655  8.738  8.908  8.956  9.155  9.166
    6.650257 0.5400000  4.6941  0.1561  8.366  8.549  8.598  8.735  8.693  8.747  8.790  8.672  8.756  8.926  8.973  9.171  9.182
    6.654108 0.5400000  4.6916  0.1442  8.384  8.566  8.617  8.752  8.710  8.763  8.807  8.689  8.774  8.944  8.991  9.188  9.198
    6.657969 0.5400000  4.6890  0.1324  8.403  8.583  8.636  8.768  8.727  8.780  8.824  8.706  8.792  8.962  9.008  9.204  9.215
    6.661845 0.5400000  4.6864  0.1205  8.421  8.600  8.655  8.785  8.743  8.797  8.842  8.724  8.809  8.979  9.025  9.220  9.231
    6.665729 0.5400000  4.6839  0.1087  8.439  8.617  8.674  8.802  8.760  8.813  8.859  8.741  8.827  8.997  9.043  9.236  9.248
    6.669635 0.5400000  4.6813  0.0968  8.457  8.634  8.693  8.818  8.777  8.830  8.876  8.758  8.845  9.015  9.060  9.252  9.264
    6.673539 0.5400000  4.6787  0.0849  8.476  8.652  8.713  8.835  8.793  8.846  8.893  8.775  8.863  9.032  9.077  9.268  9.280
    6.677455 0.5400000  4.6760  0.0730  8.494  8.669  8.732  8.852  8.810  8.863  8.910  8.792  8.880  9.050  9.095  9.284  9.296
    6.681367 0.5400000  4.6734  0.0612  8.512  8.686  8.751  8.868  8.826  8.879  8.927  8.809  8.898  9.067  9.112  9.300  9.312
    6.685309 0.5400000  4.6708  0.0494  8.530  8.703  8.770  8.884  8.843  8.896  8.944  8.826  8.915  9.084  9.128  9.316  9.328
    6.689271 0.5400000  4.6682  0.0376  8.548  8.720  8.788  8.901  8.859  8.912  8.961  8.843  8.932  9.102  9.145  9.332  9.344
    6.693261 0.5400000  4.6656  0.0257  8.566  8.737  8.807  8.917  8.875  8.928  8.978  8.860  8.950  9.119  9.162  9.347  9.360
    6.697270 0.5400000  4.6630  0.0139  8.584  8.753  8.826  8.933  8.892  8.945  8.995  8.877  8.967  9.136  9.179  9.363  9.376
    6.701311 0.5400000  4.6603  0.0022  8.602  8.770  8.845  8.949  8.908  8.961  9.012  8.894  8.984  9.153  9.196  9.378  9.391
    6.705384 0.5400000  4.6577 -0.0097  8.620  8.787  8.864  8.966  8.924  8.977  9.029  8.911  9.002  9.170  9.213  9.394  9.407
    6.709481 0.5400000  4.6551 -0.0214  8.638  8.804  8.882  8.982  8.940  8.993  9.045  8.927  9.019  9.187  9.229  9.409  9.423
    6.713623 0.5400000  4.6525 -0.0332  8.655  8.821  8.901  8.998  8.956  9.009  9.062  8.944  9.036  9.204  9.246  9.425  9.438
    6.717796 0.5400000  4.6499 -0.0450  8.673  8.837  8.920  9.014  8.972  9.025  9.078  8.961  9.053  9.221  9.262  9.440  9.454
    6.722021 0.5400000  4.6473 -0.0567  8.691  8.854  8.938  9.030  8.988  9.041  9.095  8.977  9.070  9.237  9.279  9.455  9.469
    6.726279 0.5400000  4.6447 -0.0685  8.709  8.871  8.956  9.046  9.004  9.057  9.111  8.994  9.087  9.254  9.295  9.471  9.485
    6.730570 0.5400000  4.6420 -0.0803  8.727  8.887  8.975  9.062  9.020  9.073  9.128  9.010  9.104  9.270  9.312  9.486  9.500
    6.734892 0.5400000  4.6394 -0.0921  8.744  8.904  8.993  9.078  9.036  9.089  9.144  9.027  9.121  9.287  9.328  9.501  9.516
    6.739238 0.5400000  4.6368 -0.1039  8.762  8.921  9.012  9.094  9.052  9.105  9.161  9.043  9.138  9.304  9.344  9.516  9.531
    6.743619 0.5400000  4.6341 -0.1157  8.780  8.937  9.030  9.110  9.068  9.121  9.177  9.059  9.154  9.320  9.360  9.531  9.546
    6.748036 0.5400000  4.6315 -0.1275  8.798  8.954  9.048  9.125  9.084  9.137  9.194  9.076  9.171  9.336  9.377  9.546  9.561
    6.752479 0.5400000  4.6289 -0.1393  8.815  8.970  9.067  9.141  9.100  9.152  9.210  9.092  9.188  9.353  9.393  9.561  9.577
    6.756951 0.5400000  4.6263 -0.1511  8.833  8.987  9.085  9.157  9.116  9.168  9.226  9.108  9.204  9.369  9.409  9.576  9.592
    6.761450 0.5400000  4.6236 -0.1629  8.850  9.003  9.103  9.173  9.132  9.184  9.242  9.125  9.221  9.385  9.425  9.591  9.607
    6.765976 0.5400000  4.6210 -0.1747  8.868  9.020  9.121  9.188  9.147  9.200  9.258  9.141  9.238  9.401  9.440  9.606  9.622
    6.770544 0.5400000  4.6184 -0.1865  8.885  9.036  9.139  9.204  9.163  9.215  9.274  9.157  9.254  9.417  9.456  9.621  9.637
    6.775153 0.5400000  4.6157 -0.1983  8.903  9.053  9.157  9.219  9.179  9.231  9.290  9.173  9.270  9.433  9.472  9.635  9.651
    6.779794 0.5400000  4.6131 -0.2101  8.920  9.069  9.175  9.235  9.194  9.246  9.306  9.189  9.287  9.449  9.488  9.650  9.666
    6.784460 0.5400000  4.6105 -0.2219  8.938  9.085  9.193  9.250  9.210  9.262  9.322  9.205  9.303  9.465  9.504  9.664  9.681
    6.789157 0.5400000  4.6078 -0.2336  8.955  9.101  9.211  9.266  9.225  9.277  9.338  9.221  9.319  9.481  9.519  9.679  9.696
    6.793890 0.5400000  4.6052 -0.2454  8.972  9.118  9.228  9.281  9.241  9.293  9.354  9.237  9.335  9.496  9.534  9.693  9.710
    6.798670 0.5400000  4.6026 -0.2572  8.990  9.134  9.246  9.296  9.256  9.308  9.370  9.252  9.352  9.512  9.550  9.708  9.725
    6.803485 0.5400000  4.5999 -0.2690  9.007  9.150  9.264  9.312  9.272  9.323  9.385  9.268  9.368  9.528  9.565  9.722  9.739
    6.808335 0.5400000  4.5973 -0.2808  9.024  9.166  9.281  9.327  9.287  9.339  9.401  9.284  9.384  9.543  9.581  9.736  9.754
    6.813210 0.5400000  4.5946 -0.2925  9.041  9.182  9.299  9.342  9.302  9.354  9.416  9.299  9.399  9.558  9.596  9.750  9.768
    6.818119 0.5400000  4.5920 -0.3043  9.058  9.198  9.316  9.357  9.317  9.369  9.432  9.315  9.415  9.574  9.611  9.764  9.782
    6.823060 0.5400000  4.5894 -0.3161  9.075  9.214  9.333  9.372  9.332  9.384  9.447  9.330  9.431  9.589  9.626  9.778  9.796
    6.828032 0.5400000  4.5867 -0.3279  9.092  9.230  9.351  9.387  9.348  9.399  9.463  9.346  9.447  9.604  9.641  9.792  9.811
    6.833045 0.5400000  4.5841 -0.3397  9.109  9.246  9.368  9.402  9.363  9.414  9.478  9.361  9.462  9.619  9.656  9.806  9.825
    6.838096 0.5400000  4.5814 -0.3514  9.126  9.262  9.385  9.417  9.378  9.429  9.493  9.376  9.478  9.634  9.671  9.820  9.839
    6.843183 0.5400000  4.5788 -0.3632  9.143  9.278  9.402  9.432  9.393  9.444  9.508  9.391  9.493  9.649  9.685  9.834  9.853
    6.848309 0.5400000  4.5762 -0.3750  9.160  9.293  9.419  9.447  9.408  9.459  9.524  9.407  9.509  9.664  9.700  9.848  9.867
    6.853471 0.5400000  4.5735 -0.3867  9.176  9.309  9.436  9.461  9.422  9.473  9.539  9.422  9.524  9.679  9.715  9.861  9.880
    6.858677 0.5400000  4.5709 -0.3985  9.193  9.325  9.453  9.476  9.437  9.488  9.554  9.437  9.539  9.694  9.729  9.875  9.894
    6.863926 0.5400000  4.5682 -0.4103  9.210  9.340  9.470  9.491  9.452  9.503  9.569  9.452  9.555  9.708  9.744  9.889  9.908
    6.869209 0.5400000  4.5656 -0.4220  9.226  9.356  9.486  9.505  9.467  9.518  9.583  9.466  9.570  9.723  9.758  9.902  9.921
    6.874531 0.5400000  4.5629 -0.4338  9.243  9.371  9.503  9.519  9.482  9.532  9.598  9.481  9.585  9.737  9.772  9.915  9.935
    6.879901 0.5400000  4.5603 -0.4455  9.259  9.387  9.520  9.534  9.496  9.547  9.613  9.496  9.600  9.751  9.786  9.928  9.948
    6.885320 0.5400000  4.5576 -0.4573  9.276  9.402  9.536  9.548  9.511  9.561  9.627  9.511  9.615  9.766  9.801  9.942  9.962
    6.890781 0.5400000  4.5550 -0.4691  9.292  9.418  9.553  9.563  9.525  9.576  9.642  9.525  9.629  9.780  9.815  9.955  9.975
    6.896286 0.5400000  4.5523 -0.4808  9.308  9.433  9.569  9.577  9.540  9.590  9.657  9.540  9.644  9.794  9.829  9.968  9.988
    6.901841 0.5400000  4.5497 -0.4925  9.324  9.448  9.585  9.591  9.554  9.604  9.671  9.554  9.659  9.808  9.842  9.981 10.001
    6.907441 0.5400000  4.5470 -0.5043  9.341  9.463  9.601  9.605  9.568  9.618  9.685  9.568  9.673  9.822  9.856  9.994 10.014
    6.913090 0.5400000  4.5444 -0.5160  9.357  9.478  9.617  9.619  9.582  9.632  9.699  9.583  9.688  9.836  9.870 10.007 10.027
    6.918792 0.5400000  4.5417 -0.5278  9.373  9.493  9.634  9.633  9.597  9.646  9.714  9.597  9.702  9.850  9.884 10.020 10.040
    6.924544 0.5400000  4.5391 -0.5395  9.389  9.508  9.649  9.647  9.611  9.660  9.728  9.611  9.716  9.863  9.897 10.032 10.053
    6.930348 0.5400000  4.5364 -0.5512  9.405  9.523  9.665  9.661  9.625  9.674  9.742  9.625  9.731  9.877  9.911 10.045 10.066
    6.936214 0.5400000  4.5338 -0.5629  9.420  9.538  9.681  9.674  9.639  9.688  9.756  9.639  9.745  9.890  9.924 10.057 10.078
    6.942137 0.5400000  4.5311 -0.5747  9.436  9.553  9.697  9.688  9.653  9.702  9.770  9.653  9.759  9.904  9.937 10.070 10.091
    6.948115 0.5400000  4.5285 -0.5864  9.452  9.568  9.712  9.702  9.667  9.716  9.783  9.666  9.773  9.917  9.950 10.082 10.103
    6.954149 0.5400000  4.5258 -0.5981  9.467  9.582  9.727  9.715  9.680  9.729  9.797  9.680  9.787  9.930  9.963 10.094 10.116
    6.960230 0.5400000  4.5231 -0.6099  9.483  9.597  9.743  9.729  9.694  9.743  9.811  9.694  9.800  9.943  9.976 10.107 10.128
    6.966358 0.5400000  4.5205 -0.6216  9.498  9.611  9.758  9.742  9.708  9.756  9.824  9.707  9.814  9.956  9.989 10.119 10.140
    6.972532 0.5400000  4.5178 -0.6334  9.514  9.626  9.773  9.755  9.721  9.770  9.838  9.720  9.828  9.969 10.002 10.131 10.152
    6.978753 0.5400000  4.5151 -0.6451  9.529  9.640  9.788  9.768  9.735  9.783  9.851  9.734  9.841  9.982 10.014 10.143 10.164
    6.985016 0.5400000  4.5124 -0.6569  9.544  9.655  9.803  9.781  9.748  9.796  9.864  9.747  9.854  9.994 10.027 10.154 10.176
    6.991304 0.5400000  4.5097 -0.6687  9.559  9.669  9.818  9.795  9.762  9.809  9.877  9.760  9.868 10.007 10.039 10.166 10.188
    6.997623 0.5400000  4.5070 -0.6804  9.574  9.683  9.833  9.807  9.775  9.822  9.890  9.773  9.880 10.019 10.051 10.178 10.199
    7.003997 0.5400000  4.5043 -0.6921  9.589  9.697  9.847  9.820  9.788  9.835  9.903  9.785  9.893 10.031 10.064 10.189 10.211
    7.010446 0.5400000  4.5016 -0.7038  9.604  9.711  9.862  9.833  9.801  9.848  9.916  9.798  9.906 10.043 10.076 10.200 10.222
    7.016969 0.5400000  4.4989 -0.7155  9.619  9.724  9.876  9.845  9.814  9.861  9.928  9.811  9.919 10.055 10.087 10.212 10.234
    7.023554 0.5400000  4.4962 -0.7272  9.633  9.738  9.890  9.858  9.827  9.873  9.941  9.823  9.932 10.067 10.099 10.223 10.245
    7.030206 0.5400000  4.4935 -0.7388  9.648  9.752  9.904  9.870  9.839  9.886  9.953  9.835  9.944 10.079 10.111 10.234 10.256
    7.036938 0.5400000  4.4908 -0.7505  9.662  9.765  9.918  9.883  9.852  9.898  9.965  9.848  9.956 10.091 10.122 10.245 10.267
    7.043748 0.5400000  4.4882 -0.7621  9.676  9.779  9.932  9.895  9.864  9.910  9.978  9.860  9.969 10.102 10.134 10.256 10.278
    7.050677 0.5400000  4.4855 -0.7738  9.691  9.792  9.946  9.907  9.877  9.923  9.990  9.872  9.981 10.114 10.145 10.267 10.289
    7.057716 0.5400000  4.4828 -0.7854  9.705  9.806  9.960  9.919  9.889  9.935 10.002  9.884  9.993 10.125 10.157 10.277 10.299
    7.064854 0.5400000  4.4801 -0.7970  9.719  9.819  9.973  9.931  9.902  9.947 10.014  9.896 10.005 10.136 10.168 10.288 10.310
    7.072103 0.5400000  4.4775 -0.8087  9.733  9.832  9.987  9.943  9.914  9.960 10.026  9.908 10.017 10.148 10.179 10.299 10.321
    7.079458 0.5400000  4.4748 -0.8203  9.747  9.846 10.000  9.955  9.927  9.971 10.038  9.919 10.029 10.159 10.190 10.309 10.331
    7.086908 0.5400000  4.4721 -0.8319  9.761  9.859 10.013  9.967  9.939  9.983 10.049  9.931 10.041 10.170 10.201 10.319 10.342
    7.094461 0.5400000  4.4694 -0.8435  9.775  9.871 10.027  9.979  9.951  9.995 10.061  9.942 10.052 10.181 10.212 10.330 10.352
    7.102127 0.5400000  4.4667 -0.8552  9.789  9.885 10.040  9.990  9.963 10.007 10.073  9.954 10.064 10.192 10.223 10.340 10.362
    7.109899 0.5400000  4.4641 -0.8667  9.802  9.897 10.053 10.002  9.975 10.019 10.084  9.965 10.075 10.202 10.233 10.350 10.372
    7.117862 0.5400000  4.4614 -0.8782  9.816  9.910 10.066 10.013  9.987 10.030 10.095  9.976 10.087 10.213 10.243 10.360 10.382
    7.125996 0.5400000  4.4588 -0.8898  9.829  9.923 10.078 10.025  9.999 10.042 10.107  9.987 10.098 10.223 10.254 10.370 10.392
    7.134261 0.5400000  4.4561 -0.9014  9.842  9.936 10.091 10.036 10.010 10.053 10.118  9.998 10.109 10.234 10.264 10.380 10.402
    7.142645 0.5400000  4.4534 -0.9130  9.856  9.948 10.104 10.047 10.022 10.065 10.129 10.009 10.120 10.244 10.275 10.390 10.412
    7.151156 0.5400000  4.4507 -0.9246  9.869  9.961 10.116 10.059 10.034 10.076 10.140 10.020 10.131 10.254 10.285 10.400 10.422
    7.159773 0.5400000  4.4481 -0.9361  9.882  9.973 10.129 10.070 10.045 10.087 10.151 10.031 10.142 10.264 10.295 10.409 10.431
    7.168630 0.5400000  4.4455 -0.9476  9.895  9.985 10.141 10.081 10.057 10.099 10.162 10.042 10.153 10.274 10.304 10.419 10.441
    7.177692 0.5400000  4.4428 -0.9591  9.908  9.998 10.153 10.092 10.068 10.110 10.172 10.052 10.163 10.284 10.314 10.428 10.450
    7.186935 0.5400000  4.4401 -0.9707  9.921 10.010 10.165 10.103 10.079 10.121 10.183 10.063 10.174 10.294 10.324 10.438 10.460
    7.196302 0.5400000  4.4375 -0.9821  9.933 10.022 10.177 10.113 10.090 10.131 10.193 10.073 10.184 10.304 10.333 10.447 10.469
    7.205878 0.5400000  4.4349 -0.9935  9.946 10.034 10.188 10.124 10.101 10.142 10.204 10.083 10.194 10.313 10.343 10.456 10.478
    7.215739 0.5400000  4.4322 -1.0051  9.959 10.046 10.200 10.135 10.113 10.153 10.214 10.093 10.205 10.323 10.352 10.465 10.487
    7.225782 0.5400000  4.4295 -1.0167  9.971 10.058 10.212 10.145 10.124 10.164 10.225 10.103 10.215 10.332 10.362 10.475 10.496
    7.235938 0.5400000  4.4269 -1.0279  9.983 10.069 10.223 10.155 10.134 10.174 10.234 10.113 10.225 10.341 10.371 10.483 10.505
    7.246480 0.5400000  4.4243 -1.0394  9.996 10.081 10.235 10.166 10.145 10.185 10.245 10.123 10.235 10.351 10.380 10.492 10.514
    7.257214 0.5400000  4.4217 -1.0509 10.008 10.093 10.246 10.176 10.156 10.195 10.255 10.133 10.245 10.360 10.389 10.501 10.522
    7.268192 0.5400000  4.4190 -1.0624 10.020 10.104 10.257 10.186 10.167 10.205 10.264 10.142 10.254 10.369 10.398 10.510 10.531
    7.279376 0.5400000  4.4163 -1.0740 10.032 10.116 10.268 10.197 10.177 10.216 10.274 10.152 10.264 10.378 10.407 10.518 10.540
    7.290619 0.5400000  4.4136 -1.0856 10.044 10.127 10.279 10.206 10.188 10.226 10.284 10.161 10.273 10.386 10.415 10.527 10.548
    7.301906 0.5400000  4.4109 -1.0973 10.055 10.137 10.289 10.215 10.197 10.235 10.293 10.170 10.282 10.395 10.423 10.535 10.556
    7.313218 0.5400000  4.4082 -1.1090 10.065 10.147 10.299 10.224 10.207 10.244 10.301 10.179 10.291 10.403 10.431 10.542 10.564
    7.324554 0.5400000  4.4055 -1.1206 10.075 10.157 10.309 10.233 10.215 10.253 10.310 10.187 10.299 10.410 10.439 10.550 10.571
    7.335924 0.5400000  4.4028 -1.1323 10.085 10.166 10.318 10.242 10.224 10.261 10.318 10.195 10.307 10.418 10.447 10.557 10.578
    7.347337 0.5400000  4.4001 -1.1439 10.095 10.175 10.327 10.250 10.233 10.269 10.326 10.203 10.315 10.425 10.454 10.564 10.585
    7.358822 0.5400000  4.3974 -1.1556 10.104 10.184 10.336 10.258 10.241 10.278 10.334 10.210 10.323 10.432 10.461 10.571 10.592
    7.370314 0.5400000  4.3947 -1.1672 10.113 10.193 10.345 10.265 10.249 10.285 10.341 10.217 10.330 10.439 10.468 10.577 10.599
    7.381873 0.5400000  4.3920 -1.1788 10.122 10.201 10.353 10.273 10.257 10.293 10.348 10.225 10.337 10.446 10.474 10.584 10.605
    7.393510 0.5400000  4.3893 -1.1904 10.130 10.209 10.361 10.280 10.264 10.300 10.355 10.231 10.344 10.452 10.481 10.590 10.611
    7.405239 0.5400000  4.3865 -1.2021 10.139 10.217 10.369 10.287 10.272 10.307 10.362 10.238 10.351 10.459 10.487 10.596 10.618
    7.416952 0.5400000  4.3838 -1.2137 10.146 10.225 10.376 10.293 10.278 10.314 10.368 10.244 10.357 10.465 10.493 10.601 10.623
    7.428712 0.5400000  4.3811 -1.2253 10.154 10.232 10.383 10.300 10.285 10.320 10.374 10.251 10.363 10.471 10.499 10.607 10.629
    7.440554 0.5400000  4.3784 -1.2369 10.161 10.239 10.390 10.306 10.292 10.327 10.381 10.257 10.369 10.476 10.504 10.612 10.634
    7.452501 0.5400000  4.3756 -1.2485 10.168 10.246 10.397 10.312 10.298 10.333 10.386 10.262 10.375 10.482 10.510 10.618 10.640
    7.464466 0.5400000  4.3729 -1.2601 10.175 10.252 10.404 10.318 10.304 10.339 10.392 10.268 10.380 10.487 10.515 10.623 10.645
    7.476522 0.5400000  4.3702 -1.2717 10.182 10.259 10.410 10.324 10.310 10.345 10.398 10.274 10.386 10.492 10.520 10.628 10.650
    7.488689 0.5400000  4.3674 -1.2833 10.188 10.265 10.416 10.330 10.316 10.350 10.403 10.279 10.391 10.497 10.525 10.633 10.655
    7.500887 0.5400000  4.3647 -1.2949 10.195 10.271 10.422 10.335 10.322 10.356 10.409 10.284 10.397 10.502 10.530 10.637 10.659
    7.513178 0.5400000  4.3620 -1.3065 10.201 10.277 10.428 10.341 10.327 10.361 10.414 10.289 10.402 10.507 10.535 10.642 10.664
    7.525534 0.5400000  4.3592 -1.3181 10.206 10.283 10.433 10.346 10.333 10.366 10.419 10.294 10.406 10.511 10.539 10.646 10.668
    7.537962 0.5400000  4.3565 -1.3297 10.212 10.288 10.438 10.350 10.338 10.371 10.423 10.298 10.411 10.516 10.543 10.650 10.673
    7.550436 0.5400000  4.3537 -1.3413 10.218 10.293 10.443 10.355 10.343 10.376 10.428 10.303 10.415 10.520 10.548 10.655 10.677
    7.562976 0.5400000  4.3510 -1.3530 10.223 10.299 10.448 10.360 10.348 10.381 10.433 10.308 10.420 10.524 10.552 10.659 10.681
    7.575550 0.5400000  4.3483 -1.3646 10.228 10.304 10.453 10.365 10.352 10.386 10.437 10.312 10.424 10.528 10.556 10.663 10.685
    7.588172 0.5400000  4.3456 -1.3762 10.233 10.308 10.458 10.369 10.357 10.390 10.441 10.316 10.428 10.532 10.560 10.667 10.689
    7.600825 0.5400000  4.3429 -1.3878 10.238 10.313 10.462 10.373 10.361 10.394 10.445 10.320 10.432 10.536 10.564 10.670 10.692
    7.613522 0.5400000  4.3402 -1.3995 10.245 10.321 10.469 10.380 10.368 10.401 10.452 10.326 10.439 10.542 10.570 10.676 10.698
    7.626227 0.5400000  4.3374 -1.4111 10.254 10.329 10.477 10.388 10.376 10.409 10.459 10.333 10.446 10.548 10.576 10.683 10.705
    7.638945 0.5400000  4.3347 -1.4228 10.263 10.337 10.485 10.396 10.384 10.416 10.467 10.340 10.453 10.555 10.583 10.689 10.711
    7.651652 0.5400000  4.3320 -1.4344 10.272 10.346 10.493 10.404 10.392 10.424 10.474 10.348 10.460 10.562 10.590 10.696 10.718
    7.664349 0.5400000  4.3293 -1.4461 10.281 10.355 10.502 10.413 10.401 10.433 10.482 10.355 10.468 10.570 10.597 10.703 10.725
    7.677028 0.5400000  4.3265 -1.4577 10.291 10.365 10.511 10.421 10.410 10.441 10.490 10.363 10.475 10.577 10.605 10.710 10.732
    7.689719 0.5400000  4.3238 -1.4694 10.301 10.374 10.520 10.430 10.419 10.450 10.499 10.371 10.484 10.585 10.612 10.718 10.739
    7.702400 0.5400000  4.3211 -1.4811 10.311 10.384 10.529 10.440 10.428 10.459 10.507 10.380 10.492 10.593 10.620 10.725 10.747
    7.715056 0.5400000  4.3183 -1.4928 10.322 10.395 10.539 10.449 10.438 10.469 10.516 10.388 10.500 10.601 10.628 10.733 10.755
    7.727696 0.5400000  4.3156 -1.5044 10.333 10.405 10.548 10.459 10.448 10.478 10.525 10.397 10.509 10.609 10.636 10.741 10.762
    7.740292 0.5400000  4.3128 -1.5161 10.344 10.416 10.558 10.469 10.458 10.488 10.535 10.406 10.518 10.618 10.645 10.749 10.770
    7.752843 0.5400000  4.3101 -1.5278 10.355 10.427 10.568 10.479 10.469 10.498 10.544 10.415 10.527 10.627 10.653 10.757 10.779
    7.765363 0.5400000  4.3073 -1.5395 10.367 10.438 10.579 10.490 10.479 10.508 10.554 10.424 10.536 10.636 10.662 10.766 10.787
    7.777831 0.5400000  4.3045 -1.5512 10.379 10.450 10.590 10.501 10.490 10.519 10.564 10.434 10.545 10.645 10.671 10.774 10.796
    7.790264 0.5400000  4.3017 -1.5630 10.391 10.462 10.601 10.512 10.502 10.530 10.574 10.444 10.555 10.654 10.681 10.783 10.805
    7.802627 0.5400000  4.2989 -1.5747 10.404 10.474 10.612 10.523 10.513 10.541 10.585 10.453 10.565 10.664 10.690 10.792 10.814
    7.814956 0.5400000  4.2961 -1.5864 10.416 10.486 10.622 10.534 10.524 10.552 10.595 10.463 10.575 10.673 10.699 10.802 10.823
    7.827221 0.5400000  4.2934 -1.5981 10.428 10.498 10.633 10.546 10.536 10.563 10.606 10.473 10.585 10.683 10.709 10.811 10.832
    7.839408 0.5400000  4.2906 -1.6099 10.441 10.511 10.645 10.558 10.548 10.574 10.617 10.484 10.595 10.693 10.719 10.821 10.842
    7.851534 0.5400000  4.2878 -1.6216 10.454 10.523 10.656 10.570 10.560 10.586 10.628 10.494 10.605 10.703 10.729 10.830 10.851
    7.863575 0.5400000  4.2850 -1.6334 10.468 10.536 10.668 10.582 10.572 10.598 10.639 10.505 10.616 10.714 10.739 10.840 10.861
    7.875541 0.5400000  4.2822 -1.6451 10.481 10.549 10.680 10.595 10.585 10.610 10.651 10.516 10.627 10.725 10.750 10.851 10.871
    7.887426 0.5400000  4.2793 -1.6569 10.495 10.563 10.692 10.607 10.598 10.623 10.662 10.527 10.638 10.736 10.761 10.861 10.882
    7.899218 0.5400000  4.2765 -1.6687 10.509 10.577 10.704 10.621 10.611 10.635 10.674 10.538 10.649 10.747 10.772 10.872 10.893
    7.910919 0.5400000  4.2737 -1.6804 10.523 10.591 10.716 10.634 10.624 10.648 10.686 10.550 10.660 10.758 10.783 10.882 10.903
    7.922525 0.5400000  4.2709 -1.6922 10.537 10.605 10.729 10.647 10.638 10.661 10.699 10.561 10.671 10.769 10.794 10.893 10.914
    7.934018 0.5400000  4.2681 -1.7040 10.552 10.619 10.742 10.661 10.652 10.675 10.711 10.573 10.683 10.781 10.806 10.904 10.925
    7.945412 0.5400000  4.2652 -1.7158 10.567 10.634 10.755 10.675 10.666 10.688 10.724 10.585 10.695 10.793 10.817 10.916 10.937
    7.956707 0.5400000  4.2624 -1.7276 10.582 10.649 10.768 10.690 10.680 10.702 10.737 10.598 10.707 10.805 10.829 10.927 10.948
    7.967902 0.5400000  4.2596 -1.7394 10.598 10.664 10.782 10.704 10.695 10.716 10.751 10.610 10.719 10.817 10.842 10.939 10.960
    7.979026 0.5400000  4.2568 -1.7512 10.613 10.680 10.795 10.719 10.710 10.731 10.764 10.623 10.732 10.830 10.854 10.951 10.972
    7.990053 0.5400000  4.2539 -1.7630 10.629 10.695 10.809 10.734 10.725 10.745 10.778 10.636 10.744 10.842 10.866 10.963 10.984
    8.000991 0.5400000  4.2511 -1.7748 10.644 10.710 10.822 10.748 10.739 10.759 10.791 10.648 10.757 10.855 10.879 10.975 10.996
    8.011839 0.5400000  4.2483 -1.7866 10.660 10.725 10.836 10.763 10.754 10.773 10.804 10.661 10.769 10.867 10.891 10.987 11.008
    8.022603 0.5400000  4.2454 -1.7984 10.675 10.741 10.849 10.778 10.769 10.787 10.818 10.674 10.782 10.880 10.903 10.999 11.020
    8.033266 0.5400000  4.2426 -1.8102 10.691 10.756 10.863 10.793 10.784 10.802 10.832 10.687 10.794 10.892 10.916 11.011 11.032
    8.043839 0.5400000  4.2397 -1.8220 10.707 10.772 10.877 10.808 10.799 10.816 10.845 10.700 10.807 10.905 10.929 11.024 11.044
    8.054324 0.5400000  4.2369 -1.8338 10.723 10.788 10.891 10.824 10.815 10.831 10.859 10.713 10.820 10.918 10.942 11.036 11.056
    8.064722 0.5400000  4.2341 -1.8457 10.739 10.804 10.905 10.839 10.830 10.846 10.874 10.727 10.833 10.932 10.955 11.049 11.069
    8.075032 0.5400000  4.2312 -1.8575 10.756 10.820 10.919 10.855 10.846 10.861 10.888 10.740 10.846 10.945 10.968 11.062 11.081
    8.085252 0.5400000  4.2284 -1.8693 10.772 10.836 10.933 10.871 10.861 10.876 10.902 10.754 10.859 10.958 10.981 11.075 11.094
    8.095379 0.5400000  4.2255 -1.8811 10.788 10.852 10.948 10.886 10.877 10.891 10.916 10.767 10.873 10.971 10.994 11.087 11.106
    8.105418 0.5400000  4.2227 -1.8930 10.805 10.868 10.962 10.902 10.893 10.906 10.930 10.781 10.886 10.984 11.007 11.100 11.118
    8.115375 0.5400000  4.2198 -1.9048 10.821 10.885 10.976 10.917 10.908 10.921 10.944 10.794 10.899 10.997 11.020 11.112 11.131
    8.125253 0.5400000  4.2170 -1.9166 10.838 10.901 10.991 10.933 10.924 10.936 10.959 10.808 10.913 11.010 11.033 11.125 11.143
    8.135067 0.5400000  4.2141 -1.9284 10.854 10.917 11.005 10.948 10.939 10.951 10.973 10.822 10.926 11.024 11.046 11.137 11.156
    8.144797 0.5400000  4.2112 -1.9403 10.871 10.934 11.020 10.964 10.955 10.967 10.988 10.836 10.940 11.037 11.059 11.150 11.168
    8.154453 0.5400000  4.2084 -1.9521 10.888 10.950 11.035 10.980 10.971 10.982 11.002 10.849 10.953 11.050 11.072 11.162 11.181
    8.164049 0.5400000  4.2055 -1.9639 10.905 10.967 11.049 10.996 10.987 10.997 11.017 10.863 10.967 11.063 11.085 11.175 11.193
    8.173558 0.5400000  4.2027 -1.9757 10.922 10.984 11.064 11.012 11.003 11.013 11.031 10.877 10.980 11.077 11.099 11.188 11.206
    8.183003 0.5400000  4.1998 -1.9875 10.939 11.000 11.079 11.028 11.019 11.028 11.046 10.891 10.994 11.090 11.112 11.200 11.219
    8.192394 0.5400000  4.1970 -1.9994 10.956 11.017 11.094 11.044 11.035 11.044 11.061 10.905 11.008 11.104 11.125 11.213 11.232
    8.201733 0.5400000  4.1941 -2.0112 10.973 11.034 11.109 11.060 11.051 11.059 11.075 10.919 11.022 11.117 11.139 11.226 11.244
    8.211022 0.5400000  4.1912 -2.0230 10.991 11.051 11.124 11.076 11.068 11.075 11.090 10.934 11.036 11.131 11.152 11.238 11.257
    8.220236 0.5400000  4.1884 -2.0349 11.008 11.069 11.140 11.092 11.084 11.091 11.105 10.948 11.051 11.145 11.165 11.251 11.270
    8.229367 0.5400000  4.1855 -2.0467 11.026 11.086 11.155 11.109 11.100 11.106 11.120 10.962 11.065 11.158 11.179 11.264 11.283
    8.238442 0.5400000  4.1826 -2.0585 11.043 11.103 11.170 11.125 11.117 11.122 11.135 10.977 11.079 11.172 11.192 11.277 11.296
    8.247465 0.5400000  4.1798 -2.0703 11.061 11.120 11.186 11.141 11.133 11.138 11.150 10.991 11.093 11.185 11.206 11.290 11.308
    8.256435 0.5400000  4.1769 -2.0822 11.079 11.138 11.202 11.158 11.150 11.154 11.165 11.006 11.108 11.199 11.219 11.303 11.322
    8.265350 0.5400000  4.1740 -2.0940 11.097 11.155 11.217 11.174 11.166 11.170 11.180 11.020 11.122 11.213 11.233 11.315 11.334
    8.274216 0.5400000  4.1712 -2.1058 11.114 11.172 11.232 11.190 11.182 11.185 11.195 11.034 11.136 11.226 11.246 11.327 11.346
    8.283032 0.5400000  4.1683 -2.1176 11.132 11.189 11.248 11.206 11.198 11.200 11.209 11.048 11.150 11.239 11.259 11.340 11.359
    8.291802 0.5400000  4.1654 -2.1295 11.150 11.206 11.263 11.222 11.214 11.216 11.224 11.062 11.164 11.252 11.272 11.352 11.371
    8.300523 0.5400000  4.1625 -2.1413 11.168 11.223 11.279 11.237 11.230 11.231 11.239 11.076 11.177 11.265 11.285 11.364 11.383
    8.309197 0.5400000  4.1597 -2.1531 11.185 11.241 11.294 11.253 11.247 11.247 11.253 11.090 11.191 11.278 11.297 11.376 11.395
    8.317821 0.5400000  4.1568 -2.1650 11.203 11.258 11.310 11.269 11.263 11.263 11.268 11.104 11.205 11.292 11.311 11.389 11.408
    8.326391 0.5400000  4.1539 -2.1768 11.221 11.275 11.325 11.285 11.279 11.278 11.282 11.118 11.219 11.305 11.323 11.401 11.420
    8.334899 0.5400000  4.1510 -2.1887 11.239 11.292 11.341 11.301 11.295 11.294 11.297 11.132 11.233 11.318 11.336 11.413 11.432
    8.343362 0.5400000  4.1481 -2.2005 11.257 11.310 11.357 11.316 11.311 11.309 11.311 11.146 11.247 11.331 11.349 11.425 11.444
    8.351784 0.5400000  4.1453 -2.2123 11.275 11.327 11.373 11.332 11.327 11.324 11.326 11.160 11.261 11.344 11.362 11.437 11.456
    8.360167 0.5400000  4.1424 -2.2241 11.293 11.344 11.388 11.348 11.343 11.340 11.340 11.174 11.275 11.357 11.374 11.448 11.467
    8.368512 0.5400000  4.1395 -2.2360 11.311 11.362 11.404 11.364 11.360 11.355 11.355 11.188 11.289 11.370 11.387 11.461 11.480
    8.376821 0.5400000  4.1366 -2.2478 11.330 11.379 11.420 11.379 11.376 11.370 11.369 11.202 11.303 11.382 11.400 11.472 11.491
    8.385089 0.5400000  4.1337 -2.2596 11.348 11.396 11.435 11.395 11.392 11.386 11.384 11.216 11.317 11.395 11.412 11.484 11.503
    8.393322 0.5400000  4.1308 -2.2715 11.366 11.414 11.451 11.411 11.408 11.401 11.399 11.230 11.331 11.408 11.425 11.496 11.515
    8.401517 0.5400000  4.1280 -2.2833 11.384 11.431 11.467 11.427 11.424 11.417 11.413 11.244 11.344 11.421 11.438 11.508 11.527
    8.409678 0.5400000  4.1251 -2.2951 11.402 11.449 11.483 11.442 11.440 11.432 11.427 11.258 11.358 11.433 11.450 11.519 11.538
    8.417807 0.5400000  4.1222 -2.3069 11.421 11.466 11.499 11.458 11.456 11.447 11.442 11.272 11.372 11.446 11.463 11.531 11.550
    8.425904 0.5400000  4.1193 -2.3188 11.439 11.484 11.515 11.474 11.472 11.463 11.456 11.286 11.386 11.459 11.475 11.543 11.562
    8.433970 0.5400000  4.1164 -2.3306 11.457 11.501 11.531 11.490 11.488 11.478 11.471 11.300 11.400 11.471 11.488 11.554 11.573
    8.442011 0.5400000  4.1135 -2.3424 11.476 11.519 11.547 11.505 11.504 11.493 11.485 11.314 11.414 11.484 11.500 11.566 11.585
    8.450040 0.5400000  4.1106 -2.3542 11.495 11.536 11.563 11.521 11.521 11.509 11.500 11.328 11.428 11.497 11.513 11.578 11.597
    8.458034 0.5400000  4.1078 -2.3660 11.513 11.554 11.579 11.537 11.537 11.524 11.514 11.342 11.442 11.510 11.525 11.589 11.608
    8.466025 0.5400000  4.1049 -2.3778 11.532 11.572 11.595 11.553 11.553 11.540 11.529 11.356 11.456 11.522 11.538 11.601 11.620
    8.473995 0.5400000  4.1020 -2.3896 11.551 11.590 11.612 11.569 11.570 11.555 11.543 11.370 11.470 11.535 11.550 11.613 11.632
    8.481945 0.5400000  4.0991 -2.4014 11.570 11.608 11.628 11.585 11.586 11.571 11.558 11.385 11.485 11.548 11.563 11.625 11.644
    8.489882 0.5400000  4.0962 -2.4132 11.590 11.626 11.644 11.601 11.603 11.587 11.572 11.399 11.499 11.561 11.575 11.636 11.655
    8.497808 0.5400000  4.0933 -2.4250 11.609 11.644 11.661 11.617 11.619 11.602 11.587 11.413 11.513 11.574 11.588 11.648 11.667
    8.505732 0.5400000  4.0904 -2.4368 11.628 11.662 11.678 11.633 11.636 11.618 11.601 11.427 11.527 11.587 11.601 11.660 11.679
    8.513647 0.5400000  4.0875 -2.4486 11.648 11.681 11.694 11.649 11.652 11.634 11.616 11.441 11.541 11.599 11.613 11.672 11.691
    8.521548 0.5400000  4.0846 -2.4604 11.667 11.699 11.711 11.665 11.669 11.650 11.631 11.455 11.555 11.612 11.626 11.683 11.702
    8.529445 0.5400000  4.0818 -2.4722 11.687 11.717 11.728 11.681 11.686 11.665 11.645 11.470 11.570 11.625 11.638 11.695 11.714
    8.537327 0.5400000  4.0789 -2.4840 11.707 11.736 11.745 11.697 11.702 11.681 11.660 11.484 11.584 11.638 11.651 11.707 11.726
    8.545204 0.5400000  4.0760 -2.4958 11.727 11.754 11.762 11.714 11.719 11.697 11.675 11.498 11.598 11.651 11.664 11.719 11.738
    8.553062 0.5400000  4.0731 -2.5075 11.747 11.773 11.779 11.730 11.736 11.713 11.690 11.513 11.613 11.664 11.677 11.731 11.750
    8.560978 0.5400000  4.0702 -2.5196 11.767 11.792 11.797 11.747 11.754 11.730 11.705 11.528 11.628 11.678 11.690 11.743 11.762
    8.568733 0.5400000  4.0673 -2.5312 11.787 11.811 11.814 11.763 11.770 11.746 11.720 11.542 11.642 11.691 11.703 11.755 11.774
    8.576625 0.5400000  4.0644 -2.5430 11.808 11.830 11.831 11.780 11.788 11.762 11.736 11.557 11.657 11.704 11.716 11.767 11.786
    8.584482 0.5400000  4.0615 -2.5550 11.828 11.850 11.849 11.797 11.805 11.779 11.751 11.572 11.672 11.718 11.729 11.779 11.799
    8.592204 0.5400000  4.0586 -2.5666 11.848 11.869 11.867 11.813 11.822 11.795 11.766 11.587 11.687 11.731 11.742 11.791 11.811
    8.600057 0.5400000  4.0558 -2.5782 11.869 11.888 11.884 11.830 11.839 11.811 11.781 11.601 11.701 11.744 11.755 11.803 11.823
    8.607997 0.5400000  4.0528 -2.5904 11.890 11.908 11.903 11.848 11.857 11.828 11.797 11.617 11.717 11.758 11.769 11.816 11.835
    8.615680 0.5400000  4.0500 -2.6019 11.911 11.927 11.920 11.864 11.875 11.844 11.813 11.631 11.731 11.772 11.782 11.828 11.848
    8.623590 0.5400000  4.0470 -2.6141 11.932 11.948 11.939 11.882 11.893 11.862 11.829 11.647 11.747 11.786 11.796 11.840 11.860
    8.631243 0.5400000  4.0442 -2.6256 11.953 11.967 11.957 11.899 11.910 11.878 11.844 11.662 11.762 11.799 11.809 11.852 11.872
    8.639089 0.5400000  4.0413 -2.6374 11.974 11.987 11.975 11.916 11.928 11.895 11.860 11.677 11.777 11.813 11.823 11.865 11.885
    8.646881 0.5400000  4.0384 -2.6494 11.996 12.008 11.994 11.934 11.946 11.912 11.876 11.693 11.793 11.827 11.837 11.878 11.898
    8.654589 0.5400000  4.0355 -2.6611 12.018 12.028 12.013 11.951 11.965 11.930 11.892 11.708 11.808 11.841 11.851 11.891 11.911
    8.662342 0.5400000  4.0326 -2.6729 12.040 12.048 12.032 11.969 11.983 11.947 11.909 11.724 11.824 11.856 11.865 11.904 11.924
    8.670058 0.5400000  4.0297 -2.6847 12.062 12.069 12.051 11.987 12.002 11.965 11.925 11.740 11.840 11.870 11.879 11.917 11.937
    8.677792 0.5400000  4.0268 -2.6967 12.085 12.090 12.071 12.006 12.021 11.983 11.942 11.757 11.857 11.885 11.894 11.931 11.951
    8.685420 0.5400000  4.0239 -2.7085 12.107 12.111 12.091 12.024 12.040 12.001 11.959 11.773 11.873 11.900 11.908 11.944 11.964
    8.693051 0.5400000  4.0210 -2.7203 12.130 12.133 12.110 12.043 12.059 12.020 11.976 11.789 11.889 11.915 11.923 11.958 11.978
    8.700648 0.5400000  4.0181 -2.7321 12.152 12.154 12.130 12.061 12.079 12.038 11.993 11.806 11.906 11.930 11.937 11.971 11.991
    8.708241 0.5400000  4.0152 -2.7439 12.175 12.175 12.150 12.080 12.098 12.056 12.010 11.822 11.922 11.945 11.952 11.985 12.005
    8.715804 0.5400000  4.0123 -2.7558 12.199 12.197 12.171 12.099 12.118 12.075 12.028 11.839 11.939 11.960 11.967 11.999 12.019
    8.723335 0.5400000  4.0094 -2.7676 12.222 12.219 12.191 12.118 12.137 12.093 12.045 11.856 11.956 11.976 11.982 12.013 12.033
    8.730843 0.5400000  4.0064 -2.7795 12.245 12.241 12.212 12.137 12.157 12.113 12.063 11.874 11.973 11.991 11.997 12.027 12.047
    8.738329 0.5400000  4.0035 -2.7914 12.269 12.263 12.232 12.156 12.177 12.131 12.080 11.891 11.990 12.007 12.012 12.041 12.061
    8.745716 0.5400000  4.0007 -2.8030 12.292 12.285 12.253 12.175 12.197 12.150 12.098 11.908 12.007 12.022 12.027 12.055 12.075
    8.753264 0.5400000  3.9977 -2.8148 12.316 12.307 12.274 12.194 12.217 12.169 12.115 11.925 12.023 12.037 12.042 12.069 12.089
    8.760806 0.5400000  3.9949 -2.8266 12.340 12.329 12.294 12.213 12.237 12.188 12.132 11.941 12.040 12.052 12.057 12.083 12.103
    8.768343 0.5400000  3.9920 -2.8384 12.364 12.351 12.315 12.232 12.257 12.206 12.150 11.958 12.057 12.068 12.071 12.096 12.116
    8.775874 0.5400000  3.9891 -2.8502 12.388 12.374 12.336 12.252 12.277 12.225 12.167 11.975 12.073 12.083 12.086 12.110 12.130
    8.783389 0.5400000  3.9864 -2.8618 12.413 12.396 12.357 12.271 12.297 12.244 12.185 11.992 12.091 12.099 12.102 12.124 12.144
    8.791111 0.5400000  3.9845 -2.8709 12.432 12.414 12.374 12.287 12.314 12.260 12.200 12.007 12.105 12.112 12.115 12.136 12.157
    8.801040 0.5400000  3.9820 -2.8818 12.455 12.436 12.394 12.306 12.333 12.278 12.217 12.023 12.122 12.127 12.129 12.150 12.170
    8.811728 0.5400000  3.9793 -2.8934 12.479 12.458 12.415 12.325 12.354 12.297 12.235 12.041 12.139 12.143 12.145 12.164 12.184
    8.822500 0.5400000  3.9765 -2.9050 12.504 12.481 12.437 12.345 12.374 12.317 12.253 12.058 12.156 12.158 12.160 12.177 12.198
    8.833334 0.5400000  3.9738 -2.9167 12.529 12.504 12.458 12.365 12.395 12.336 12.272 12.075 12.173 12.174 12.176 12.192 12.213
    8.844226 0.5400000  3.9710 -2.9283 12.554 12.527 12.480 12.385 12.416 12.356 12.290 12.093 12.191 12.190 12.191 12.206 12.227
    8.855186 0.5400000  3.9682 -2.9400 12.579 12.551 12.502 12.405 12.437 12.376 12.309 12.111 12.209 12.206 12.207 12.221 12.242
    8.866153 0.5400000  3.9653 -2.9518 12.605 12.575 12.525 12.426 12.459 12.396 12.328 12.129 12.227 12.223 12.223 12.236 12.256
    8.877075 0.5400000  3.9625 -2.9635 12.630 12.598 12.547 12.446 12.480 12.416 12.346 12.147 12.245 12.239 12.239 12.250 12.271
    8.887936 0.5400000  3.9597 -2.9753 12.656 12.622 12.570 12.467 12.502 12.437 12.365 12.165 12.263 12.256 12.255 12.265 12.286
    8.898732 0.5400000  3.9568 -2.9871 12.682 12.647 12.593 12.488 12.524 12.458 12.385 12.184 12.282 12.272 12.271 12.281 12.301
    8.909482 0.5400000  3.9540 -2.9988 12.708 12.671 12.615 12.509 12.545 12.478 12.404 12.202 12.300 12.289 12.288 12.296 12.316
    8.920183 0.5400000  3.9511 -3.0106 12.735 12.695 12.639 12.531 12.568 12.499 12.424 12.221 12.319 12.306 12.304 12.311 12.331
    8.930829 0.5400000  3.9483 -3.0224 12.761 12.720 12.662 12.552 12.590 12.520 12.443 12.240 12.338 12.323 12.321 12.326 12.346
    8.941411 0.5400000  3.9454 -3.0342 12.788 12.745 12.686 12.574 12.612 12.541 12.463 12.259 12.357 12.340 12.338 12.342 12.362
    8.951931 0.5400000  3.9425 -3.0460 12.815 12.770 12.709 12.595 12.635 12.563 12.483 12.278 12.376 12.357 12.355 12.357 12.377
    8.962365 0.5400000  3.9396 -3.0578 12.842 12.796 12.733 12.617 12.658 12.584 12.503 12.297 12.395 12.374 12.372 12.373 12.393
    8.972718 0.5400000  3.9368 -3.0697 12.870 12.821 12.757 12.639 12.681 12.606 12.524 12.317 12.415 12.392 12.389 12.389 12.409
    8.982968 0.5400000  3.9339 -3.0815 12.897 12.847 12.781 12.661 12.704 12.628 12.544 12.336 12.434 12.409 12.406 12.404 12.424
    8.993129 0.5400000  3.9310 -3.0933 12.925 12.873 12.806 12.684 12.727 12.650 12.565 12.356 12.454 12.427 12.423 12.420 12.440
    9.003207 0.5400000  3.9281 -3.1052 12.953 12.899 12.830 12.706 12.751 12.672 12.586 12.376 12.474 12.445 12.441 12.436 12.456
    9.013186 0.5400000  3.9252 -3.1170 12.981 12.925 12.855 12.729 12.774 12.694 12.606 12.396 12.494 12.463 12.459 12.452 12.473
    9.023062 0.5400000  3.9223 -3.1289 13.010 12.952 12.880 12.752 12.798 12.717 12.627 12.416 12.514 12.481 12.476 12.469 12.489
    9.032841 0.5400000  3.9194 -3.1407 13.039 12.978 12.905 12.775 12.822 12.739 12.648 12.436 12.534 12.500 12.494 12.485 12.505
    9.042530 0.5400000  3.9165 -3.1526 13.068 13.005 12.930 12.798 12.846 12.762 12.670 12.457 12.555 12.518 12.512 12.501 12.522
    9.052094 0.5400000  3.9136 -3.1645 13.097 13.032 12.956 12.822 12.871 12.785 12.691 12.478 12.576 12.537 12.530 12.518 12.539
    9.061584 0.5400000  3.9107 -3.1762 13.126 13.059 12.981 12.845 12.895 12.808 12.713 12.498 12.596 12.555 12.548 12.535 12.555
    9.071085 0.5400000  3.9078 -3.1882 13.155 13.087 13.007 12.869 12.920 12.831 12.734 12.519 12.617 12.574 12.566 12.551 12.572
    9.080377 0.5400000  3.9047 -3.2005 13.186 13.115 13.034 12.894 12.945 12.855 12.757 12.541 12.639 12.594 12.585 12.569 12.590
    9.089301 0.5400000  3.9018 -3.2123 13.216 13.143 13.060 12.918 12.970 12.879 12.779 12.561 12.659 12.613 12.603 12.586 12.607
    9.098174 0.5400000  3.8989 -3.2241 13.246 13.170 13.086 12.942 12.995 12.902 12.801 12.582 12.680 12.631 12.622 12.602 12.624
    9.107000 0.5400000  3.8960 -3.2360 13.276 13.198 13.112 12.966 13.020 12.926 12.823 12.604 12.701 12.650 12.640 12.619 12.641
    9.115716 0.5400000  3.8931 -3.2479 13.306 13.227 13.139 12.990 13.046 12.949 12.845 12.625 12.723 12.669 12.658 12.636 12.658
    9.124326 0.5400000  3.8901 -3.2599 13.337 13.255 13.165 13.015 13.071 12.973 12.868 12.646 12.744 12.689 12.677 12.654 12.675
    9.132814 0.5400000  3.8872 -3.2718 13.368 13.284 13.192 13.039 13.097 12.997 12.890 12.668 12.766 12.708 12.696 12.671 12.692
    9.141198 0.5400000  3.8842 -3.2837 13.399 13.312 13.219 13.064 13.123 13.022 12.913 12.690 12.787 12.727 12.715 12.688 12.709
    9.149477 0.5400000  3.8813 -3.2956 13.430 13.341 13.246 13.089 13.148 13.046 12.935 12.711 12.809 12.746 12.734 12.705 12.727
    9.157685 0.5400000  3.8784 -3.3075 13.461 13.370 13.273 13.114 13.174 13.070 12.958 12.733 12.830 12.766 12.752 12.722 12.744
    9.165823 0.5400000  3.8755 -3.3193 13.492 13.399 13.300 13.139 13.200 13.095 12.981 12.755 12.852 12.785 12.771 12.740 12.762
    9.173913 0.5400000  3.8725 -3.3313 13.524 13.429 13.328 13.164 13.227 13.119 13.004 12.777 12.874 12.805 12.790 12.757 12.779
    9.181890 0.5400000  3.8696 -3.3432 13.556 13.458 13.355 13.189 13.253 13.144 13.027 12.799 12.896 12.824 12.809 12.774 12.796
    9.189803 0.5400000  3.8666 -3.3551 13.587 13.487 13.383 13.214 13.279 13.168 13.050 12.821 12.918 12.844 12.828 12.792 12.814
    9.197662 0.5400000  3.8637 -3.3669 13.619 13.517 13.411 13.239 13.305 13.193 13.072 12.843 12.939 12.863 12.847 12.809 12.831
    9.205467 0.5400000  3.8608 -3.3789 13.652 13.547 13.439 13.265 13.332 13.218 13.096 12.865 12.962 12.883 12.867 12.826 12.849
    9.213186 0.5400000  3.8578 -3.3907 13.684 13.576 13.467 13.290 13.358 13.242 13.118 12.887 12.984 12.903 12.886 12.844 12.866
    9.220853 0.5400000  3.8549 -3.4026 13.716 13.606 13.495 13.316 13.385 13.267 13.142 12.909 13.006 12.922 12.905 12.861 12.883
    9.228458 0.5400000  3.8520 -3.4145 13.749 13.636 13.523 13.342 13.412 13.292 13.165 12.931 13.028 12.942 12.924 12.879 12.901
    9.236014 0.5400000  3.8490 -3.4264 13.782 13.666 13.551 13.368 13.439 13.317 13.188 12.954 13.050 12.962 12.944 12.896 12.918
    9.243517 0.5400000  3.8461 -3.4382 13.815 13.696 13.580 13.394 13.465 13.342 13.211 12.976 13.073 12.982 12.963 12.913 12.935
    9.251002 0.5400000  3.8432 -3.4501 13.848 13.727 13.608 13.420 13.492 13.367 13.235 12.998 13.095 13.002 12.982 12.931 12.953
    9.258803 0.5400000  3.8403 -3.4619 13.882 13.758 13.637 13.446 13.520 13.392 13.258 13.021 13.118 13.021 13.001 12.949 12.971
    9.268531 0.5400000  3.8371 -3.4741 13.917 13.790 13.667 13.473 13.548 13.419 13.283 13.044 13.141 13.042 13.021 12.966 12.989
    9.278490 0.5400000  3.8342 -3.4859 13.951 13.821 13.696 13.499 13.575 13.444 13.306 13.066 13.163 13.062 13.040 12.984 13.006
    9.288736 0.5400000  3.8312 -3.4977 13.985 13.852 13.725 13.525 13.603 13.470 13.330 13.089 13.186 13.082 13.060 13.001 13.024
    9.298523 0.5400000  3.8283 -3.5095 14.020 13.883 13.755 13.552 13.631 13.496 13.354 13.112 13.209 13.102 13.079 13.019 13.041
    9.308366 0.5400000  3.8254 -3.5214 14.055 13.915 13.784 13.579 13.659 13.522 13.378 13.135 13.232 13.122 13.099 13.037 13.059
    9.318321 0.5400000  3.8224 -3.5335 14.091 13.948 13.815 13.606 13.688 13.549 13.403 13.159 13.255 13.143 13.119 13.055 13.078
    9.328440 0.5400000  3.8194 -3.5454 14.126 13.980 13.845 13.634 13.716 13.575 13.428 13.182 13.278 13.163 13.139 13.073 13.096
    9.337867 0.5400000  3.8165 -3.5574 14.162 14.013 13.876 13.661 13.745 13.602 13.452 13.206 13.302 13.184 13.159 13.091 13.114
    9.347085 0.5400000  3.8135 -3.5693 14.198 14.046 13.906 13.688 13.774 13.629 13.477 13.229 13.325 13.205 13.179 13.109 13.132
    9.356594 0.5400000  3.8106 -3.5812 14.235 14.079 13.937 13.716 13.803 13.655 13.502 13.253 13.349 13.225 13.199 13.127 13.151
    9.365195 0.5400000  3.8076 -3.5931 14.272 14.112 13.968 13.744 13.833 13.682 13.527 13.276 13.372 13.246 13.219 13.146 13.169
    9.374425 0.5400000  3.8047 -3.6051 14.310 14.146 13.999 13.772 13.862 13.710 13.552 13.300 13.396 13.267 13.239 13.164 13.187
    9.382554 0.5400000  3.8017 -3.6171 14.348 14.181 14.031 13.801 13.892 13.737 13.577 13.324 13.420 13.288 13.260 13.182 13.205
    9.391226 0.5400000  3.7987 -3.6290 14.386 14.215 14.063 13.829 13.922 13.764 13.602 13.348 13.444 13.309 13.280 13.200 13.224
    9.399156 0.5400000  3.7958 -3.6409 14.424 14.249 14.095 13.857 13.952 13.792 13.627 13.372 13.468 13.330 13.300 13.219 13.242
    9.406981 0.5400000  3.7928 -3.6528 14.463 14.284 14.127 13.886 13.982 13.819 13.653 13.396 13.492 13.351 13.320 13.237 13.260
    9.414814 0.5400000  3.7898 -3.6648 14.502 14.319 14.160 13.915 14.013 13.847 13.678 13.421 13.517 13.372 13.341 13.255 13.279
    9.422678 0.5400000  3.7869 -3.6767 14.542 14.355 14.192 13.944 14.043 13.875 13.704 13.445 13.541 13.393 13.361 13.274 13.297
    9.430018 0.5400000  3.7839 -3.6886 14.581 14.390 14.225 13.973 14.074 13.903 13.730 13.469 13.565 13.415 13.382 13.292 13.315
    9.437811 0.5400000  3.7810 -3.7005 14.621 14.426 14.258 14.002 14.105 13.931 13.756 13.494 13.590 13.436 13.403 13.311 13.334
    9.445518 0.5400000  3.7780 -3.7124 14.662 14.462 14.291 14.032 14.136 13.959 13.781 13.518 13.614 13.457 13.423 13.329 13.352
    9.452487 0.5400000  3.7750 -3.7246 14.705 14.500 14.326 14.063 14.169 13.988 13.808 13.544 13.640 13.479 13.444 13.348 13.371
    9.460032 0.5400000  3.7721 -3.7365 14.747 14.538 14.361 14.093 14.201 14.017 13.835 13.569 13.665 13.501 13.465 13.366 13.390
    9.467486 0.5400000  3.7691 -3.7484 14.791 14.576 14.396 14.124 14.233 14.046 13.862 13.594 13.690 13.522 13.486 13.385 13.408
    9.474204 0.5400000  3.7661 -3.7603 14.835 14.614 14.431 14.154 14.266 14.076 13.888 13.619 13.715 13.544 13.507 13.403 13.427
    9.479347 0.5400000  3.7631 -3.7722 14.879 14.653 14.467 14.186 14.299 14.105 13.915 13.644 13.740 13.565 13.527 13.422 13.445
    9.485009 0.5400000  3.7602 -3.7842 14.924 14.693 14.503 14.217 14.332 14.136 13.943 13.670 13.766 13.587 13.548 13.440 13.464
    9.492107 0.5400000  3.7572 -3.7961 14.969 14.732 14.540 14.249 14.366 14.166 13.970 13.696 13.791 13.609 13.569 13.459 13.483
    9.498479 0.5400000  3.7543 -3.8080 15.015 14.772 14.576 14.280 14.399 14.196 13.997 13.722 13.817 13.631 13.590 13.477 13.501
    9.505342 0.5400000  3.7513 -3.8200 15.062 14.813 14.613 14.313 14.434 14.227 14.025 13.748 13.843 13.653 13.612 13.496 13.520
    9.511672 0.5400000  3.7484 -3.8318 15.109 14.853 14.650 14.345 14.468 14.257 14.053 13.773 13.869 13.675 13.633 13.515 13.539
    9.517996 0.5400000  3.7454 -3.8439 15.157 14.895 14.689 14.378 14.503 14.288 14.081 13.800 13.895 13.697 13.654 13.534 13.558
    9.524185 0.5400000  3.7424 -3.8558 15.205 14.937 14.727 14.410 14.537 14.319 14.109 13.826 13.921 13.719 13.676 13.552 13.577
    9.530336 0.5400000  3.7395 -3.8678 15.255 14.980 14.766 14.444 14.573 14.351 14.138 13.853 13.948 13.741 13.697 13.571 13.596
    9.536415 0.5400000  3.7365 -3.8798 15.307 15.025 14.807 14.479 14.611 14.384 14.167 13.881 13.976 13.765 13.719 13.591 13.616
    9.542430 0.5400000  3.7335 -3.8917 15.359 15.070 14.848 14.514 14.648 14.417 14.197 13.909 14.003 13.788 13.741 13.610 13.635
    9.548422 0.5400000  3.7305 -3.9037 15.413 15.116 14.890 14.550 14.686 14.451 14.227 13.937 14.032 13.811 13.764 13.630 13.655
    9.554317 0.5400000  3.7275 -3.9156 15.467 15.163 14.932 14.586 14.725 14.485 14.257 13.965 14.060 13.835 13.786 13.649 13.675
    9.559728 0.5400000  3.7246 -3.9275 15.522 15.210 14.975 14.622 14.764 14.519 14.288 13.993 14.088 13.858 13.809 13.669 13.695
    9.565519 0.5400000  3.7216 -3.9395 15.579 15.258 15.018 14.659 14.803 14.554 14.319 14.022 14.117 13.882 13.832 13.689 13.715
    9.570804 0.5400000  3.7186 -3.9515 15.636 15.308 15.063 14.697 14.844 14.589 14.350 14.052 14.147 13.907 13.855 13.709 13.735
    9.576465 0.5400000  3.7157 -3.9634 15.695 15.358 15.108 14.735 14.885 14.625 14.383 14.082 14.177 13.931 13.878 13.729 13.755
    9.581650 0.5400000  3.7127 -3.9754 15.754 15.409 15.155 14.774 14.927 14.662 14.415 14.112 14.207 13.956 13.902 13.750 13.776
    9.586772 0.5400000  3.7097 -3.9873 15.815 15.460 15.202 14.814 14.969 14.698 14.448 14.143 14.237 13.981 13.926 13.770 13.797
    9.591858 0.5400000  3.7067 -3.9992 15.876 15.513 15.250 14.854 15.012 14.736 14.482 14.174 14.268 14.006 13.950 13.791 13.817
    9.596909 0.5400000  3.7037 -4.0112 15.939 15.566 15.299 14.895 15.056 14.774 14.516 14.205 14.300 14.031 13.974 13.811 13.838
    9.601906 0.5400000  3.7008 -4.0231 16.002 15.620 15.348 14.936 15.100 14.812 14.550 14.237 14.331 14.057 13.998 13.832 13.859
    9.606872 0.5400000  3.6978 -4.0350 16.066 15.675 15.399 14.978 15.145 14.851 14.585 14.269 14.363 14.083 14.023 13.853 13.880
    9.611792 0.5400000  3.6948 -4.0470 16.132 15.731 15.450 15.021 15.191 14.891 14.621 14.302 14.396 14.109 14.048 13.875 13.902
    9.616663 0.5400000  3.6918 -4.0589 16.198 15.787 15.502 15.064 15.238 14.931 14.657 14.336 14.429 14.136 14.074 13.897 13.924
    9.621139 0.5400000  3.6889 -4.0708 16.265 15.845 15.555 15.109 15.285 14.971 14.693 14.370 14.463 14.163 14.100 13.919 13.946
    9.625969 0.5400000  3.6859 -4.0827 16.333 15.903 15.608 15.154 15.333 15.012 14.730 14.404 14.497 14.191 14.126 13.941 13.968
    9.630401 0.5400000  3.6829 -4.0947 16.402 15.962 15.663 15.199 15.382 15.054 14.768 14.439 14.532 14.219 14.152 13.964 13.991
    9.634817 0.5400000  3.6799 -4.1068 16.473 16.022 15.719 15.247 15.432 15.097 14.806 14.475 14.567 14.248 14.179 13.987 14.014
    9.639382 0.5400000  3.6768 -4.1190 16.545 16.084 15.776 15.295 15.484 15.141 14.846 14.512 14.604 14.277 14.207 14.010 14.038
    9.643766 0.5400000  3.6739 -4.1309 16.616 16.145 15.833 15.342 15.535 15.185 14.885 14.548 14.640 14.306 14.234 14.034 14.062
    9.648093 0.5400000  3.6709 -4.1427 16.687 16.206 15.890 15.390 15.585 15.228 14.924 14.585 14.677 14.336 14.262 14.057 14.086
    9.652312 0.5400000  3.6680 -4.1544 16.758 16.267 15.947 15.438 15.637 15.272 14.964 14.622 14.714 14.365 14.290 14.081 14.110
    9.656472 0.5400000  3.6650 -4.1663 16.831 16.330 16.006 15.488 15.689 15.317 15.005 14.660 14.752 14.396 14.319 14.105 14.134
    9.660514 0.5400000  3.6621 -4.1782 16.905 16.393 16.066 15.538 15.743 15.363 15.046 14.698 14.790 14.426 14.348 14.130 14.159
    9.664511 0.5400000  3.6591 -4.1902 16.980 16.458 16.127 15.589 15.797 15.409 15.089 14.738 14.829 14.458 14.378 14.155 14.185
    9.668519 0.5400000  3.6561 -4.2021 17.055 16.523 16.188 15.641 15.852 15.456 15.131 14.777 14.869 14.489 14.408 14.181 14.210
    9.673001 0.5400000  3.6531 -4.2140 17.131 16.589 16.250 15.693 15.907 15.504 15.174 14.817 14.909 14.521 14.438 14.206 14.236
    9.677222 0.5400000  3.6501 -4.2260 17.207 16.655 16.313 15.746 15.963 15.552 15.218 14.858 14.950 14.554 14.469 14.232 14.263
    9.681433 0.5400000  3.6472 -4.2379 17.284 16.721 16.376 15.800 16.020 15.600 15.262 14.900 14.991 14.587 14.500 14.259 14.289
    9.685252 0.5400000  3.6442 -4.2498 17.361 16.789 16.440 15.854 16.077 15.649 15.307 14.941 15.033 14.620 14.531 14.285 14.316
    9.689442 0.5400000  3.6412 -4.2618 17.439 16.857 16.505 15.909 16.135 15.698 15.352 14.984 15.075 14.654 14.563 14.312 14.343
    9.693518 0.5400000  3.6382 -4.2737 17.518 16.925 16.570 15.964 16.194 15.748 15.398 15.027 15.118 14.688 14.595 14.339 14.371
    9.697473 0.5400000  3.6352 -4.2857 17.597 16.995 16.636 16.021 16.253 15.799 15.444 15.070 15.161 14.722 14.628 14.367 14.399
    9.701408 0.5400000  3.6322 -4.2976 17.677 17.065 16.703 16.078 16.313 15.850 15.491 15.115 15.205 14.757 14.661 14.395 14.427
    9.705328 0.5400000  3.6293 -4.3096 17.758 17.135 16.770 16.135 16.373 15.902 15.538 15.159 15.249 14.793 14.694 14.423 14.455
    9.709223 0.5400000  3.6263 -4.3215 17.838 17.206 16.838 16.193 16.434 15.954 15.586 15.204 15.294 14.828 14.728 14.452 14.484
    9.713102 0.5400000  3.6233 -4.3335 17.920 17.277 16.906 16.252 16.495 16.006 15.635 15.250 15.340 14.865 14.762 14.481 14.513
    9.716944 0.5400000  3.6203 -4.3455 18.002 17.349 16.975 16.311 16.558 16.060 15.684 15.296 15.386 14.902 14.797 14.510 14.543
    9.720570 0.5400000  3.6173 -4.3574 18.084 17.421 17.044 16.371 16.620 16.113 15.734 15.343 15.432 14.939 14.832 14.540 14.573
    9.724379 0.5400000  3.6143 -4.3694 18.166 17.494 17.115 16.431 16.683 16.167 15.784 15.390 15.479 14.976 14.867 14.570 14.604
    9.728164 0.5400000  3.6113 -4.3813 18.249 17.567 17.185 16.492 16.747 16.221 15.835 15.438 15.527 15.014 14.903 14.600 14.634
    9.731934 0.5400000  3.6084 -4.3932 18.333 17.641 17.256 16.553 16.811 16.276 15.886 15.486 15.575 15.053 14.939 14.631 14.665
    9.735498 0.5400000  3.6054 -4.4051 18.416 17.714 17.328 16.615 16.875 16.331 15.937 15.535 15.623 15.091 14.975 14.662 14.697
    9.739206 0.5400000  3.6024 -4.4171 18.501 17.789 17.400 16.678 16.940 16.387 15.990 15.584 15.673 15.131 15.012 14.694 14.729
    9.742844 0.5400000  3.5995 -4.4290 18.585 17.864 17.472 16.740 17.006 16.443 16.042 15.634 15.722 15.170 15.050 14.725 14.761
    9.746467 0.5400000  3.5965 -4.4409 18.670 17.939 17.545 16.804 17.071 16.500 16.095 15.684 15.772 15.210 15.087 14.757 14.793
    9.750087 0.5400000  3.5935 -4.4529 18.755 18.015 17.619 16.868 17.138 16.557 16.149 15.734 15.823 15.251 15.126 14.790 14.826
    9.753688 0.5400000  3.5905 -4.4648 18.841 18.091 17.693 16.932 17.205 16.614 16.203 15.786 15.874 15.292 15.164 14.822 14.859
    9.757170 0.5400000  3.5875 -4.4768 18.928 18.168 17.768 16.997 17.272 16.672 16.257 15.838 15.926 15.333 15.203 14.856 14.893
    9.760743 0.5400000  3.5846 -4.4887 19.014 18.244 17.842 17.063 17.340 16.730 16.312 15.890 15.978 15.375 15.242 14.889 14.926
    9.764297 0.5400000  3.5816 -4.5007 19.102 18.322 17.918 17.129 17.409 16.789 16.368 15.942 16.031 15.417 15.282 14.923 14.961
    9.767741 0.5400000  3.5786 -4.5126 19.189 18.400 17.994 17.195 17.478 16.848 16.424 15.996 16.084 15.460 15.322 14.957 14.995
    9.771173 0.5400000  3.5756 -4.5246 19.277 18.478 18.071 17.263 17.547 16.908 16.480 16.050 16.138 15.503 15.362 14.991 15.030
    9.774589 0.5400000  3.5727 -4.5365 19.365 18.557 18.148 17.330 17.617 16.968 16.537 16.104 16.191 15.546 15.403 15.026 15.065
    9.778000 0.5400000  3.5697 -4.5484 19.454 18.635 18.225 17.398 17.687 17.028 16.594 16.158 16.246 15.590 15.444 15.061 15.101
    9.781405 0.5400000  3.5667 -4.5604 19.543 18.715 18.303 17.466 17.757 17.089 16.652 16.213 16.301 15.634 15.486 15.096 15.137
    9.784795 0.5400000  3.5637 -4.5724 19.632 18.795 18.381 17.535 17.829 17.151 16.710 16.269 16.356 15.679 15.528 15.132 15.173
    9.788166 0.5400000  3.5608 -4.5843 19.722 18.875 18.459 17.604 17.900 17.212 16.769 16.325 16.412 15.724 15.570 15.168 15.210
    9.791539 0.5400000  3.5578 -4.5962 19.812 18.955 18.538 17.673 17.971 17.274 16.827 16.381 16.468 15.769 15.613 15.204 15.246
    9.794904 0.5400000  3.5548 -4.6081 19.902 19.036 18.618 17.743 18.043 17.336 16.887 16.438 16.524 15.815 15.656 15.241 15.284
