#     log(t)    Mwd   log(Teff)log(L/Lo) F435W F475W  F502N  F550M  F555W  F606W  F625W  F658N  F660N  F775W  F814W  F850LP F892N
  6.30857992 0.6100000  4.9088  1.1963  7.546  7.712  7.834  7.938  7.874  7.939  8.032  7.966  8.045  8.211  8.253  8.410  8.424
  6.30917263 0.6100000  4.9051  1.1777  7.563  7.730  7.851  7.955  7.891  7.956  8.049  7.983  8.062  8.228  8.269  8.426  8.441
  6.30955553 0.6100000  4.9019  1.1622  7.577  7.743  7.865  7.968  7.904  7.969  8.063  7.997  8.075  8.241  8.282  8.439  8.454
  6.30985212 0.6100000  4.8994  1.1503  7.587  7.754  7.875  7.979  7.914  7.979  8.073  8.007  8.085  8.251  8.292  8.449  8.464
  6.31015110 0.6100000  4.8971  1.1390  7.597  7.763  7.884  7.988  7.924  7.989  8.082  8.016  8.095  8.261  8.302  8.459  8.473
  6.31046867 0.6100000  4.8948  1.1281  7.606  7.772  7.894  7.997  7.933  7.998  8.091  8.026  8.104  8.270  8.310  8.467  8.482
  6.31081534 0.6100000  4.8925  1.1173  7.616  7.782  7.903  8.006  7.942  8.007  8.100  8.035  8.113  8.278  8.319  8.476  8.491
  6.31120062 0.6100000  4.8903  1.1066  7.625  7.791  7.912  8.015  7.951  8.016  8.109  8.044  8.122  8.287  8.328  8.485  8.500
  6.31163406 0.6100000  4.8881  1.0960  7.634  7.800  7.921  8.024  7.960  8.025  8.118  8.053  8.131  8.296  8.337  8.494  8.508
  6.31212473 0.6100000  4.8860  1.0855  7.644  7.809  7.930  8.033  7.969  8.034  8.127  8.063  8.140  8.305  8.346  8.503  8.517
  6.31268406 0.6100000  4.8838  1.0750  7.653  7.819  7.939  8.042  7.978  8.043  8.136  8.072  8.150  8.314  8.355  8.511  8.526
  6.31332255 0.6100000  4.8817  1.0645  7.663  7.828  7.948  8.051  7.988  8.052  8.146  8.081  8.159  8.323  8.364  8.520  8.535
  6.31405306 0.6100000  4.8796  1.0541  7.672  7.837  7.957  8.060  7.997  8.061  8.155  8.090  8.168  8.332  8.373  8.529  8.544
  6.31488848 0.6100000  4.8774  1.0435  7.682  7.847  7.967  8.070  8.006  8.071  8.164  8.100  8.178  8.341  8.382  8.539  8.553
  6.31583929 0.6100000  4.8753  1.0330  7.691  7.856  7.976  8.079  8.016  8.080  8.174  8.110  8.187  8.351  8.392  8.548  8.563
  6.31691456 0.6100000  4.8732  1.0223  7.702  7.866  7.986  8.089  8.026  8.090  8.183  8.119  8.197  8.360  8.401  8.557  8.572
  6.31811953 0.6100000  4.8711  1.0115  7.712  7.876  7.996  8.099  8.036  8.100  8.193  8.130  8.207  8.370  8.411  8.567  8.582
  6.31945372 0.6100000  4.8689  1.0005  7.722  7.887  8.006  8.109  8.046  8.110  8.203  8.140  8.217  8.380  8.421  8.577  8.592
  6.32091046 0.6100000  4.8667  0.9895  7.733  7.897  8.016  8.119  8.056  8.121  8.214  8.150  8.228  8.390  8.431  8.587  8.602
  6.32248593 0.6100000  4.8646  0.9783  7.744  7.908  8.027  8.130  8.067  8.131  8.224  8.161  8.238  8.401  8.442  8.598  8.612
  6.32417489 0.6100000  4.8624  0.9671  7.755  7.919  8.038  8.141  8.078  8.142  8.235  8.172  8.249  8.411  8.452  8.608  8.623
  6.32596923 0.6100000  4.8602  0.9557  7.766  7.930  8.049  8.152  8.088  8.153  8.245  8.183  8.260  8.422  8.463  8.619  8.633
  6.32786037 0.6100000  4.8580  0.9443  7.777  7.941  8.059  8.162  8.099  8.164  8.256  8.194  8.271  8.433  8.473  8.629  8.644
  6.32983829 0.6100000  4.8557  0.9328  7.789  7.952  8.071  8.173  8.110  8.175  8.267  8.205  8.282  8.444  8.484  8.640  8.655
  6.33189632 0.6100000  4.8535  0.9213  7.800  7.963  8.081  8.184  8.121  8.186  8.278  8.216  8.293  8.454  8.495  8.651  8.666
  6.33402206 0.6100000  4.8513  0.9097  7.811  7.975  8.093  8.195  8.133  8.197  8.289  8.228  8.304  8.465  8.506  8.662  8.676
  6.33621170 0.6100000  4.8490  0.8981  7.823  7.986  8.104  8.206  8.144  8.208  8.300  8.239  8.315  8.476  8.517  8.673  8.687
  6.33846476 0.6100000  4.8468  0.8864  7.834  7.997  8.115  8.218  8.155  8.219  8.311  8.250  8.326  8.487  8.528  8.684  8.698
  6.34077074 0.6100000  4.8445  0.8747  7.846  8.009  8.126  8.229  8.166  8.230  8.322  8.262  8.338  8.498  8.539  8.695  8.709
  6.34313109 0.6100000  4.8423  0.8631  7.857  8.020  8.137  8.240  8.177  8.241  8.333  8.273  8.349  8.509  8.550  8.706  8.720
  6.34554532 0.6100000  4.8400  0.8514  7.869  8.031  8.148  8.251  8.188  8.252  8.344  8.284  8.360  8.520  8.561  8.717  8.731
  6.34800818 0.6100000  4.8377  0.8396  7.880  8.043  8.160  8.262  8.200  8.264  8.356  8.296  8.372  8.531  8.572  8.728  8.742
  6.35051492 0.6100000  4.8355  0.8279  7.892  8.054  8.171  8.273  8.211  8.275  8.367  8.307  8.383  8.542  8.583  8.739  8.753
  6.35306362 0.6100000  4.8332  0.8161  7.903  8.066  8.182  8.284  8.222  8.286  8.378  8.319  8.394  8.553  8.594  8.750  8.764
  6.35564808 0.6100000  4.8309  0.8044  7.915  8.077  8.193  8.295  8.233  8.297  8.389  8.330  8.405  8.564  8.605  8.761  8.775
  6.35826878 0.6100000  4.8286  0.7926  7.926  8.088  8.204  8.307  8.244  8.308  8.400  8.341  8.416  8.575  8.616  8.771  8.785
  6.36092476 0.6100000  4.8263  0.7808  7.938  8.100  8.216  8.318  8.256  8.319  8.411  8.352  8.428  8.586  8.627  8.782  8.796
  6.36361270 0.6100000  4.8240  0.7691  7.949  8.111  8.226  8.328  8.267  8.330  8.422  8.364  8.438  8.597  8.637  8.793  8.807
  6.36633496 0.6100000  4.8216  0.7573  7.960  8.122  8.237  8.339  8.278  8.341  8.433  8.375  8.450  8.607  8.648  8.804  8.818
  6.36908822 0.6100000  4.8193  0.7454  7.972  8.133  8.249  8.351  8.289  8.352  8.444  8.386  8.461  8.618  8.659  8.815  8.829
  6.37186294 0.6100000  4.8170  0.7336  7.983  8.144  8.260  8.361  8.300  8.363  8.455  8.397  8.472  8.629  8.670  8.826  8.839
  6.37466913 0.6100000  4.8147  0.7219  7.994  8.155  8.270  8.372  8.311  8.374  8.465  8.408  8.483  8.640  8.681  8.836  8.850
  6.37750679 0.6100000  4.8123  0.7101  8.006  8.167  8.281  8.383  8.322  8.385  8.476  8.419  8.494  8.650  8.691  8.847  8.861
  6.38037306 0.6100000  4.8100  0.6982  8.017  8.178  8.292  8.394  8.333  8.396  8.487  8.431  8.505  8.661  8.702  8.858  8.871
  6.38326651 0.6100000  4.8076  0.6864  8.028  8.189  8.303  8.405  8.344  8.407  8.498  8.442  8.516  8.672  8.713  8.868  8.882
  6.38618333 0.6100000  4.8053  0.6746  8.039  8.200  8.314  8.415  8.355  8.417  8.509  8.453  8.527  8.682  8.724  8.879  8.893
  6.38912256 0.6100000  4.8029  0.6628  8.051  8.211  8.325  8.426  8.365  8.428  8.519  8.464  8.538  8.693  8.734  8.889  8.903
  6.39208372 0.6100000  4.8006  0.6509  8.062  8.222  8.336  8.437  8.376  8.439  8.530  8.475  8.549  8.704  8.745  8.900  8.914
  6.39507159 0.6100000  4.7982  0.6391  8.073  8.233  8.346  8.448  8.387  8.450  8.541  8.486  8.559  8.714  8.755  8.910  8.924
  6.39808377 0.6100000  4.7958  0.6273  8.084  8.244  8.357  8.458  8.398  8.460  8.551  8.497  8.570  8.725  8.766  8.921  8.934
  6.40111741 0.6100000  4.7935  0.6155  8.095  8.255  8.368  8.469  8.408  8.471  8.562  8.508  8.581  8.735  8.776  8.931  8.945
  6.40417442 0.6100000  4.7911  0.6036  8.106  8.266  8.378  8.480  8.419  8.482  8.573  8.519  8.592  8.746  8.787  8.942  8.955
  6.40725432 0.6100000  4.7887  0.5918  8.117  8.276  8.389  8.490  8.430  8.492  8.583  8.529  8.602  8.756  8.797  8.952  8.965
  6.41035853 0.6100000  4.7863  0.5800  8.128  8.287  8.400  8.500  8.440  8.503  8.594  8.540  8.613  8.766  8.807  8.962  8.976
  6.41348659 0.6100000  4.7839  0.5682  8.139  8.298  8.410  8.511  8.451  8.514  8.604  8.551  8.624  8.777  8.817  8.972  8.986
  6.41663706 0.6100000  4.7815  0.5563  8.149  8.309  8.421  8.521  8.461  8.524  8.615  8.562  8.634  8.787  8.828  8.983  8.996
  6.41980946 0.6100000  4.7791  0.5445  8.160  8.320  8.431  8.532  8.472  8.535  8.625  8.573  8.645  8.797  8.838  8.993  9.006
  6.42299760 0.6100000  4.7767  0.5326  8.171  8.330  8.442  8.542  8.482  8.545  8.635  8.583  8.656  8.808  8.848  9.003  9.017
  6.42620433 0.6100000  4.7743  0.5208  8.182  8.341  8.452  8.553  8.493  8.556  8.646  8.594  8.666  8.818  8.858  9.013  9.027
  6.42943920 0.6100000  4.7718  0.5090  8.193  8.352  8.463  8.563  8.503  8.566  8.656  8.605  8.677  8.828  8.868  9.024  9.037
  6.43270030 0.6100000  4.7694  0.4972  8.203  8.362  8.473  8.573  8.513  8.576  8.666  8.615  8.687  8.838  8.879  9.034  9.047
  6.43598666 0.6100000  4.7670  0.4854  8.214  8.373  8.483  8.584  8.524  8.587  8.677  8.626  8.698  8.848  8.889  9.044  9.057
  6.43929735 0.6100000  4.7645  0.4735  8.225  8.384  8.494  8.594  8.534  8.597  8.687  8.637  8.708  8.859  8.899  9.054  9.067
  6.44262377 0.6100000  4.7621  0.4617  8.236  8.394  8.504  8.604  8.545  8.608  8.697  8.647  8.719  8.869  8.909  9.064  9.077
  6.44597547 0.6100000  4.7597  0.4499  8.246  8.405  8.514  8.614  8.555  8.618  8.707  8.658  8.729  8.879  8.919  9.074  9.087
  6.44934624 0.6100000  4.7572  0.4380  8.257  8.415  8.525  8.625  8.565  8.628  8.718  8.669  8.740  8.889  8.929  9.084  9.098
  6.45273846 0.6100000  4.7548  0.4262  8.268  8.426  8.535  8.635  8.576  8.639  8.728  8.679  8.750  8.899  8.940  9.094  9.108
  6.45615501 0.6100000  4.7523  0.4144  8.279  8.436  8.545  8.645  8.586  8.649  8.738  8.690  8.760  8.909  8.949  9.104  9.118
  6.45958681 0.6100000  4.7499  0.4025  8.290  8.447  8.556  8.655  8.596  8.659  8.748  8.700  8.771  8.919  8.960  9.114  9.128
  6.46304294 0.6100000  4.7474  0.3907  8.300  8.457  8.566  8.665  8.606  8.669  8.758  8.711  8.781  8.929  8.970  9.124  9.138
  6.46651670 0.6100000  4.7450  0.3789  8.311  8.468  8.576  8.676  8.617  8.679  8.768  8.721  8.792  8.939  8.980  9.134  9.148
  6.47001097 0.6100000  4.7425  0.3670  8.321  8.478  8.586  8.686  8.627  8.690  8.778  8.732  8.802  8.949  8.990  9.144  9.158
  6.47352098 0.6100000  4.7400  0.3552  8.332  8.489  8.597  8.696  8.637  8.700  8.788  8.742  8.812  8.959  9.000  9.154  9.168
  6.47706294 0.6100000  4.7375  0.3434  8.342  8.499  8.607  8.706  8.647  8.710  8.798  8.753  8.823  8.968  9.009  9.164  9.177
  6.48062826 0.6100000  4.7351  0.3316  8.353  8.509  8.617  8.716  8.657  8.720  8.808  8.763  8.833  8.978  9.019  9.173  9.187
  6.48421694 0.6100000  4.7326  0.3198  8.363  8.519  8.627  8.726  8.667  8.730  8.818  8.773  8.843  8.988  9.029  9.183  9.197
  6.48783471 0.6100000  4.7301  0.3079  8.374  8.530  8.637  8.736  8.678  8.740  8.828  8.784  8.853  8.998  9.039  9.193  9.207
  6.49147919 0.6100000  4.7276  0.2961  8.384  8.540  8.647  8.746  8.688  8.750  8.838  8.794  8.863  9.008  9.049  9.203  9.216
  6.49514417 0.6100000  4.7251  0.2843  8.395  8.550  8.657  8.755  8.698  8.760  8.848  8.804  8.874  9.017  9.058  9.212  9.226
  6.49883109 0.6100000  4.7226  0.2724  8.405  8.561  8.667  8.765  8.708  8.770  8.858  8.815  8.884  9.027  9.068  9.222  9.236
  6.50252468 0.6100000  4.7201  0.2606  8.416  8.571  8.677  8.775  8.717  8.780  8.867  8.825  8.894  9.037  9.078  9.232  9.245
  6.50624354 0.6100000  4.7176  0.2487  8.426  8.581  8.687  8.785  8.728  8.790  8.877  8.835  8.904  9.047  9.087  9.241  9.255
  6.50997719 0.6100000  4.7151  0.2369  8.437  8.591  8.697  8.795  8.738  8.799  8.887  8.846  8.914  9.056  9.097  9.251  9.264
  6.51373086 0.6100000  4.7126  0.2251  8.447  8.601  8.706  8.805  8.747  8.809  8.897  8.856  8.924  9.066  9.106  9.260  9.274
  6.51750361 0.6100000  4.7100  0.2132  8.457  8.611  8.716  8.814  8.757  8.819  8.907  8.866  8.934  9.076  9.116  9.270  9.283
  6.52129543 0.6100000  4.7075  0.2014  8.467  8.621  8.726  8.824  8.767  8.829  8.916  8.876  8.944  9.085  9.126  9.279  9.292
  6.52510585 0.6100000  4.7050  0.1896  8.478  8.631  8.736  8.834  8.777  8.838  8.926  8.886  8.953  9.094  9.135  9.288  9.302
  6.52893391 0.6100000  4.7024  0.1777  8.488  8.641  8.746  8.843  8.787  8.848  8.935  8.896  8.963  9.104  9.144  9.298  9.311
  6.53276818 0.6100000  4.6999  0.1658  8.498  8.652  8.756  8.853  8.797  8.858  8.945  8.906  8.973  9.114  9.154  9.307  9.321
  6.53662103 0.6100000  4.6973  0.1540  8.509  8.662  8.765  8.863  8.806  8.868  8.955  8.916  8.983  9.123  9.163  9.316  9.330
  6.54049917 0.6100000  4.6948  0.1422  8.519  8.672  8.775  8.872  8.816  8.877  8.964  8.927  8.993  9.133  9.173  9.326  9.339
  6.54439256 0.6100000  4.6922  0.1303  8.529  8.682  8.785  8.882  8.826  8.887  8.974  8.937  9.003  9.142  9.182  9.335  9.349
  6.54830025 0.6100000  4.6896  0.1185  8.539  8.692  8.795  8.892  8.836  8.897  8.984  8.947  9.013  9.152  9.192  9.345  9.358
  6.55221892 0.6100000  4.6870  0.1066  8.550  8.702  8.804  8.901  8.846  8.907  8.993  8.957  9.023  9.161  9.201  9.354  9.367
  6.55614473 0.6100000  4.6844  0.0947  8.560  8.712  8.814  8.911  8.855  8.916  9.003  8.967  9.033  9.171  9.211  9.364  9.377
  6.56006674 0.6100000  4.6818  0.0829  8.570  8.722  8.824  8.920  8.865  8.926  9.012  8.977  9.042  9.180  9.220  9.373  9.386
  6.56401163 0.6100000  4.6792  0.0711  8.580  8.732  8.833  8.930  8.875  8.935  9.022  8.987  9.052  9.189  9.229  9.382  9.395
  6.56798227 0.6100000  4.6767  0.0593  8.590  8.742  8.843  8.939  8.884  8.945  9.031  8.997  9.062  9.199  9.238  9.391  9.404
  6.57198486 0.6100000  4.6741  0.0475  8.601  8.752  8.853  8.949  8.894  8.955  9.041  9.008  9.072  9.208  9.248  9.401  9.414
  6.57602560 0.6100000  4.6715  0.0357  8.611  8.762  8.862  8.959  8.904  8.964  9.051  9.018  9.082  9.218  9.257  9.410  9.423
  6.58009208 0.6100000  4.6689  0.0239  8.621  8.772  8.872  8.968  8.914  8.974  9.060  9.028  9.092  9.227  9.267  9.420  9.432
  6.58418575 0.6100000  4.6663  0.0121  8.631  8.782  8.882  8.978  8.923  8.984  9.070  9.038  9.101  9.236  9.276  9.429  9.441
  6.58830660 0.6100000  4.6636  0.0003  8.642  8.792  8.892  8.987  8.933  8.993  9.079  9.048  9.111  9.246  9.285  9.438  9.451
  6.59245558 0.6100000  4.6611 -0.0116  8.652  8.802  8.902  8.997  8.943  9.003  9.089  9.059  9.121  9.256  9.295  9.448  9.460
  6.59663079 0.6100000  4.6584 -0.0234  8.663  8.812  8.911  9.007  8.953  9.013  9.099  9.069  9.131  9.265  9.304  9.457  9.469
  6.60082650 0.6100000  4.6558 -0.0352  8.673  8.822  8.921  9.017  8.963  9.023  9.108  9.079  9.141  9.275  9.314  9.467  9.479
  6.60505274 0.6100000  4.6532 -0.0470  8.683  8.832  8.931  9.026  8.972  9.033  9.118  9.089  9.151  9.284  9.323  9.476  9.488
  6.60931473 0.6100000  4.6506 -0.0588  8.694  8.843  8.941  9.036  8.982  9.042  9.128  9.100  9.161  9.294  9.333  9.486  9.498
  6.61361106 0.6100000  4.6480 -0.0705  8.704  8.853  8.951  9.046  8.992  9.052  9.137  9.110  9.171  9.303  9.342  9.495  9.507
  6.61794792 0.6100000  4.6454 -0.0823  8.715  8.863  8.961  9.056  9.002  9.062  9.147  9.120  9.181  9.313  9.352  9.505  9.516
  6.62231387 0.6100000  4.6428 -0.0941  8.725  8.873  8.971  9.066  9.012  9.072  9.157  9.131  9.192  9.322  9.362  9.515  9.526
  6.62671177 0.6100000  4.6402 -0.1059  8.736  8.884  8.981  9.075  9.022  9.082  9.167  9.141  9.202  9.332  9.371  9.524  9.535
  6.63112826 0.6100000  4.6375 -0.1178  8.747  8.894  8.991  9.085  9.032  9.092  9.177  9.152  9.212  9.342  9.381  9.534  9.545
  6.63557051 0.6100000  4.6349 -0.1296  8.758  8.905  9.001  9.095  9.042  9.102  9.187  9.163  9.223  9.352  9.391  9.544  9.555
  6.64004137 0.6100000  4.6323 -0.1414  8.768  8.915  9.011  9.105  9.053  9.112  9.197  9.173  9.233  9.361  9.400  9.553  9.564
  6.64454226 0.6100000  4.6297 -0.1531  8.779  8.925  9.021  9.115  9.063  9.122  9.207  9.184  9.243  9.371  9.410  9.563  9.574
  6.64907845 0.6100000  4.6271 -0.1649  8.790  8.936  9.031  9.125  9.073  9.132  9.217  9.195  9.254  9.381  9.420  9.573  9.584
  6.65365755 0.6100000  4.6244 -0.1767  8.801  8.947  9.041  9.135  9.083  9.143  9.227  9.205  9.264  9.391  9.430  9.582  9.593
  6.65827385 0.6100000  4.6218 -0.1885  8.812  8.957  9.051  9.145  9.093  9.153  9.237  9.216  9.274  9.400  9.439  9.592  9.603
  6.66290779 0.6100000  4.6192 -0.2003  8.823  8.968  9.062  9.156  9.104  9.163  9.247  9.227  9.285  9.410  9.449  9.602  9.613
  6.66758655 0.6100000  4.6166 -0.2120  8.834  8.979  9.072  9.166  9.114  9.173  9.257  9.238  9.295  9.420  9.459  9.612  9.622
  6.67230394 0.6100000  4.6139 -0.2238  8.845  8.989  9.082  9.176  9.124  9.184  9.267  9.249  9.306  9.430  9.469  9.622  9.632
  6.67707093 0.6100000  4.6113 -0.2355  8.856  9.000  9.092  9.186  9.134  9.194  9.277  9.259  9.316  9.440  9.479  9.631  9.642
  6.68188416 0.6100000  4.6087 -0.2473  8.867  9.011  9.103  9.196  9.145  9.204  9.288  9.270  9.327  9.450  9.489  9.641  9.652
  6.68672840 0.6100000  4.6061 -0.2591  8.878  9.022  9.113  9.207  9.155  9.214  9.298  9.281  9.338  9.460  9.499  9.651  9.662
  6.69160649 0.6100000  4.6034 -0.2709  8.889  9.032  9.123  9.217  9.166  9.225  9.308  9.292  9.348  9.470  9.509  9.661  9.672
  6.69650890 0.6100000  4.6008 -0.2827  8.901  9.043  9.134  9.227  9.176  9.235  9.319  9.304  9.359  9.480  9.519  9.671  9.682
  6.70144230 0.6100000  4.5982 -0.2945  8.912  9.055  9.145  9.238  9.187  9.246  9.329  9.315  9.370  9.490  9.530  9.682  9.692
  6.70641100 0.6100000  4.5955 -0.3062  8.924  9.066  9.156  9.249  9.198  9.257  9.340  9.327  9.382  9.501  9.540  9.692  9.702
  6.71143930 0.6100000  4.5929 -0.3180  8.936  9.078  9.167  9.260  9.209  9.268  9.351  9.339  9.393  9.511  9.550  9.702  9.713
  6.71651624 0.6100000  4.5903 -0.3298  8.948  9.089  9.178  9.270  9.220  9.279  9.362  9.350  9.404  9.522  9.561  9.713  9.723
  6.72162274 0.6100000  4.5876 -0.3415  8.959  9.100  9.188  9.281  9.231  9.290  9.372  9.362  9.415  9.532  9.571  9.723  9.733
  6.72676215 0.6100000  4.5850 -0.3533  8.971  9.112  9.200  9.292  9.242  9.301  9.383  9.374  9.427  9.543  9.582  9.734  9.744
  6.73193542 0.6100000  4.5824 -0.3650  8.983  9.123  9.211  9.303  9.253  9.312  9.394  9.386  9.438  9.553  9.593  9.744  9.754
  6.73717020 0.6100000  4.5797 -0.3768  8.996  9.135  9.222  9.314  9.265  9.324  9.405  9.398  9.450  9.564  9.604  9.755  9.765
  6.74245409 0.6100000  4.5771 -0.3885  9.008  9.147  9.233  9.325  9.276  9.335  9.416  9.410  9.461  9.575  9.614  9.766  9.775
  6.74777948 0.6100000  4.5745 -0.4003  9.020  9.159  9.245  9.336  9.287  9.346  9.427  9.422  9.473  9.586  9.625  9.777  9.786
  6.75313490 0.6100000  4.5718 -0.4121  9.033  9.171  9.256  9.348  9.299  9.358  9.439  9.435  9.485  9.597  9.636  9.788  9.797
  6.75853897 0.6100000  4.5692 -0.4238  9.045  9.183  9.267  9.359  9.310  9.369  9.450  9.447  9.497  9.608  9.647  9.798  9.808
  6.76397880 0.6100000  4.5665 -0.4356  9.058  9.195  9.279  9.370  9.322  9.381  9.461  9.459  9.508  9.619  9.658  9.809  9.818
  6.76946203 0.6100000  4.5639 -0.4472  9.070  9.207  9.290  9.382  9.334  9.392  9.472  9.472  9.520  9.630  9.669  9.820  9.829
  6.77505159 0.6100000  4.5613 -0.4589  9.083  9.219  9.302  9.393  9.345  9.404  9.484  9.484  9.532  9.641  9.680  9.831  9.840
  6.78071983 0.6100000  4.5587 -0.4707  9.095  9.231  9.314  9.405  9.357  9.415  9.495  9.497  9.544  9.652  9.691  9.842  9.851
  6.78643052 0.6100000  4.5560 -0.4824  9.108  9.244  9.326  9.416  9.369  9.427  9.507  9.510  9.556  9.663  9.703  9.853  9.862
  6.79218079 0.6100000  4.5534 -0.4942  9.121  9.256  9.338  9.428  9.381  9.439  9.518  9.523  9.569  9.675  9.714  9.865  9.873
  6.79797874 0.6100000  4.5507 -0.5059  9.134  9.268  9.349  9.439  9.393  9.451  9.530  9.535  9.581  9.686  9.725  9.876  9.884
  6.80382963 0.6100000  4.5481 -0.5176  9.147  9.281  9.361  9.451  9.405  9.463  9.542  9.548  9.593  9.697  9.737  9.887  9.896
  6.80973344 0.6100000  4.5455 -0.5293  9.160  9.293  9.373  9.463  9.417  9.475  9.553  9.561  9.606  9.709  9.748  9.898  9.907
  6.81571737 0.6100000  4.5428 -0.5409  9.173  9.306  9.385  9.475  9.429  9.487  9.565  9.575  9.618  9.720  9.760  9.910  9.918
  6.82180383 0.6100000  4.5402 -0.5526  9.188  9.320  9.398  9.488  9.442  9.500  9.578  9.589  9.632  9.733  9.772  9.922  9.930
  6.82795943 0.6100000  4.5376 -0.5644  9.202  9.334  9.412  9.501  9.456  9.513  9.591  9.603  9.646  9.746  9.785  9.935  9.943
  6.83416844 0.6100000  4.5349 -0.5761  9.217  9.348  9.425  9.514  9.469  9.526  9.604  9.618  9.659  9.758  9.797  9.947  9.955
  6.84042513 0.6100000  4.5322 -0.5878  9.231  9.362  9.438  9.527  9.482  9.540  9.617  9.632  9.673  9.771  9.810  9.959  9.967
  6.84673142 0.6100000  4.5296 -0.5995  9.246  9.376  9.452  9.540  9.496  9.553  9.630  9.647  9.687  9.784  9.823  9.972  9.980
  6.85310734 0.6100000  4.5270 -0.6112  9.261  9.390  9.465  9.553  9.509  9.567  9.643  9.662  9.701  9.797  9.836  9.985  9.993
  6.85958625 0.6100000  4.5243 -0.6229  9.276  9.405  9.479  9.567  9.523  9.580  9.657  9.677  9.716  9.810  9.849  9.998 10.005
  6.86614147 0.6100000  4.5216 -0.6346  9.291  9.419  9.492  9.580  9.537  9.594  9.670  9.692  9.730  9.823  9.862 10.011 10.018
  6.87273626 0.6100000  4.5189 -0.6463  9.307  9.434  9.506  9.594  9.551  9.608  9.684  9.707  9.744  9.836  9.875 10.024 10.031
  6.87937779 0.6100000  4.5163 -0.6580  9.322  9.449  9.520  9.608  9.565  9.622  9.698  9.722  9.759  9.849  9.888 10.037 10.044
  6.88610898 0.6100000  4.5136 -0.6696  9.338  9.464  9.534  9.621  9.579  9.636  9.711  9.738  9.774  9.863  9.901 10.050 10.057
  6.89295127 0.6100000  4.5109 -0.6813  9.354  9.479  9.549  9.635  9.593  9.650  9.725  9.753  9.789  9.876  9.915 10.063 10.070
  6.89988941 0.6100000  4.5083 -0.6929  9.370  9.494  9.563  9.649  9.608  9.664  9.739  9.769  9.804  9.890  9.929 10.077 10.083
  6.90691291 0.6100000  4.5056 -0.7045  9.386  9.509  9.577  9.663  9.622  9.679  9.754  9.785  9.819  9.904  9.942 10.090 10.097
  6.91406278 0.6100000  4.5030 -0.7161  9.402  9.525  9.592  9.678  9.637  9.693  9.768  9.801  9.834  9.918  9.956 10.104 10.110
  6.92134045 0.6100000  4.5003 -0.7278  9.419  9.541  9.607  9.692  9.652  9.708  9.783  9.817  9.850  9.932  9.970 10.118 10.124
  6.92872780 0.6100000  4.4976 -0.7394  9.435  9.556  9.621  9.707  9.667  9.723  9.797  9.834  9.866  9.946  9.984 10.132 10.138
  6.93621196 0.6100000  4.4950 -0.7510  9.452  9.572  9.636  9.722  9.682  9.738  9.812  9.850  9.882  9.960  9.999 10.146 10.152
  6.94382057 0.6100000  4.4923 -0.7626  9.469  9.589  9.651  9.736  9.697  9.753  9.827  9.867  9.898  9.975 10.013 10.160 10.166
  6.95155270 0.6100000  4.4897 -0.7742  9.486  9.605  9.667  9.752  9.713  9.768  9.842  9.884  9.914  9.989 10.028 10.174 10.180
  6.95940213 0.6100000  4.4870 -0.7858  9.503  9.621  9.682  9.767  9.728  9.784  9.857  9.901  9.930 10.004 10.042 10.188 10.194
  6.96736268 0.6100000  4.4844 -0.7974  9.520  9.638  9.698  9.782  9.744  9.799  9.872  9.918  9.946 10.019 10.057 10.203 10.209
  6.97546057 0.6100000  4.4817 -0.8090  9.538  9.655  9.713  9.797  9.760  9.815  9.888  9.936  9.963 10.034 10.072 10.218 10.224
  6.98371248 0.6100000  4.4791 -0.8205  9.556  9.671  9.729  9.813  9.776  9.831  9.903  9.953  9.980 10.049 10.087 10.232 10.238
  6.99211271 0.6100000  4.4764 -0.8321  9.573  9.688  9.745  9.828  9.791  9.846  9.919  9.970  9.996 10.064 10.102 10.247 10.253
  7.00065360 0.6100000  4.4738 -0.8437  9.590  9.704  9.759  9.843  9.806  9.861  9.933  9.986 10.011 10.077 10.115 10.260 10.266
  7.00934043 0.6100000  4.4712 -0.8552  9.606  9.719  9.774  9.857  9.821  9.875  9.947 10.002 10.027 10.091 10.129 10.274 10.279
  7.01819320 0.6100000  4.4685 -0.8668  9.623  9.735  9.789  9.871  9.836  9.890  9.961 10.017 10.042 10.105 10.143 10.287 10.292
  7.02720286 0.6100000  4.4659 -0.8783  9.639  9.751  9.803  9.886  9.850  9.904  9.976 10.033 10.057 10.118 10.156 10.300 10.306
  7.03637180 0.6100000  4.4632 -0.8898  9.656  9.766  9.818  9.900  9.865  9.919  9.990 10.049 10.072 10.132 10.170 10.313 10.319
  7.04571099 0.6100000  4.4606 -0.9014  9.673  9.782  9.833  9.914  9.880  9.934 10.004 10.064 10.087 10.146 10.184 10.327 10.332
  7.05521469 0.6100000  4.4580 -0.9129  9.689  9.798  9.848  9.929  9.895  9.948 10.018 10.080 10.102 10.160 10.197 10.340 10.345
  7.06488960 0.6100000  4.4553 -0.9245  9.706  9.814  9.863  9.943  9.910  9.963 10.033 10.096 10.118 10.173 10.211 10.354 10.359
  7.07472950 0.6100000  4.4527 -0.9360  9.723  9.830  9.878  9.958  9.925  9.978 10.047 10.111 10.133 10.187 10.224 10.367 10.372
  7.08474442 0.6100000  4.4501 -0.9475  9.740  9.846  9.892  9.972  9.939  9.992 10.062 10.127 10.148 10.201 10.238 10.380 10.385
  7.09494341 0.6100000  4.4474 -0.9590  9.757  9.862  9.907  9.987  9.954 10.007 10.076 10.142 10.163 10.214 10.252 10.393 10.398
  7.10534650 0.6100000  4.4448 -0.9705  9.773  9.877  9.922 10.001  9.969 10.022 10.090 10.158 10.179 10.228 10.265 10.407 10.411
  7.11591793 0.6100000  4.4421 -0.9820  9.790  9.893  9.937 10.016  9.984 10.037 10.105 10.173 10.194 10.242 10.279 10.420 10.425
  7.12666772 0.6100000  4.4395 -0.9935  9.807  9.909  9.952 10.030  9.999 10.051 10.119 10.189 10.209 10.255 10.292 10.433 10.438
  7.13758012 0.6100000  4.4368 -1.0051  9.824  9.926  9.967 10.045 10.014 10.066 10.134 10.205 10.224 10.269 10.306 10.447 10.451
  7.14863845 0.6100000  4.4342 -1.0166  9.841  9.942  9.982 10.060 10.029 10.081 10.148 10.220 10.240 10.283 10.320 10.460 10.464
  7.15984604 0.6100000  4.4315 -1.0282  9.859  9.958  9.998 10.075 10.044 10.096 10.163 10.236 10.255 10.297 10.333 10.473 10.478
  7.17119957 0.6100000  4.4289 -1.0397  9.876  9.974 10.013 10.089 10.059 10.111 10.177 10.251 10.270 10.310 10.347 10.486 10.491
  7.18267184 0.6100000  4.4262 -1.0513  9.893  9.990 10.028 10.104 10.075 10.126 10.192 10.267 10.286 10.324 10.361 10.500 10.504
  7.19427287 0.6100000  4.4236 -1.0629  9.911 10.007 10.043 10.119 10.090 10.141 10.206 10.283 10.301 10.338 10.374 10.513 10.517
  7.20599885 0.6100000  4.4209 -1.0744  9.928 10.023 10.058 10.134 10.105 10.156 10.221 10.298 10.316 10.352 10.388 10.526 10.530
  7.21783452 0.6100000  4.4182 -1.0860  9.945 10.039 10.074 10.148 10.120 10.171 10.235 10.314 10.332 10.366 10.402 10.540 10.544
  7.22979610 0.6100000  4.4156 -1.0975  9.963 10.055 10.089 10.163 10.135 10.186 10.250 10.329 10.347 10.379 10.415 10.553 10.557
  7.24186641 0.6100000  4.4129 -1.1091  9.980 10.072 10.104 10.178 10.151 10.201 10.265 10.345 10.363 10.393 10.429 10.566 10.570
  7.25405833 0.6100000  4.4102 -1.1206  9.998 10.088 10.120 10.193 10.166 10.216 10.279 10.360 10.378 10.407 10.442 10.579 10.583
  7.26637949 0.6100000  4.4075 -1.1322 10.015 10.104 10.135 10.208 10.181 10.231 10.294 10.376 10.393 10.420 10.456 10.592 10.596
  7.27877984 0.6100000  4.4048 -1.1437 10.033 10.121 10.150 10.222 10.196 10.246 10.308 10.391 10.409 10.434 10.469 10.606 10.609
  7.29134185 0.6100000  4.4022 -1.1553 10.050 10.137 10.166 10.237 10.212 10.261 10.323 10.407 10.424 10.448 10.483 10.619 10.623
  7.30403024 0.6100000  4.3995 -1.1668 10.068 10.154 10.181 10.252 10.227 10.276 10.337 10.422 10.439 10.461 10.497 10.632 10.636
  7.31683453 0.6100000  4.3968 -1.1784 10.085 10.170 10.196 10.267 10.242 10.291 10.352 10.437 10.454 10.475 10.510 10.645 10.648
  7.32978333 0.6100000  4.3941 -1.1899 10.101 10.185 10.210 10.280 10.256 10.304 10.365 10.452 10.468 10.487 10.522 10.657 10.660
  7.34287377 0.6100000  4.3914 -1.2014 10.117 10.200 10.224 10.293 10.270 10.318 10.378 10.466 10.482 10.500 10.534 10.669 10.672
  7.35611157 0.6100000  4.3887 -1.2129 10.133 10.214 10.238 10.307 10.283 10.331 10.391 10.480 10.496 10.512 10.547 10.680 10.684
  7.36947434 0.6100000  4.3860 -1.2244 10.148 10.229 10.251 10.320 10.297 10.345 10.404 10.494 10.510 10.524 10.559 10.692 10.696
  7.38297016 0.6100000  4.3833 -1.2359 10.164 10.244 10.265 10.333 10.311 10.358 10.417 10.508 10.524 10.537 10.571 10.704 10.707
  7.39661860 0.6100000  4.3806 -1.2475 10.180 10.259 10.279 10.347 10.324 10.372 10.430 10.522 10.538 10.549 10.583 10.716 10.719
  7.41038056 0.6100000  4.3779 -1.2590 10.196 10.273 10.293 10.360 10.338 10.385 10.443 10.536 10.551 10.561 10.595 10.727 10.731
  7.42427557 0.6100000  4.3752 -1.2706 10.211 10.288 10.306 10.373 10.352 10.399 10.456 10.549 10.565 10.573 10.607 10.739 10.742
  7.43821973 0.6100000  4.3725 -1.2821 10.227 10.302 10.320 10.386 10.365 10.412 10.469 10.563 10.579 10.585 10.619 10.750 10.753
  7.45229504 0.6100000  4.3698 -1.2936 10.242 10.317 10.333 10.399 10.378 10.425 10.482 10.576 10.592 10.597 10.631 10.762 10.765
  7.46642522 0.6100000  4.3671 -1.3052 10.258 10.331 10.347 10.412 10.392 10.438 10.494 10.590 10.606 10.609 10.643 10.773 10.776
  7.48065079 0.6100000  4.3644 -1.3167 10.273 10.345 10.360 10.425 10.405 10.451 10.507 10.604 10.619 10.621 10.654 10.784 10.787
  7.49493790 0.6100000  4.3617 -1.3283 10.288 10.360 10.373 10.437 10.418 10.464 10.519 10.617 10.632 10.632 10.666 10.796 10.798
  7.50928273 0.6100000  4.3589 -1.3399 10.304 10.374 10.387 10.450 10.431 10.477 10.532 10.630 10.646 10.644 10.677 10.807 10.809
  7.52367575 0.6100000  4.3562 -1.3514 10.319 10.388 10.400 10.463 10.444 10.490 10.544 10.644 10.659 10.656 10.689 10.818 10.820
  7.53811648 0.6100000  4.3535 -1.3630 10.334 10.402 10.413 10.475 10.457 10.502 10.557 10.657 10.672 10.667 10.700 10.829 10.831
  7.55259443 0.6100000  4.3508 -1.3746 10.349 10.416 10.426 10.488 10.470 10.515 10.569 10.670 10.685 10.679 10.712 10.840 10.842
  7.56709292 0.6100000  4.3480 -1.3862 10.364 10.430 10.439 10.500 10.483 10.528 10.581 10.683 10.698 10.690 10.723 10.851 10.853
  7.58160144 0.6100000  4.3453 -1.3978 10.379 10.444 10.452 10.513 10.496 10.541 10.593 10.696 10.711 10.702 10.734 10.861 10.864
  7.59609664 0.6100000  4.3426 -1.4094 10.394 10.458 10.465 10.525 10.509 10.553 10.606 10.709 10.724 10.713 10.745 10.872 10.874
  7.61058805 0.6100000  4.3398 -1.4211 10.409 10.472 10.478 10.538 10.522 10.566 10.618 10.722 10.737 10.724 10.757 10.883 10.885
  7.62503847 0.6100000  4.3371 -1.4327 10.424 10.486 10.491 10.550 10.535 10.578 10.630 10.735 10.750 10.736 10.768 10.894 10.896
  7.63945555 0.6100000  4.3343 -1.4444 10.439 10.500 10.504 10.563 10.548 10.591 10.642 10.748 10.763 10.747 10.779 10.904 10.906
  7.65382116 0.6100000  4.3316 -1.4560 10.454 10.514 10.517 10.575 10.560 10.603 10.654 10.760 10.775 10.758 10.790 10.915 10.917
  7.66815914 0.6100000  4.3289 -1.4676 10.468 10.527 10.529 10.587 10.573 10.615 10.665 10.773 10.788 10.769 10.800 10.925 10.927
  7.68244421 0.6100000  4.3261 -1.4793 10.483 10.541 10.542 10.599 10.585 10.628 10.677 10.785 10.800 10.780 10.811 10.936 10.937
  7.69666018 0.6100000  4.3233 -1.4910 10.498 10.555 10.554 10.611 10.598 10.640 10.689 10.798 10.813 10.791 10.822 10.946 10.947
  7.71079653 0.6100000  4.3206 -1.5027 10.512 10.568 10.567 10.623 10.610 10.652 10.701 10.810 10.825 10.802 10.833 10.956 10.958
  7.72482420 0.6100000  4.3178 -1.5144 10.527 10.581 10.579 10.635 10.622 10.664 10.712 10.822 10.838 10.812 10.843 10.966 10.968
  7.73877608 0.6100000  4.3150 -1.5261 10.541 10.595 10.592 10.647 10.635 10.676 10.724 10.835 10.850 10.823 10.854 10.976 10.978
  7.75265217 0.6100000  4.3123 -1.5378 10.555 10.608 10.604 10.658 10.647 10.688 10.735 10.847 10.862 10.834 10.864 10.986 10.988
  7.76644294 0.6100000  4.3095 -1.5495 10.570 10.621 10.617 10.670 10.659 10.700 10.747 10.859 10.874 10.844 10.875 10.996 10.997
  7.78014553 0.6100000  4.3067 -1.5612 10.584 10.635 10.629 10.682 10.671 10.712 10.758 10.871 10.886 10.855 10.885 11.006 11.007
  7.79376137 0.6100000  4.3039 -1.5729 10.598 10.648 10.641 10.693 10.683 10.723 10.769 10.883 10.898 10.865 10.895 11.016 11.017
  7.80727138 0.6100000  4.3011 -1.5846 10.612 10.661 10.653 10.705 10.695 10.735 10.780 10.894 10.910 10.875 10.906 11.026 11.026
  7.82069416 0.6100000  4.2984 -1.5963 10.627 10.674 10.666 10.717 10.708 10.747 10.792 10.907 10.923 10.886 10.916 11.036 11.037
  7.83401111 0.6100000  4.2956 -1.6081 10.642 10.688 10.679 10.729 10.720 10.760 10.804 10.920 10.936 10.898 10.927 11.046 11.047
  7.84719889 0.6100000  4.2928 -1.6198 10.657 10.702 10.691 10.741 10.733 10.772 10.816 10.933 10.949 10.909 10.938 11.056 11.057
  7.86030944 0.6100000  4.2900 -1.6315 10.672 10.716 10.704 10.753 10.745 10.784 10.828 10.946 10.962 10.919 10.949 11.066 11.067
  7.87330512 0.6100000  4.2872 -1.6433 10.687 10.730 10.717 10.765 10.758 10.797 10.840 10.959 10.975 10.931 10.960 11.077 11.078
  7.88618876 0.6100000  4.2844 -1.6551 10.702 10.744 10.730 10.777 10.771 10.809 10.851 10.972 10.988 10.942 10.971 11.087 11.088
  7.89894657 0.6100000  4.2816 -1.6668 10.717 10.758 10.742 10.789 10.783 10.821 10.863 10.985 11.000 10.952 10.981 11.097 11.098
  7.91160523 0.6100000  4.2788 -1.6786 10.732 10.771 10.755 10.801 10.796 10.834 10.875 10.998 11.013 10.963 10.992 11.107 11.108
  7.92415092 0.6100000  4.2760 -1.6904 10.747 10.785 10.768 10.813 10.809 10.846 10.887 11.011 11.026 10.974 11.003 11.117 11.118
  7.93655884 0.6100000  4.2732 -1.7021 10.762 10.799 10.780 10.825 10.821 10.858 10.898 11.024 11.039 10.985 11.014 11.127 11.128
  7.94885760 0.6100000  4.2704 -1.7139 10.777 10.813 10.793 10.837 10.834 10.870 10.910 11.037 11.052 10.996 11.024 11.137 11.138
  7.96104674 0.6100000  4.2675 -1.7257 10.792 10.827 10.805 10.849 10.846 10.883 10.922 11.050 11.064 11.007 11.035 11.147 11.148
  7.97313675 0.6100000  4.2648 -1.7374 10.807 10.840 10.818 10.861 10.858 10.895 10.933 11.063 11.077 11.018 11.046 11.157 11.158
  7.98513237 0.6100000  4.2619 -1.7492 10.821 10.854 10.830 10.873 10.871 10.907 10.945 11.076 11.090 11.028 11.056 11.166 11.168
  7.99699023 0.6100000  4.2591 -1.7610 10.836 10.868 10.843 10.885 10.883 10.919 10.957 11.088 11.103 11.039 11.067 11.176 11.178
  8.00873799 0.6100000  4.2563 -1.7728 10.851 10.882 10.856 10.897 10.896 10.931 10.968 11.101 11.115 11.050 11.077 11.186 11.188
  8.02037899 0.6100000  4.2535 -1.7846 10.866 10.895 10.868 10.909 10.908 10.944 10.980 11.114 11.128 11.061 11.088 11.196 11.198
  8.03191322 0.6100000  4.2507 -1.7964 10.881 10.909 10.881 10.921 10.921 10.956 10.992 11.127 11.141 11.071 11.099 11.206 11.208
  8.04333688 0.6100000  4.2478 -1.8082 10.896 10.923 10.893 10.932 10.933 10.968 11.003 11.140 11.154 11.082 11.109 11.215 11.217
  8.05465855 0.6100000  4.2450 -1.8200 10.911 10.936 10.906 10.944 10.945 10.980 11.015 11.153 11.167 11.093 11.120 11.225 11.227
  8.06588203 0.6100000  4.2422 -1.8318 10.926 10.950 10.918 10.956 10.958 10.992 11.026 11.166 11.179 11.103 11.130 11.235 11.237
  8.07700258 0.6100000  4.2394 -1.8436 10.941 10.964 10.931 10.968 10.970 11.004 11.038 11.179 11.192 11.114 11.141 11.244 11.247
  8.08802113 0.6100000  4.2366 -1.8554 10.955 10.977 10.943 10.979 10.982 11.016 11.049 11.191 11.205 11.125 11.151 11.254 11.256
  8.09892244 0.6100000  4.2337 -1.8672 10.970 10.991 10.955 10.991 10.995 11.028 11.061 11.204 11.217 11.135 11.161 11.263 11.266
  8.10974179 0.6100000  4.2309 -1.8790 10.985 11.005 10.968 11.003 11.007 11.040 11.072 11.217 11.230 11.146 11.172 11.273 11.275
  8.12045819 0.6100000  4.2281 -1.8909 11.000 11.018 10.981 11.014 11.019 11.052 11.084 11.230 11.243 11.156 11.182 11.283 11.285
  8.13105830 0.6100000  4.2252 -1.9027 11.015 11.032 10.993 11.026 11.032 11.064 11.096 11.244 11.256 11.167 11.193 11.293 11.295
  8.14156884 0.6100000  4.2224 -1.9145 11.030 11.046 11.005 11.038 11.044 11.076 11.107 11.257 11.269 11.177 11.203 11.304 11.305
  8.15198884 0.6100000  4.2196 -1.9263 11.045 11.059 11.018 11.049 11.056 11.087 11.119 11.270 11.282 11.188 11.214 11.314 11.315
  8.16231639 0.6100000  4.2167 -1.9381 11.060 11.073 11.030 11.061 11.068 11.099 11.130 11.283 11.295 11.198 11.224 11.324 11.325
  8.17255723 0.6100000  4.2139 -1.9500 11.075 11.087 11.043 11.072 11.081 11.111 11.142 11.296 11.308 11.209 11.235 11.334 11.335
  8.18271420 0.6100000  4.2111 -1.9618 11.090 11.100 11.055 11.084 11.093 11.123 11.153 11.309 11.320 11.219 11.245 11.344 11.344
  8.19276444 0.6100000  4.2082 -1.9736 11.105 11.114 11.067 11.095 11.105 11.135 11.164 11.321 11.332 11.229 11.255 11.354 11.354
  8.20273561 0.6100000  4.2054 -1.9854 11.120 11.128 11.079 11.106 11.118 11.147 11.175 11.334 11.345 11.240 11.265 11.363 11.364
  8.21264772 0.6100000  4.2025 -1.9973 11.135 11.142 11.092 11.118 11.130 11.159 11.187 11.347 11.358 11.250 11.275 11.373 11.374
  8.22248457 0.6100000  4.1997 -2.0091 11.151 11.156 11.104 11.130 11.142 11.171 11.198 11.360 11.370 11.261 11.285 11.382 11.383
  8.23225284 0.6100000  4.1968 -2.0209 11.166 11.170 11.117 11.142 11.154 11.183 11.209 11.373 11.383 11.271 11.296 11.392 11.393
  8.24196110 0.6100000  4.1940 -2.0327 11.181 11.183 11.130 11.153 11.167 11.195 11.221 11.385 11.396 11.281 11.306 11.401 11.402
  8.25160270 0.6100000  4.1912 -2.0445 11.196 11.197 11.142 11.165 11.179 11.207 11.232 11.398 11.409 11.291 11.316 11.411 11.412
  8.26117858 0.6100000  4.1883 -2.0563 11.212 11.211 11.155 11.177 11.191 11.219 11.243 11.411 11.422 11.301 11.326 11.420 11.421
  8.27069351 0.6100000  4.1855 -2.0681 11.228 11.225 11.168 11.189 11.203 11.231 11.255 11.424 11.435 11.311 11.336 11.430 11.431
  8.28014940 0.6100000  4.1826 -2.0800 11.244 11.240 11.181 11.201 11.216 11.244 11.267 11.438 11.448 11.322 11.346 11.440 11.441
  8.28954340 0.6100000  4.1798 -2.0918 11.259 11.254 11.194 11.212 11.229 11.256 11.278 11.451 11.460 11.333 11.356 11.450 11.451
  8.29888123 0.6100000  4.1769 -2.1036 11.275 11.269 11.207 11.224 11.241 11.268 11.290 11.464 11.473 11.343 11.366 11.460 11.460
  8.30816003 0.6100000  4.1741 -2.1154 11.291 11.283 11.220 11.236 11.254 11.281 11.301 11.477 11.486 11.354 11.377 11.470 11.470
  8.31738648 0.6100000  4.1712 -2.1272 11.307 11.298 11.233 11.248 11.267 11.293 11.313 11.490 11.499 11.364 11.387 11.480 11.480
  8.32655772 0.6100000  4.1684 -2.1390 11.323 11.312 11.246 11.259 11.280 11.305 11.325 11.503 11.511 11.375 11.397 11.489 11.489
  8.33567947 0.6100000  4.1655 -2.1509 11.339 11.327 11.259 11.272 11.293 11.318 11.337 11.516 11.524 11.385 11.407 11.499 11.499
  8.34475079 0.6100000  4.1627 -2.1627 11.354 11.342 11.272 11.284 11.306 11.330 11.348 11.529 11.537 11.395 11.417 11.508 11.509
  8.35377262 0.6100000  4.1598 -2.1745 11.370 11.357 11.286 11.295 11.318 11.342 11.360 11.542 11.550 11.406 11.428 11.517 11.518
  8.36273637 0.6100000  4.1570 -2.1863 11.386 11.371 11.299 11.307 11.331 11.355 11.372 11.554 11.562 11.416 11.438 11.526 11.528
  8.37163729 0.6100000  4.1541 -2.1982 11.402 11.386 11.312 11.320 11.344 11.367 11.383 11.567 11.574 11.426 11.448 11.536 11.537
  8.38047826 0.6100000  4.1513 -2.2100 11.418 11.401 11.326 11.332 11.357 11.379 11.395 11.579 11.587 11.436 11.458 11.545 11.547
  8.38927071 0.6100000  4.1484 -2.2218 11.435 11.415 11.339 11.344 11.369 11.391 11.406 11.592 11.599 11.446 11.468 11.554 11.556
  8.39802323 0.6100000  4.1455 -2.2336 11.451 11.430 11.353 11.356 11.382 11.404 11.418 11.604 11.611 11.456 11.478 11.564 11.565
  8.40673297 0.6100000  4.1427 -2.2455 11.467 11.445 11.367 11.368 11.395 11.416 11.430 11.617 11.624 11.466 11.488 11.573 11.575
  8.41539991 0.6100000  4.1398 -2.2573 11.483 11.459 11.380 11.381 11.408 11.429 11.441 11.629 11.636 11.476 11.498 11.582 11.585
  8.42402599 0.6100000  4.1369 -2.2691 11.499 11.474 11.394 11.393 11.421 11.441 11.453 11.642 11.648 11.486 11.507 11.591 11.594
  8.43261119 0.6100000  4.1341 -2.2809 11.515 11.489 11.408 11.405 11.435 11.454 11.465 11.654 11.660 11.496 11.517 11.601 11.603
  8.44115648 0.6100000  4.1312 -2.2927 11.532 11.504 11.422 11.418 11.448 11.466 11.477 11.667 11.672 11.507 11.527 11.610 11.613
  8.44966281 0.6100000  4.1284 -2.3046 11.548 11.519 11.436 11.430 11.461 11.479 11.489 11.679 11.684 11.517 11.537 11.619 11.622
  8.45813018 0.6100000  4.1255 -2.3164 11.563 11.534 11.449 11.443 11.474 11.491 11.500 11.691 11.696 11.526 11.546 11.628 11.631
  8.46655860 0.6100000  4.1226 -2.3282 11.579 11.548 11.463 11.455 11.487 11.503 11.511 11.703 11.707 11.536 11.555 11.637 11.640
  8.47494807 0.6100000  4.1198 -2.3400 11.594 11.563 11.477 11.467 11.500 11.515 11.522 11.715 11.719 11.545 11.565 11.646 11.649
  8.48329764 0.6100000  4.1169 -2.3519 11.610 11.577 11.490 11.479 11.513 11.528 11.533 11.727 11.730 11.555 11.574 11.654 11.657
  8.49160730 0.6100000  4.1140 -2.3637 11.625 11.592 11.504 11.492 11.525 11.539 11.544 11.738 11.741 11.564 11.583 11.663 11.666
  8.49987612 0.6100000  4.1112 -2.3755 11.639 11.606 11.517 11.503 11.538 11.551 11.554 11.749 11.752 11.573 11.592 11.671 11.674
  8.50810695 0.6100000  4.1083 -2.3874 11.654 11.619 11.530 11.515 11.550 11.562 11.565 11.760 11.762 11.581 11.600 11.679 11.682
  8.51629694 0.6100000  4.1054 -2.3992 11.668 11.633 11.543 11.526 11.562 11.573 11.575 11.771 11.772 11.590 11.609 11.687 11.689
  8.52444703 0.6100000  4.1026 -2.4110 11.682 11.646 11.556 11.538 11.573 11.584 11.585 11.781 11.782 11.598 11.617 11.695 11.697
  8.53255438 0.6100000  4.0997 -2.4229 11.695 11.659 11.568 11.549 11.585 11.595 11.595 11.792 11.792 11.606 11.625 11.703 11.704
  8.54061898 0.6100000  4.0968 -2.4347 11.708 11.671 11.580 11.560 11.597 11.606 11.605 11.802 11.801 11.614 11.633 11.710 11.711
  8.54864087 0.6100000  4.0940 -2.4465 11.722 11.684 11.593 11.571 11.608 11.617 11.615 11.812 11.811 11.622 11.641 11.717 11.718
  8.55663909 0.6100000  4.0911 -2.4584 11.736 11.697 11.606 11.582 11.620 11.628 11.625 11.822 11.820 11.630 11.649 11.724 11.726
  8.56460032 0.6100000  4.0882 -2.4702 11.749 11.710 11.618 11.594 11.632 11.638 11.635 11.832 11.830 11.638 11.657 11.731 11.733
  8.57252837 0.6100000  4.0853 -2.4820 11.763 11.723 11.630 11.605 11.643 11.649 11.645 11.841 11.838 11.646 11.664 11.738 11.740
  8.58042993 0.6100000  4.0824 -2.4939 11.776 11.736 11.643 11.616 11.655 11.660 11.655 11.851 11.848 11.654 11.672 11.745 11.748
  8.58830691 0.6100000  4.0796 -2.5057 11.790 11.749 11.655 11.627 11.667 11.671 11.664 11.860 11.856 11.662 11.680 11.752 11.755
  8.59616409 0.6100000  4.0767 -2.5175 11.805 11.763 11.669 11.640 11.680 11.683 11.676 11.871 11.866 11.671 11.689 11.760 11.763
  8.60400147 0.6100000  4.0738 -2.5293 11.820 11.779 11.684 11.654 11.694 11.697 11.687 11.882 11.877 11.681 11.698 11.768 11.772
  8.61182288 0.6100000  4.0709 -2.5411 11.837 11.795 11.700 11.668 11.709 11.710 11.700 11.893 11.887 11.691 11.708 11.777 11.781
  8.61963118 0.6100000  4.0681 -2.5529 11.854 11.811 11.716 11.683 11.724 11.724 11.713 11.904 11.898 11.702 11.718 11.786 11.790
  8.62742447 0.6100000  4.0652 -2.5647 11.871 11.829 11.733 11.699 11.740 11.739 11.726 11.916 11.910 11.713 11.729 11.796 11.800
  8.63520656 0.6100000  4.0623 -2.5765 11.889 11.846 11.751 11.715 11.756 11.754 11.740 11.928 11.921 11.724 11.740 11.805 11.809
  8.64297461 0.6100000  4.0595 -2.5883 11.908 11.865 11.769 11.731 11.773 11.770 11.754 11.940 11.933 11.736 11.751 11.816 11.820
  8.65072958 0.6100000  4.0566 -2.6001 11.926 11.883 11.787 11.748 11.790 11.786 11.769 11.953 11.945 11.748 11.763 11.826 11.830
  8.65847433 0.6100000  4.0537 -2.6119 11.946 11.902 11.805 11.765 11.808 11.802 11.784 11.965 11.957 11.761 11.775 11.837 11.842
  8.66620982 0.6100000  4.0508 -2.6237 11.965 11.921 11.824 11.782 11.825 11.818 11.799 11.978 11.969 11.773 11.787 11.848 11.853
  8.67393321 0.6100000  4.0480 -2.6355 11.985 11.940 11.843 11.800 11.844 11.836 11.815 11.991 11.981 11.786 11.800 11.859 11.865
  8.68165117 0.6100000  4.0451 -2.6473 12.005 11.960 11.863 11.819 11.862 11.853 11.831 12.004 11.994 11.800 11.813 11.871 11.877
  8.68936180 0.6100000  4.0422 -2.6591 12.026 11.980 11.883 11.838 11.882 11.871 11.847 12.017 12.007 11.813 11.826 11.883 11.890
  8.69706699 0.6100000  4.0393 -2.6710 12.047 12.001 11.904 11.857 11.901 11.889 11.864 12.031 12.020 11.827 11.840 11.895 11.902
  8.70475443 0.6100000  4.0365 -2.6827 12.069 12.022 11.925 11.876 11.921 11.907 11.881 12.044 12.032 11.841 11.854 11.907 11.915
  8.71245272 0.6100000  4.0336 -2.6945 12.090 12.043 11.946 11.896 11.941 11.926 11.898 12.058 12.045 11.856 11.868 11.920 11.927
  8.72016470 0.6100000  4.0308 -2.7063 12.113 12.065 11.967 11.916 11.961 11.945 11.916 12.072 12.059 11.870 11.882 11.932 11.940
  8.72788184 0.6100000  4.0279 -2.7181 12.135 12.087 11.989 11.937 11.982 11.965 11.934 12.086 12.072 11.885 11.896 11.945 11.953
  8.73561551 0.6100000  4.0251 -2.7298 12.158 12.109 12.012 11.958 12.002 11.984 11.952 12.100 12.086 11.900 11.911 11.958 11.966
  8.74334860 0.6100000  4.0222 -2.7416 12.181 12.131 12.034 11.979 12.024 12.004 11.971 12.114 12.100 11.916 11.926 11.972 11.980
  8.75108205 0.6100000  4.0193 -2.7534 12.205 12.154 12.057 12.000 12.046 12.025 11.990 12.129 12.113 11.932 11.941 11.985 11.994
  8.75881578 0.6100000  4.0165 -2.7652 12.228 12.178 12.081 12.022 12.068 12.045 12.009 12.143 12.128 11.948 11.957 11.999 12.008
  8.76652954 0.6100000  4.0137 -2.7768 12.252 12.201 12.104 12.044 12.090 12.066 12.028 12.158 12.142 11.964 11.973 12.014 12.023
  8.77439613 0.6100000  4.0107 -2.7889 12.277 12.226 12.129 12.068 12.113 12.088 12.048 12.173 12.156 11.981 11.989 12.029 12.039
  8.78203998 0.6100000  4.0079 -2.8005 12.301 12.250 12.153 12.090 12.136 12.109 12.068 12.188 12.171 11.998 12.006 12.043 12.054
  8.78984404 0.6100000  4.0051 -2.8123 12.326 12.274 12.178 12.114 12.160 12.131 12.088 12.203 12.185 12.015 12.022 12.058 12.070
  8.79760841 0.6100000  4.0022 -2.8242 12.352 12.300 12.204 12.138 12.184 12.154 12.109 12.218 12.201 12.033 12.040 12.074 12.086
  8.80534872 0.6100000  3.9994 -2.8358 12.377 12.325 12.229 12.161 12.207 12.176 12.130 12.233 12.215 12.051 12.057 12.089 12.102
  8.81314864 0.6100000  3.9964 -2.8479 12.403 12.351 12.255 12.186 12.232 12.199 12.151 12.249 12.231 12.069 12.075 12.105 12.119
  8.82076680 0.6100000  3.9936 -2.8595 12.429 12.376 12.281 12.210 12.256 12.222 12.172 12.265 12.246 12.087 12.092 12.121 12.135
  8.82851457 0.6100000  3.9907 -2.8714 12.455 12.403 12.307 12.235 12.281 12.245 12.194 12.281 12.262 12.106 12.110 12.137 12.151
  8.83619600 0.6100000  3.9878 -2.8832 12.482 12.429 12.334 12.260 12.307 12.269 12.216 12.297 12.278 12.124 12.128 12.152 12.167
  8.84384365 0.6100000  3.9850 -2.8950 12.509 12.456 12.360 12.285 12.332 12.292 12.238 12.313 12.294 12.143 12.146 12.169 12.184
  8.85149360 0.6100000  3.9821 -2.9069 12.536 12.483 12.388 12.311 12.358 12.316 12.261 12.330 12.310 12.162 12.165 12.185 12.201
  8.85912675 0.6100000  3.9792 -2.9187 12.564 12.510 12.415 12.337 12.384 12.341 12.283 12.347 12.327 12.181 12.183 12.202 12.217
  8.86673170 0.6100000  3.9764 -2.9305 12.591 12.537 12.442 12.363 12.410 12.365 12.306 12.363 12.343 12.200 12.202 12.218 12.234
  8.87430669 0.6100000  3.9735 -2.9423 12.619 12.564 12.470 12.388 12.435 12.389 12.328 12.381 12.360 12.220 12.221 12.234 12.251
  8.88188003 0.6100000  3.9706 -2.9542 12.647 12.592 12.497 12.414 12.461 12.413 12.351 12.398 12.378 12.239 12.239 12.251 12.268
  8.88940395 0.6100000  3.9677 -2.9661 12.675 12.619 12.525 12.440 12.488 12.438 12.374 12.415 12.395 12.259 12.258 12.268 12.285
  8.89684363 0.6100000  3.9649 -2.9777 12.702 12.646 12.552 12.465 12.513 12.462 12.396 12.433 12.413 12.278 12.277 12.284 12.302
  8.90444662 0.6100000  3.9620 -2.9894 12.730 12.674 12.580 12.490 12.539 12.486 12.419 12.451 12.430 12.297 12.296 12.301 12.319
  8.91206057 0.6100000  3.9591 -3.0013 12.758 12.701 12.608 12.517 12.566 12.511 12.442 12.469 12.449 12.318 12.315 12.318 12.337
  8.91966545 0.6100000  3.9563 -3.0131 12.787 12.729 12.636 12.542 12.592 12.535 12.465 12.487 12.467 12.338 12.334 12.335 12.354
  8.92725097 0.6100000  3.9534 -3.0249 12.815 12.757 12.664 12.569 12.619 12.560 12.489 12.506 12.486 12.358 12.353 12.353 12.372
  8.93484560 0.6100000  3.9505 -3.0367 12.844 12.785 12.692 12.594 12.645 12.585 12.512 12.524 12.505 12.377 12.373 12.370 12.389
  8.94243601 0.6100000  3.9476 -3.0485 12.873 12.813 12.720 12.621 12.671 12.609 12.535 12.543 12.524 12.397 12.392 12.387 12.407
  8.95001648 0.6100000  3.9448 -3.0603 12.901 12.841 12.748 12.647 12.698 12.634 12.558 12.562 12.544 12.417 12.411 12.404 12.424
  8.95758708 0.6100000  3.9419 -3.0721 12.930 12.869 12.777 12.673 12.724 12.659 12.582 12.582 12.564 12.437 12.430 12.422 12.442
  8.96515662 0.6100000  3.9390 -3.0838 12.959 12.897 12.805 12.699 12.750 12.684 12.605 12.601 12.583 12.457 12.450 12.439 12.459
  8.97275603 0.6100000  3.9361 -3.0957 12.989 12.926 12.833 12.725 12.777 12.709 12.628 12.621 12.604 12.477 12.469 12.457 12.477
  8.98032476 0.6100000  3.9333 -3.1074 13.018 12.954 12.861 12.751 12.804 12.734 12.652 12.641 12.625 12.497 12.489 12.474 12.494
  8.98789987 0.6100000  3.9304 -3.1192 13.047 12.983 12.890 12.777 12.830 12.759 12.675 12.661 12.646 12.517 12.508 12.492 12.512
  8.99547951 0.6100000  3.9275 -3.1310 13.077 13.011 12.918 12.803 12.857 12.784 12.699 12.681 12.666 12.537 12.528 12.510 12.530
  9.00306653 0.6100000  3.9246 -3.1428 13.106 13.040 12.946 12.830 12.883 12.809 12.722 12.701 12.687 12.557 12.547 12.527 12.547
  9.01065998 0.6100000  3.9218 -3.1546 13.136 13.068 12.974 12.856 12.910 12.834 12.746 12.720 12.708 12.577 12.567 12.544 12.565
  9.01825990 0.6100000  3.9189 -3.1664 13.166 13.097 13.003 12.882 12.937 12.859 12.769 12.740 12.728 12.597 12.586 12.562 12.582
  9.02586721 0.6100000  3.9160 -3.1782 13.195 13.126 13.031 12.908 12.963 12.884 12.793 12.760 12.749 12.617 12.606 12.579 12.600
  9.03348008 0.6100000  3.9131 -3.1899 13.225 13.154 13.059 12.933 12.990 12.908 12.816 12.780 12.770 12.637 12.625 12.597 12.617
  9.04110418 0.6100000  3.9103 -3.2017 13.255 13.183 13.087 12.959 13.016 12.933 12.839 12.801 12.791 12.657 12.644 12.614 12.635
  9.04873380 0.6100000  3.9074 -3.2135 13.285 13.212 13.115 12.985 13.043 12.959 12.863 12.821 12.812 12.677 12.664 12.632 12.652
  9.05636518 0.6100000  3.9045 -3.2253 13.315 13.241 13.143 13.011 13.070 12.984 12.886 12.841 12.834 12.697 12.683 12.649 12.670
  9.06400308 0.6100000  3.9016 -3.2371 13.345 13.270 13.171 13.037 13.097 13.009 12.910 12.862 12.855 12.717 12.703 12.667 12.688
  9.07164759 0.6100000  3.8987 -3.2488 13.376 13.299 13.200 13.063 13.123 13.033 12.933 12.882 12.875 12.737 12.722 12.684 12.705
  9.07930631 0.6100000  3.8958 -3.2606 13.406 13.328 13.228 13.089 13.150 13.058 12.957 12.902 12.896 12.757 12.741 12.701 12.723
  9.08697832 0.6100000  3.8929 -3.2724 13.437 13.357 13.256 13.115 13.177 13.084 12.980 12.922 12.917 12.777 12.761 12.719 12.741
  9.09466363 0.6100000  3.8901 -3.2842 13.468 13.386 13.285 13.141 13.203 13.109 13.004 12.942 12.938 12.797 12.780 12.737 12.758
  9.10236510 0.6100000  3.8872 -3.2959 13.498 13.416 13.313 13.167 13.230 13.133 13.027 12.963 12.959 12.817 12.800 12.754 12.776
  9.11007991 0.6100000  3.8843 -3.3077 13.530 13.445 13.341 13.193 13.257 13.159 13.050 12.983 12.980 12.837 12.819 12.771 12.794
  9.11780996 0.6100000  3.8814 -3.3195 13.561 13.475 13.370 13.219 13.284 13.184 13.074 13.003 13.000 12.857 12.839 12.789 12.811
  9.12555527 0.6100000  3.8786 -3.3312 13.592 13.504 13.398 13.244 13.310 13.208 13.097 13.023 13.021 12.876 12.858 12.806 12.829
  9.13331491 0.6100000  3.8757 -3.3430 13.623 13.534 13.427 13.270 13.337 13.234 13.121 13.044 13.042 12.896 12.878 12.824 12.847
  9.14108982 0.6100000  3.8728 -3.3548 13.655 13.563 13.455 13.296 13.364 13.259 13.144 13.064 13.063 12.917 12.897 12.842 12.865
  9.14887908 0.6100000  3.8699 -3.3665 13.686 13.593 13.484 13.322 13.391 13.284 13.168 13.085 13.084 12.936 12.916 12.859 12.882
  9.15668270 0.6100000  3.8670 -3.3783 13.718 13.623 13.513 13.349 13.418 13.309 13.191 13.105 13.105 12.956 12.935 12.876 12.900
  9.16450067 0.6100000  3.8641 -3.3901 13.750 13.653 13.542 13.375 13.445 13.334 13.215 13.126 13.126 12.976 12.955 12.894 12.917
  9.17233208 0.6100000  3.8612 -3.4018 13.782 13.683 13.570 13.401 13.472 13.359 13.238 13.146 13.147 12.996 12.974 12.911 12.935
  9.18017597 0.6100000  3.8583 -3.4136 13.814 13.713 13.599 13.427 13.499 13.384 13.261 13.166 13.168 13.016 12.993 12.929 12.952
  9.18803330 0.6100000  3.8554 -3.4254 13.847 13.743 13.628 13.453 13.526 13.409 13.285 13.187 13.189 13.036 13.012 12.946 12.970
  9.19590317 0.6100000  3.8525 -3.4371 13.879 13.773 13.657 13.480 13.553 13.434 13.308 13.207 13.210 13.056 13.031 12.963 12.987
  9.20378747 0.6100000  3.8497 -3.4489 13.912 13.804 13.686 13.506 13.581 13.460 13.332 13.228 13.231 13.076 13.050 12.981 13.005
  9.21168520 0.6100000  3.8468 -3.4607 13.945 13.834 13.715 13.532 13.608 13.485 13.355 13.248 13.253 13.096 13.070 12.998 13.022
  9.21959168 0.6100000  3.8439 -3.4724 13.978 13.865 13.744 13.559 13.635 13.510 13.379 13.269 13.274 13.116 13.089 13.016 13.040
  9.22751069 0.6100000  3.8410 -3.4842 14.011 13.896 13.774 13.585 13.663 13.536 13.402 13.289 13.295 13.136 13.108 13.033 13.058
  9.23544161 0.6100000  3.8381 -3.4959 14.045 13.927 13.803 13.612 13.691 13.562 13.426 13.310 13.317 13.156 13.127 13.051 13.075
  9.24340409 0.6100000  3.8353 -3.5077 14.079 13.958 13.833 13.639 13.719 13.588 13.450 13.330 13.338 13.176 13.147 13.068 13.093
  9.25138112 0.6100000  3.8324 -3.5195 14.113 13.989 13.862 13.666 13.747 13.613 13.474 13.351 13.360 13.196 13.167 13.086 13.111
  9.25936976 0.6100000  3.8295 -3.5313 14.147 14.021 13.892 13.693 13.775 13.639 13.498 13.372 13.382 13.216 13.186 13.104 13.128
  9.26736618 0.6100000  3.8266 -3.5430 14.181 14.053 13.922 13.720 13.803 13.665 13.522 13.392 13.403 13.236 13.206 13.121 13.146
  9.27536848 0.6100000  3.8237 -3.5548 14.216 14.085 13.952 13.747 13.831 13.691 13.546 13.413 13.425 13.256 13.225 13.139 13.164
  9.28337470 0.6100000  3.8208 -3.5666 14.251 14.117 13.983 13.774 13.860 13.718 13.570 13.433 13.447 13.277 13.245 13.157 13.181
  9.29138012 0.6100000  3.8180 -3.5784 14.286 14.149 14.013 13.801 13.888 13.744 13.595 13.454 13.469 13.297 13.265 13.174 13.199
  9.29938472 0.6100000  3.8151 -3.5902 14.322 14.181 14.043 13.829 13.917 13.770 13.619 13.475 13.491 13.317 13.284 13.192 13.217
  9.30738657 0.6100000  3.8122 -3.6020 14.358 14.214 14.074 13.856 13.946 13.797 13.643 13.496 13.513 13.337 13.304 13.210 13.235
  9.31538477 0.6100000  3.8093 -3.6137 14.394 14.247 14.105 13.884 13.975 13.824 13.668 13.517 13.535 13.358 13.324 13.228 13.253
  9.32337931 0.6100000  3.8064 -3.6255 14.430 14.280 14.137 13.912 14.004 13.851 13.693 13.538 13.558 13.379 13.345 13.246 13.271
  9.33136930 0.6100000  3.8035 -3.6373 14.467 14.314 14.168 13.941 14.034 13.878 13.718 13.560 13.581 13.400 13.365 13.265 13.290
  9.33935761 0.6100000  3.8006 -3.6491 14.504 14.347 14.200 13.969 14.064 13.906 13.744 13.581 13.604 13.421 13.386 13.283 13.308
  9.34734529 0.6100000  3.7978 -3.6609 14.541 14.381 14.232 13.998 14.094 13.933 13.769 13.603 13.628 13.443 13.407 13.302 13.327
  9.35533708 0.6100000  3.7949 -3.6727 14.579 14.416 14.265 14.027 14.124 13.961 13.795 13.625 13.651 13.464 13.427 13.321 13.346
  9.36333296 0.6100000  3.7920 -3.6845 14.616 14.450 14.297 14.056 14.154 13.989 13.821 13.647 13.675 13.486 13.448 13.339 13.365
  9.37133389 0.6100000  3.7891 -3.6962 14.654 14.485 14.329 14.085 14.185 14.016 13.846 13.669 13.698 13.507 13.469 13.358 13.384
  9.37933738 0.6100000  3.7862 -3.7080 14.693 14.519 14.362 14.115 14.215 14.045 13.872 13.691 13.722 13.529 13.490 13.377 13.403
  9.38736126 0.6100000  3.7833 -3.7198 14.731 14.555 14.395 14.145 14.246 14.073 13.899 13.713 13.746 13.551 13.512 13.396 13.422
  9.39539511 0.6100000  3.7804 -3.7315 14.770 14.590 14.428 14.174 14.277 14.101 13.925 13.735 13.770 13.573 13.533 13.416 13.441
  9.40343837 0.6100000  3.7775 -3.7434 14.810 14.626 14.462 14.205 14.309 14.130 13.952 13.758 13.794 13.596 13.555 13.435 13.461
  9.41142030 0.6100000  3.7746 -3.7552 14.849 14.662 14.496 14.235 14.341 14.160 13.979 13.781 13.819 13.619 13.577 13.455 13.481
  9.41939160 0.6100000  3.7717 -3.7670 14.889 14.698 14.531 14.266 14.373 14.189 14.006 13.804 13.845 13.642 13.599 13.475 13.502
  9.42738489 0.6100000  3.7689 -3.7787 14.929 14.735 14.565 14.297 14.405 14.219 14.034 13.828 13.870 13.665 13.621 13.496 13.522
  9.43542006 0.6100000  3.7660 -3.7905 14.970 14.772 14.600 14.329 14.438 14.249 14.062 13.852 13.896 13.688 13.644 13.516 13.543
  9.44345688 0.6100000  3.7631 -3.8023 15.011 14.809 14.636 14.361 14.471 14.279 14.090 13.876 13.922 13.712 13.667 13.537 13.563
  9.45147037 0.6100000  3.7602 -3.8141 15.052 14.847 14.671 14.393 14.505 14.310 14.118 13.900 13.948 13.736 13.690 13.558 13.584
  9.45948332 0.6100000  3.7573 -3.8258 15.093 14.884 14.707 14.425 14.538 14.340 14.147 13.924 13.975 13.760 13.713 13.579 13.605
  9.46752095 0.6100000  3.7545 -3.8376 15.134 14.922 14.743 14.457 14.572 14.372 14.176 13.949 14.002 13.784 13.737 13.600 13.627
  9.47652483 0.6100000  3.7520 -3.8487 15.173 14.958 14.776 14.488 14.604 14.401 14.203 13.973 14.027 13.808 13.759 13.621 13.648
  9.48734354 0.6100000  3.7499 -3.8582 15.206 14.988 14.805 14.514 14.631 14.426 14.227 13.993 14.049 13.828 13.779 13.639 13.666
  9.49977160 0.6100000  3.7467 -3.8714 15.253 15.032 14.846 14.551 14.669 14.462 14.259 14.021 14.080 13.856 13.806 13.664 13.691
  9.51174056 0.6100000  3.7422 -3.8884 15.317 15.090 14.901 14.600 14.720 14.508 14.302 14.058 14.120 13.891 13.840 13.694 13.721
  9.51888061 0.6100000  3.7398 -3.8976 15.351 15.121 14.930 14.627 14.748 14.533 14.326 14.078 14.142 13.911 13.859 13.711 13.739
  9.52988483 0.6100000  3.7372 -3.9084 15.391 15.157 14.964 14.658 14.780 14.563 14.353 14.102 14.167 13.934 13.882 13.732 13.759
  9.54034524 0.6100000  3.7346 -3.9197 15.432 15.195 15.000 14.690 14.814 14.594 14.383 14.127 14.195 13.959 13.905 13.753 13.781
  9.55239786 0.6100000  3.7319 -3.9310 15.474 15.233 15.037 14.723 14.848 14.625 14.412 14.153 14.222 13.983 13.929 13.775 13.802
  9.56415559 0.6100000  3.7285 -3.9445 15.525 15.279 15.081 14.762 14.890 14.663 14.447 14.183 14.255 14.013 13.958 13.800 13.828
  9.57446200 0.6100000  3.7255 -3.9562 15.570 15.320 15.119 14.797 14.926 14.696 14.478 14.210 14.284 14.038 13.983 13.823 13.850
  9.58375552 0.6100000  3.7228 -3.9672 15.611 15.358 15.155 14.830 14.960 14.727 14.507 14.236 14.312 14.063 14.006 13.844 13.872
  9.59450526 0.6100000  3.7202 -3.9780 15.653 15.396 15.191 14.862 14.994 14.758 14.536 14.261 14.339 14.087 14.030 13.865 13.893
  9.60519198 0.6100000  3.7178 -3.9881 15.691 15.431 15.224 14.892 15.025 14.786 14.563 14.285 14.364 14.109 14.052 13.885 13.913
  9.61544301 0.6100000  3.7154 -3.9979 15.728 15.465 15.256 14.921 15.055 14.814 14.589 14.309 14.389 14.131 14.073 13.904 13.932
  9.62545814 0.6100000  3.7130 -4.0080 15.767 15.500 15.290 14.951 15.087 14.843 14.616 14.333 14.414 14.154 14.095 13.924 13.952
  9.63525984 0.6100000  3.7106 -4.0178 15.805 15.535 15.322 14.981 15.118 14.871 14.642 14.357 14.439 14.176 14.116 13.943 13.972
  9.64483690 0.6100000  3.7082 -4.0273 15.842 15.568 15.354 15.010 15.147 14.899 14.668 14.380 14.464 14.197 14.137 13.962 13.991
  9.65419257 0.6100000  3.7062 -4.0357 15.874 15.598 15.382 15.035 15.174 14.923 14.690 14.401 14.485 14.217 14.155 13.978 14.007
  9.66335018 0.6100000  3.7044 -4.0433 15.904 15.625 15.408 15.058 15.198 14.945 14.711 14.419 14.505 14.234 14.172 13.993 14.023
  9.67276683 0.6100000  3.7027 -4.0504 15.931 15.650 15.432 15.080 15.220 14.966 14.730 14.437 14.523 14.250 14.187 14.008 14.037
  9.68107117 0.6100000  3.7011 -4.0572 15.958 15.674 15.455 15.101 15.242 14.986 14.749 14.454 14.541 14.266 14.202 14.021 14.051
  9.68913219 0.6100000  3.6995 -4.0636 15.983 15.697 15.476 15.120 15.262 15.004 14.766 14.470 14.557 14.280 14.216 14.034 14.064
  9.69771402 0.6100000  3.6979 -4.0703 16.009 15.721 15.499 15.141 15.283 15.024 14.784 14.487 14.575 14.295 14.231 14.047 14.077
  9.70605872 0.6100000  3.6963 -4.0771 16.035 15.745 15.522 15.161 15.305 15.044 14.803 14.504 14.592 14.311 14.246 14.061 14.091
  9.71314703 0.6100000  3.6947 -4.0837 16.061 15.768 15.544 15.181 15.325 15.063 14.820 14.521 14.609 14.326 14.261 14.074 14.104
  9.72101117 0.6100000  3.6931 -4.0900 16.085 15.790 15.565 15.200 15.345 15.081 14.838 14.537 14.625 14.340 14.275 14.087 14.117
  9.72845763 0.6100000  3.6917 -4.0962 16.109 15.812 15.586 15.219 15.365 15.099 14.854 14.552 14.642 14.354 14.288 14.099 14.129
  9.73595879 0.6100000  3.6902 -4.1021 16.132 15.833 15.606 15.237 15.384 15.116 14.870 14.567 14.657 14.368 14.301 14.111 14.141
  9.74312182 0.6100000  3.6890 -4.1072 16.152 15.851 15.623 15.253 15.400 15.131 14.884 14.580 14.670 14.380 14.313 14.121 14.151
  9.75000451 0.6100000  3.6878 -4.1121 16.171 15.868 15.639 15.268 15.415 15.145 14.898 14.593 14.683 14.391 14.323 14.131 14.161
  9.75681396 0.6100000  3.6867 -4.1169 16.189 15.885 15.655 15.282 15.430 15.159 14.911 14.605 14.695 14.402 14.334 14.141 14.171
  9.76438392 0.6100000  3.6856 -4.1215 16.207 15.901 15.671 15.296 15.445 15.172 14.923 14.617 14.707 14.412 14.344 14.150 14.180
  9.77131260 0.6100000  3.6845 -4.1260 16.224 15.917 15.686 15.310 15.459 15.185 14.935 14.628 14.719 14.423 14.354 14.159 14.189
  9.77793366 0.6100000  3.6835 -4.1303 16.241 15.932 15.700 15.323 15.473 15.197 14.947 14.639 14.730 14.433 14.364 14.168 14.198
  9.78481870 0.6100000  3.6825 -4.1345 16.257 15.947 15.714 15.336 15.486 15.210 14.959 14.650 14.741 14.442 14.373 14.176 14.206
  9.79191844 0.6100000  3.6815 -4.1387 16.273 15.962 15.728 15.349 15.499 15.222 14.970 14.661 14.752 14.452 14.382 14.185 14.215
  9.79783587 0.6100000  3.6806 -4.1423 16.287 15.975 15.740 15.360 15.511 15.232 14.980 14.670 14.761 14.460 14.390 14.192 14.222
  9.80470947 0.6100000  3.6798 -4.1458 16.300 15.987 15.752 15.370 15.522 15.242 14.989 14.679 14.770 14.468 14.398 14.199 14.229
  9.81039617 0.6100000  3.6790 -4.1492 16.313 15.999 15.763 15.381 15.532 15.252 14.999 14.688 14.779 14.476 14.406 14.206 14.236
  9.81499169 0.6100000  3.6782 -4.1526 16.326 16.011 15.775 15.391 15.543 15.262 15.008 14.697 14.788 14.484 14.413 14.213 14.243
  9.82053058 0.6100000  3.6774 -4.1559 16.339 16.022 15.786 15.401 15.554 15.271 15.017 14.705 14.796 14.491 14.421 14.220 14.250
  9.82504088 0.6100000  3.6766 -4.1592 16.352 16.034 15.797 15.411 15.564 15.281 15.026 14.714 14.805 14.499 14.428 14.226 14.256
  9.83147256 0.6100000  3.6759 -4.1625 16.364 16.045 15.808 15.421 15.574 15.290 15.035 14.722 14.813 14.506 14.435 14.233 14.263
  9.83682154 0.6100000  3.6751 -4.1657 16.376 16.056 15.818 15.430 15.584 15.299 15.043 14.730 14.822 14.514 14.442 14.239 14.269
  9.84212294 0.6100000  3.6743 -4.1690 16.388 16.067 15.829 15.440 15.594 15.309 15.052 14.739 14.830 14.521 14.449 14.246 14.276
  9.84827175 0.6100000  3.6735 -4.1722 16.400 16.078 15.839 15.449 15.604 15.318 15.061 14.747 14.838 14.528 14.456 14.252 14.282
  9.85325432 0.6100000  3.6728 -4.1754 16.412 16.089 15.850 15.459 15.614 15.327 15.069 14.755 14.846 14.535 14.463 14.258 14.288
  9.85864424 0.6100000  3.6720 -4.1789 16.425 16.101 15.861 15.469 15.624 15.336 15.078 14.763 14.855 14.543 14.471 14.265 14.295
  9.86411367 0.6100000  3.6706 -4.1844 16.446 16.120 15.879 15.485 15.641 15.352 15.093 14.777 14.869 14.555 14.483 14.276 14.306
  9.86993829 0.6100000  3.6693 -4.1898 16.466 16.139 15.896 15.501 15.658 15.367 15.107 14.791 14.882 14.567 14.494 14.286 14.316
  9.87480856 0.6100000  3.6680 -4.1953 16.486 16.157 15.914 15.517 15.674 15.382 15.121 14.804 14.896 14.579 14.506 14.297 14.327
  9.88006355 0.6100000  3.6666 -4.2007 16.506 16.176 15.932 15.533 15.691 15.397 15.135 14.818 14.910 14.591 14.517 14.308 14.338
  9.88510431 0.6100000  3.6653 -4.2061 16.526 16.194 15.949 15.549 15.707 15.412 15.150 14.831 14.923 14.603 14.529 14.318 14.348
  9.89009114 0.6100000  3.6640 -4.2115 16.546 16.212 15.966 15.565 15.724 15.427 15.164 14.845 14.936 14.615 14.540 14.328 14.359
  9.89501495 0.6100000  3.6627 -4.2168 16.566 16.230 15.983 15.580 15.740 15.442 15.177 14.858 14.950 14.627 14.551 14.339 14.369
  9.89988057 0.6100000  3.6617 -4.2208 16.580 16.243 15.996 15.592 15.752 15.453 15.188 14.868 14.960 14.635 14.560 14.346 14.376
  9.90468714 0.6100000  3.6608 -4.2247 16.595 16.256 16.009 15.603 15.763 15.464 15.198 14.877 14.969 14.644 14.568 14.354 14.384
  9.90942706 0.6100000  3.6598 -4.2287 16.609 16.270 16.021 15.614 15.775 15.474 15.208 14.887 14.979 14.653 14.577 14.362 14.392
  9.91358885 0.6100000  3.6589 -4.2327 16.624 16.283 16.034 15.626 15.787 15.485 15.218 14.897 14.989 14.661 14.585 14.369 14.399
  9.91823639 0.6100000  3.6579 -4.2366 16.638 16.296 16.046 15.637 15.799 15.496 15.228 14.907 14.999 14.670 14.593 14.377 14.407
  9.92282231 0.6100000  3.6569 -4.2406 16.652 16.309 16.059 15.649 15.811 15.507 15.239 14.916 15.008 14.678 14.601 14.384 14.414
  9.92735613 0.6100000  3.6560 -4.2446 16.667 16.323 16.072 15.660 15.823 15.518 15.249 14.926 15.018 14.687 14.610 14.392 14.422
  9.93183699 0.6100000  3.6550 -4.2486 16.681 16.336 16.084 15.671 15.835 15.529 15.259 14.936 15.028 14.696 14.618 14.400 14.430
  9.93626046 0.6100000  3.6540 -4.2525 16.695 16.349 16.096 15.683 15.846 15.539 15.269 14.946 15.038 14.704 14.626 14.407 14.437
  9.94015117 0.6100000  3.6531 -4.2565 16.710 16.362 16.109 15.694 15.858 15.550 15.279 14.955 15.047 14.712 14.635 14.415 14.445
  9.94449069 0.6100000  3.6521 -4.2606 16.724 16.375 16.121 15.705 15.870 15.561 15.289 14.965 15.057 14.721 14.643 14.422 14.452
  9.94877581 0.6100000  3.6511 -4.2647 16.738 16.388 16.134 15.717 15.881 15.572 15.299 14.975 15.067 14.730 14.651 14.430 14.460
  9.95254796 0.6100000  3.6501 -4.2688 16.752 16.401 16.146 15.728 15.893 15.582 15.310 14.984 15.076 14.738 14.660 14.438 14.468
  9.95674059 0.6100000  3.6491 -4.2728 16.766 16.414 16.158 15.739 15.904 15.593 15.319 14.994 15.086 14.747 14.668 14.445 14.475
  9.96044320 0.6100000  3.6481 -4.2769 16.780 16.427 16.171 15.750 15.916 15.603 15.329 15.003 15.095 14.755 14.676 14.453 14.483
  9.96455701 0.6100000  3.6471 -4.2811 16.795 16.440 16.183 15.761 15.928 15.614 15.340 15.013 15.105 14.764 14.684 14.461 14.491
  9.96863172 0.6100000  3.6461 -4.2852 16.809 16.453 16.196 15.772 15.939 15.625 15.350 15.023 15.115 14.772 14.693 14.468 14.498
  9.97222436 0.6100000  3.6451 -4.2893 16.823 16.465 16.208 15.784 15.951 15.635 15.359 15.032 15.124 14.780 14.701 14.476 14.506
  9.97621928 0.6100000  3.6441 -4.2935 16.837 16.478 16.220 15.795 15.963 15.646 15.370 15.042 15.134 14.789 14.709 14.484 14.513
  9.97974143 0.6100000  3.6430 -4.2977 16.851 16.491 16.233 15.806 15.974 15.657 15.380 15.051 15.144 14.797 14.717 14.492 14.521
  9.98324322 0.6100000  3.6420 -4.3020 16.866 16.505 16.245 15.817 15.986 15.668 15.390 15.061 15.154 14.806 14.726 14.499 14.529
  9.98712804 0.6100000  3.6409 -4.3064 16.881 16.518 16.258 15.829 15.998 15.679 15.400 15.071 15.164 14.815 14.734 14.508 14.537
  9.99055958 0.6100000  3.6399 -4.3107 16.895 16.531 16.271 15.840 16.010 15.690 15.410 15.081 15.173 14.824 14.743 14.515 14.545
  9.99395794 0.6100000  3.6388 -4.3151 16.910 16.545 16.283 15.852 16.022 15.701 15.421 15.091 15.183 14.832 14.751 14.523 14.552
  9.99773190 0.6100000  3.6377 -4.3196 16.925 16.558 16.296 15.864 16.034 15.712 15.431 15.101 15.194 14.841 14.760 14.532 14.561
 10.00106502 0.6100000  3.6366 -4.3241 16.939 16.572 16.309 15.875 16.046 15.723 15.442 15.111 15.204 14.850 14.769 14.540 14.569
 10.00436621 0.6100000  3.6355 -4.3286 16.954 16.585 16.322 15.887 16.058 15.734 15.452 15.121 15.214 14.859 14.777 14.548 14.577
 10.00764384 0.6100000  3.6343 -4.3332 16.969 16.599 16.335 15.899 16.070 15.745 15.463 15.131 15.224 14.868 14.786 14.556 14.585
 10.01127096 0.6100000  3.6332 -4.3378 16.984 16.612 16.348 15.911 16.083 15.756 15.473 15.141 15.234 14.877 14.795 14.565 14.593
 10.01447977 0.6100000  3.6320 -4.3426 17.000 16.627 16.362 15.923 16.095 15.768 15.484 15.152 15.245 14.886 14.804 14.573 14.601
 10.01767167 0.6100000  3.6308 -4.3475 17.015 16.641 16.375 15.935 16.108 15.780 15.496 15.163 15.255 14.896 14.813 14.582 14.610
 10.02082779 0.6100000  3.6296 -4.3524 17.031 16.655 16.389 15.948 16.121 15.792 15.507 15.173 15.266 14.905 14.822 14.591 14.619
 10.02396679 0.6100000  3.6283 -4.3574 17.047 16.670 16.403 15.960 16.134 15.804 15.518 15.184 15.277 14.915 14.832 14.600 14.627
 10.02698695 0.6100000  3.6271 -4.3624 17.063 16.684 16.416 15.973 16.147 15.815 15.529 15.195 15.288 14.924 14.841 14.608 14.636
 10.03007570 0.6100000  3.6258 -4.3676 17.079 16.698 16.430 15.985 16.160 15.827 15.540 15.206 15.299 14.934 14.851 14.618 14.645
 10.03314392 0.6100000  3.6246 -4.3727 17.094 16.713 16.444 15.998 16.173 15.839 15.551 15.216 15.309 14.943 14.860 14.627 14.654
 10.03618268 0.6100000  3.6233 -4.3780 17.110 16.727 16.458 16.010 16.186 15.851 15.563 15.227 15.320 14.953 14.870 14.636 14.663
 10.03919806 0.6100000  3.6219 -4.3834 17.127 16.742 16.472 16.023 16.199 15.863 15.574 15.238 15.331 14.963 14.879 14.646 14.672
 10.04219777 0.6100000  3.6205 -4.3889 17.143 16.757 16.487 16.036 16.213 15.876 15.586 15.249 15.342 14.973 14.889 14.656 14.682
 10.04523659 0.6100000  3.6192 -4.3945 17.160 16.772 16.501 16.049 16.226 15.888 15.598 15.261 15.354 14.983 14.899 14.665 14.691
 10.04806930 0.6100000  3.6178 -4.4001 17.176 16.788 16.515 16.062 16.240 15.900 15.609 15.272 15.365 14.993 14.909 14.675 14.701
 10.05096545 0.6100000  3.6164 -4.4058 17.193 16.803 16.530 16.075 16.254 15.913 15.621 15.283 15.376 15.004 14.919 14.685 14.710
 10.05355323 0.6100000  3.6149 -4.4115 17.209 16.818 16.544 16.089 16.267 15.925 15.633 15.295 15.387 15.014 14.929 14.695 14.720
 10.05635142 0.6100000  3.6135 -4.4173 17.226 16.833 16.559 16.102 16.281 15.938 15.645 15.306 15.398 15.024 14.939 14.705 14.730
 10.05903405 0.6100000  3.6120 -4.4232 17.242 16.848 16.573 16.115 16.294 15.950 15.656 15.318 15.410 15.034 14.950 14.716 14.740
 10.06157230 0.6100000  3.6106 -4.4293 17.259 16.864 16.588 16.128 16.308 15.963 15.669 15.329 15.421 15.045 14.960 14.726 14.750
 10.06418344 0.6100000  3.6090 -4.4353 17.276 16.879 16.603 16.142 16.322 15.975 15.681 15.341 15.433 15.055 14.970 14.737 14.760
 10.06683248 0.6100000  3.6075 -4.4415 17.293 16.895 16.618 16.155 16.336 15.988 15.693 15.352 15.444 15.066 14.981 14.747 14.770
 10.06960855 0.6100000  3.6060 -4.4477 17.310 16.910 16.632 16.169 16.350 16.001 15.705 15.364 15.456 15.077 14.991 14.758 14.780
 10.07239070 0.6100000  3.6044 -4.4540 17.327 16.926 16.647 16.182 16.364 16.014 15.717 15.376 15.467 15.087 15.002 14.769 14.790
 10.07517179 0.6100000  3.6029 -4.4603 17.344 16.941 16.662 16.195 16.378 16.026 15.729 15.387 15.479 15.098 15.012 14.780 14.800
 10.07761779 0.6100000  3.6012 -4.4669 17.361 16.957 16.677 16.209 16.392 16.039 15.741 15.399 15.490 15.109 15.023 14.791 14.811
 10.08028833 0.6100000  3.5995 -4.4738 17.379 16.974 16.693 16.224 16.407 16.053 15.754 15.412 15.503 15.121 15.035 14.804 14.823
 10.08269823 0.6100000  3.5978 -4.4806 17.397 16.990 16.709 16.238 16.422 16.066 15.767 15.424 15.515 15.132 15.046 14.816 14.834
 10.08526057 0.6100000  3.5961 -4.4876 17.415 17.006 16.725 16.252 16.437 16.080 15.780 15.436 15.527 15.144 15.058 14.829 14.846
 10.08781368 0.6100000  3.5944 -4.4945 17.433 17.023 16.740 16.266 16.451 16.093 15.792 15.449 15.539 15.155 15.070 14.841 14.858
 10.09034576 0.6100000  3.5926 -4.5015 17.451 17.039 16.755 16.280 16.466 16.106 15.805 15.461 15.552 15.166 15.081 14.854 14.869
 10.09286007 0.6100000  3.5909 -4.5084 17.468 17.055 16.771 16.294 16.480 16.119 15.817 15.473 15.563 15.178 15.093 14.867 14.881
 10.09520442 0.6100000  3.5897 -4.5134 17.480 17.066 16.781 16.304 16.490 16.129 15.826 15.481 15.572 15.186 15.101 14.876 14.889
 10.09770322 0.6100000  3.5884 -4.5186 17.493 17.078 16.793 16.314 16.500 16.138 15.835 15.490 15.581 15.194 15.110 14.886 14.898
 10.10017298 0.6100000  3.5871 -4.5239 17.506 17.089 16.804 16.324 16.511 16.148 15.844 15.499 15.590 15.203 15.118 14.896 14.907
 10.10247612 0.6100000  3.5858 -4.5292 17.519 17.101 16.815 16.334 16.521 16.158 15.853 15.507 15.598 15.211 15.127 14.905 14.916
 10.10492407 0.6100000  3.5844 -4.5346 17.532 17.113 16.827 16.345 16.532 16.167 15.863 15.516 15.607 15.220 15.136 14.915 14.925
 10.10736462 0.6100000  3.5831 -4.5402 17.545 17.125 16.838 16.355 16.543 16.177 15.872 15.526 15.616 15.228 15.145 14.926 14.935
 10.10962563 0.6100000  3.5817 -4.5458 17.558 17.137 16.850 16.366 16.554 16.187 15.882 15.535 15.625 15.237 15.154 14.936 14.944
 10.11203789 0.6100000  3.5803 -4.5515 17.572 17.149 16.861 16.376 16.565 16.197 15.891 15.544 15.635 15.246 15.163 14.947 14.954
 10.11428285 0.6100000  3.5777 -4.5620 17.596 17.171 16.883 16.395 16.584 16.215 15.908 15.560 15.651 15.262 15.180 14.967 14.971
 10.11662676 0.6100000  3.5744 -4.5749 17.625 17.197 16.908 16.418 16.608 16.237 15.929 15.580 15.671 15.282 15.201 14.992 14.993
 10.11869983 0.6100000  3.5715 -4.5867 17.652 17.222 16.932 16.440 16.630 16.257 15.948 15.599 15.690 15.301 15.220 15.015 15.014
 10.12087937 0.6100000  3.5685 -4.5986 17.679 17.246 16.955 16.461 16.652 16.278 15.967 15.617 15.708 15.320 15.241 15.040 15.037
 10.12306942 0.6100000  3.5665 -4.6066 17.697 17.263 16.970 16.475 16.666 16.291 15.980 15.629 15.720 15.333 15.254 15.056 15.052
 10.12534432 0.6100000  3.5645 -4.6146 17.714 17.279 16.986 16.489 16.681 16.304 15.993 15.641 15.733 15.346 15.268 15.073 15.067
 10.12760055 0.6100000  3.5625 -4.6227 17.732 17.295 17.001 16.503 16.695 16.318 16.005 15.654 15.745 15.359 15.282 15.090 15.082
 10.12976280 0.6100000  3.5605 -4.6308 17.750 17.311 17.017 16.517 16.710 16.331 16.018 15.666 15.757 15.372 15.296 15.108 15.098
 10.13199674 0.6100000  3.5585 -4.6389 17.767 17.326 17.032 16.530 16.724 16.344 16.030 15.678 15.769 15.385 15.310 15.125 15.114
 10.13421859 0.6100000  3.5565 -4.6470 17.784 17.342 17.047 16.544 16.738 16.357 16.043 15.690 15.781 15.398 15.324 15.143 15.130
 10.13635113 0.6100000  3.5544 -4.6553 17.802 17.358 17.062 16.558 16.752 16.370 16.055 15.702 15.793 15.412 15.338 15.161 15.147
 10.13846687 0.6100000  3.5524 -4.6637 17.819 17.374 17.077 16.572 16.766 16.384 16.068 15.714 15.805 15.425 15.353 15.180 15.164
 10.14057709 0.6100000  3.5503 -4.6720 17.836 17.389 17.092 16.585 16.780 16.396 16.080 15.726 15.817 15.439 15.367 15.199 15.180
 10.14268367 0.6100000  3.5482 -4.6804 17.853 17.405 17.107 16.598 16.794 16.409 16.092 15.737 15.828 15.453 15.382 15.218 15.198
 10.14477248 0.6100000  3.5461 -4.6888 17.870 17.420 17.121 16.612 16.808 16.422 16.104 15.749 15.840 15.466 15.397 15.237 15.215
 10.14685295 0.6100000  3.5440 -4.6973 17.887 17.436 17.136 16.625 16.822 16.435 16.117 15.761 15.852 15.480 15.412 15.257 15.233
 10.14892789 0.6100000  3.5418 -4.7060 17.905 17.452 17.152 16.639 16.836 16.449 16.129 15.773 15.864 15.495 15.429 15.278 15.253
 10.15098223 0.6100000  3.5397 -4.7147 17.923 17.468 17.167 16.653 16.851 16.462 16.142 15.786 15.877 15.511 15.446 15.300 15.273
 10.15303104 0.6100000  3.5375 -4.7234 17.940 17.483 17.182 16.667 16.865 16.475 16.155 15.798 15.889 15.526 15.463 15.322 15.293
 10.15507997 0.6100000  3.5353 -4.7322 17.958 17.499 17.197 16.681 16.879 16.489 16.168 15.810 15.901 15.542 15.480 15.344 15.314
 10.15710169 0.6100000  3.5331 -4.7410 17.975 17.515 17.212 16.694 16.894 16.502 16.180 15.823 15.914 15.559 15.498 15.367 15.335
 10.15913013 0.6100000  3.5309 -4.7499 17.993 17.531 17.228 16.708 16.908 16.516 16.193 15.835 15.926 15.575 15.516 15.390 15.357
 10.16114455 0.6100000  3.5287 -4.7589 18.010 17.547 17.243 16.722 16.922 16.529 16.206 15.848 15.939 15.592 15.534 15.414 15.379
 10.16314495 0.6100000  3.5264 -4.7680 18.028 17.563 17.258 16.736 16.937 16.543 16.219 15.860 15.951 15.609 15.553 15.439 15.402
 10.16514452 0.6100000  3.5242 -4.7770 18.045 17.579 17.273 16.750 16.951 16.556 16.232 15.872 15.963 15.626 15.572 15.464 15.426
 10.16712629 0.6100000  3.5219 -4.7861 18.063 17.595 17.289 16.763 16.965 16.569 16.245 15.885 15.976 15.644 15.592 15.489 15.449
 10.16910818 0.6100000  3.5196 -4.7952 18.080 17.611 17.304 16.777 16.979 16.583 16.257 15.897 15.988 15.662 15.611 15.514 15.474
 10.17107791 0.6100000  3.5173 -4.8044 18.097 17.626 17.319 16.790 16.993 16.596 16.270 15.910 16.001 15.680 15.631 15.541 15.498
 10.17302796 0.6100000  3.5150 -4.8137 18.114 17.642 17.334 16.804 17.007 16.609 16.283 15.922 16.013 15.698 15.652 15.567 15.524
 10.17497812 0.6100000  3.5127 -4.8231 18.132 17.658 17.349 16.818 17.021 16.623 16.296 15.935 16.026 15.717 15.673 15.595 15.550
 10.17691989 0.6100000  3.5104 -4.8324 18.149 17.674 17.364 16.831 17.035 16.636 16.309 15.947 16.038 15.736 15.694 15.622 15.576
 10.17885328 0.6100000  3.5080 -4.8418 18.166 17.689 17.379 16.845 17.049 16.650 16.322 15.960 16.051 15.757 15.716 15.650 15.603
 10.18077735 0.6100000  3.5057 -4.8513 18.184 17.705 17.394 16.859 17.064 16.664 16.335 15.973 16.064 15.778 15.739 15.679 15.631
 10.18269303 0.6100000  3.5033 -4.8609 18.201 17.721 17.409 16.873 17.078 16.677 16.348 15.985 16.077 15.799 15.763 15.708 15.659
 10.18459843 0.6100000  3.5009 -4.8705 18.219 17.737 17.424 16.886 17.092 16.691 16.362 15.998 16.090 15.821 15.786 15.738 15.688
 10.18650016 0.6100000  3.4985 -4.8802 18.236 17.753 17.440 16.900 17.106 16.705 16.375 16.011 16.103 15.844 15.811 15.768 15.717
 10.18838690 0.6100000  3.4960 -4.8899 18.254 17.768 17.455 16.914 17.121 16.719 16.388 16.024 16.116 15.866 15.835 15.799 15.747
 10.19026713 0.6100000  3.4936 -4.8997 18.271 17.784 17.470 16.928 17.135 16.733 16.402 16.037 16.129 15.890 15.861 15.831 15.777
 10.19215405 0.6100000  3.4912 -4.9094 18.288 17.799 17.485 16.941 17.149 16.746 16.415 16.050 16.141 15.913 15.886 15.862 15.808
 10.19401467 0.6100000  3.4887 -4.9194 18.306 17.815 17.500 16.955 17.163 16.760 16.429 16.063 16.155 15.938 15.913 15.895 15.840
 10.19587348 0.6100000  3.4862 -4.9293 18.323 17.831 17.515 16.968 17.177 16.774 16.442 16.076 16.168 15.963 15.940 15.928 15.872
 10.19771918 0.6100000  3.4837 -4.9393 18.340 17.847 17.530 16.982 17.191 16.788 16.456 16.089 16.181 15.988 15.967 15.961 15.905
 10.19956120 0.6100000  3.4813 -4.9493 18.357 17.862 17.545 16.996 17.205 16.802 16.469 16.102 16.194 16.014 15.995 15.995 15.938
