#     log(t)    Mwd   log(Teff)log(L/Lo) F435W F475W  F502N  F550M  F555W  F606W  F625W  F658N  F660N  F775W  F814W  F850LP F892N
  6.01602650 0.7700000  4.9958  1.3018  7.978  8.149  8.275  8.381  8.314  8.380  8.477  8.408  8.490  8.658  8.699  8.858  8.874
  6.02148534 0.7700000  4.9889  1.2667  8.012  8.182  8.307  8.413  8.347  8.413  8.509  8.442  8.523  8.691  8.732  8.890  8.906
  6.02729704 0.7700000  4.9820  1.2315  8.045  8.215  8.340  8.446  8.380  8.446  8.542  8.475  8.556  8.723  8.764  8.922  8.938
  6.03339341 0.7700000  4.9750  1.1962  8.078  8.248  8.372  8.478  8.412  8.478  8.574  8.508  8.589  8.755  8.796  8.954  8.970
  6.03974776 0.7700000  4.9680  1.1608  8.111  8.281  8.404  8.510  8.444  8.510  8.606  8.540  8.621  8.787  8.828  8.986  9.001
  6.04630905 0.7700000  4.9608  1.1253  8.144  8.313  8.436  8.541  8.477  8.542  8.637  8.572  8.653  8.818  8.859  9.017  9.032
  6.05305297 0.7700000  4.9536  1.0898  8.177  8.345  8.468  8.573  8.509  8.574  8.669  8.604  8.685  8.849  8.890  9.048  9.063
  6.05998668 0.7700000  4.9464  1.0542  8.208  8.376  8.499  8.603  8.539  8.605  8.699  8.635  8.716  8.879  8.920  9.078  9.093
  6.06696998 0.7700000  4.9390  1.0187  8.239  8.407  8.529  8.633  8.569  8.635  8.729  8.665  8.746  8.908  8.949  9.107  9.122
  6.07425368 0.7700000  4.9317  0.9832  8.269  8.437  8.558  8.662  8.598  8.664  8.758  8.695  8.775  8.937  8.978  9.136  9.151
  6.08163610 0.7700000  4.9242  0.9476  8.299  8.467  8.587  8.691  8.627  8.693  8.787  8.725  8.805  8.966  9.007  9.164  9.180
  6.08917158 0.7700000  4.9166  0.9120  8.329  8.496  8.616  8.720  8.656  8.722  8.816  8.754  8.833  8.994  9.035  9.192  9.208
  6.09687968 0.7700000  4.9091  0.8766  8.358  8.525  8.645  8.748  8.685  8.750  8.844  8.783  8.862  9.022  9.063  9.220  9.235
  6.10481046 0.7700000  4.9015  0.8411  8.388  8.554  8.673  8.776  8.713  8.778  8.871  8.812  8.890  9.049  9.090  9.247  9.262
  6.11292579 0.7700000  4.8939  0.8056  8.417  8.582  8.701  8.804  8.742  8.806  8.899  8.841  8.918  9.077  9.118  9.274  9.289
  6.12125235 0.7700000  4.8863  0.7700  8.445  8.611  8.729  8.832  8.769  8.834  8.927  8.869  8.946  9.104  9.145  9.302  9.316
  6.12972245 0.7700000  4.8786  0.7346  8.474  8.639  8.756  8.859  8.797  8.861  8.954  8.897  8.974  9.131  9.172  9.328  9.343
  6.13843097 0.7700000  4.8709  0.6992  8.501  8.666  8.783  8.886  8.824  8.888  8.981  8.924  9.001  9.157  9.198  9.354  9.369
  6.14737029 0.7700000  4.8632  0.6636  8.529  8.694  8.810  8.912  8.851  8.915  9.007  8.952  9.028  9.184  9.224  9.380  9.395
  6.15647221 0.7700000  4.8555  0.6282  8.557  8.721  8.836  8.939  8.877  8.941  9.033  8.978  9.055  9.209  9.250  9.406  9.421
  6.16581398 0.7700000  4.8477  0.5927  8.584  8.747  8.863  8.965  8.903  8.967  9.059  9.005  9.081  9.235  9.275  9.431  9.446
  6.17533267 0.7700000  4.8399  0.5572  8.611  8.774  8.889  8.991  8.929  8.993  9.085  9.032  9.107  9.260  9.300  9.456  9.471
  6.18508979 0.7700000  4.8321  0.5218  8.638  8.801  8.915  9.016  8.955  9.019  9.110  9.059  9.134  9.286  9.326  9.481  9.496
  6.19507483 0.7700000  4.8243  0.4863  8.666  8.827  8.941  9.042  8.982  9.045  9.136  9.085  9.160  9.311  9.351  9.507  9.522
  6.20529497 0.7700000  4.8164  0.4509  8.692  8.854  8.967  9.067  9.007  9.071  9.162  9.112  9.186  9.336  9.376  9.531  9.546
  6.21574066 0.7700000  4.8085  0.4154  8.719  8.880  8.992  9.093  9.033  9.096  9.187  9.138  9.212  9.361  9.401  9.556  9.571
  6.22642860 0.7700000  4.8006  0.3800  8.746  8.906  9.018  9.118  9.059  9.122  9.212  9.165  9.238  9.386  9.426  9.581  9.595
  6.23735735 0.7700000  4.7927  0.3446  8.773  8.933  9.043  9.143  9.084  9.147  9.238  9.191  9.264  9.410  9.451  9.606  9.620
  6.24851785 0.7700000  4.7847  0.3091  8.799  8.959  9.069  9.169  9.110  9.173  9.263  9.217  9.290  9.435  9.475  9.630  9.645
  6.25989485 0.7700000  4.7768  0.2737  8.826  8.985  9.094  9.194  9.135  9.198  9.288  9.243  9.315  9.460  9.500  9.654  9.669
  6.27151458 0.7700000  4.7688  0.2382  8.852  9.011  9.119  9.219  9.160  9.223  9.312  9.269  9.341  9.484  9.524  9.679  9.693
  6.28335032 0.7700000  4.7608  0.2027  8.878  9.037  9.144  9.243  9.186  9.249  9.337  9.295  9.366  9.508  9.549  9.703  9.717
  6.29542212 0.7700000  4.7527  0.1673  8.905  9.062  9.169  9.268  9.210  9.273  9.362  9.321  9.392  9.532  9.573  9.727  9.741
  6.30769040 0.7700000  4.7446  0.1318  8.930  9.088  9.193  9.292  9.235  9.298  9.386  9.346  9.417  9.556  9.597  9.751  9.765
  6.32021047 0.7700000  4.7365  0.0965  8.956  9.113  9.218  9.316  9.259  9.322  9.410  9.372  9.442  9.580  9.620  9.774  9.788
  6.33306959 0.7700000  4.7284  0.0612  8.982  9.138  9.242  9.340  9.284  9.346  9.434  9.397  9.467  9.603  9.644  9.797  9.812
  6.34625204 0.7700000  4.7203  0.0258  9.009  9.164  9.267  9.365  9.309  9.371  9.458  9.423  9.492  9.627  9.668  9.821  9.835
  6.35982553 0.7700000  4.7122 -0.0095  9.035  9.190  9.292  9.389  9.334  9.396  9.483  9.449  9.518  9.651  9.691  9.845  9.859
  6.37371281 0.7700000  4.7040 -0.0448  9.062  9.215  9.317  9.414  9.359  9.420  9.507  9.475  9.543  9.675  9.715  9.868  9.882
  6.38800830 0.7700000  4.6959 -0.0801  9.088  9.241  9.342  9.438  9.384  9.445  9.532  9.501  9.568  9.699  9.739  9.892  9.906
  6.40263810 0.7700000  4.6878 -0.1154  9.115  9.268  9.367  9.463  9.409  9.470  9.557  9.528  9.594  9.724  9.763  9.916  9.930
  6.41770711 0.7700000  4.6797 -0.1506  9.143  9.294  9.393  9.488  9.435  9.496  9.582  9.555  9.621  9.749  9.788  9.941  9.955
  6.43316813 0.7700000  4.6715 -0.1859  9.170  9.321  9.419  9.514  9.461  9.522  9.607  9.582  9.647  9.774  9.813  9.965  9.979
  6.44910271 0.7700000  4.6634 -0.2211  9.198  9.348  9.444  9.540  9.487  9.547  9.633  9.610  9.674  9.799  9.838  9.990 10.004
  6.46546556 0.7700000  4.6553 -0.2562  9.226  9.375  9.471  9.566  9.513  9.573  9.658  9.637  9.700  9.824  9.863 10.015 10.028
  6.48250559 0.7700000  4.6472 -0.2914  9.255  9.403  9.497  9.592  9.540  9.600  9.685  9.666  9.728  9.850  9.888 10.041 10.054
  6.50005306 0.7700000  4.6391 -0.3266  9.284  9.431  9.524  9.619  9.567  9.627  9.711  9.695  9.756  9.876  9.914 10.067 10.080
  6.51814089 0.7700000  4.6310 -0.3615  9.313  9.460  9.552  9.646  9.594  9.654  9.738  9.724  9.784  9.902  9.941 10.093 10.105
  6.53697410 0.7700000  4.6228 -0.3967  9.343  9.489  9.579  9.673  9.622  9.682  9.765  9.753  9.813  9.928  9.967 10.119 10.132
  6.55631385 0.7700000  4.6147 -0.4317  9.373  9.518  9.608  9.700  9.651  9.710  9.793  9.783  9.842  9.955  9.994 10.146 10.158
  6.57653874 0.7700000  4.6066 -0.4667  9.404  9.548  9.636  9.728  9.679  9.738  9.820  9.813  9.871  9.982 10.021 10.173 10.185
  6.59750574 0.7700000  4.5985 -0.5016  9.435  9.578  9.665  9.756  9.708  9.767  9.849  9.845  9.901 10.009 10.048 10.200 10.212
  6.61940560 0.7700000  4.5903 -0.5366  9.467  9.609  9.694  9.786  9.738  9.797  9.878  9.877  9.931 10.038 10.077 10.228 10.240
  6.64214823 0.7700000  4.5821 -0.5715  9.500  9.641  9.724  9.815  9.768  9.827  9.908  9.910  9.963 10.066 10.105 10.256 10.268
  6.66598498 0.7700000  4.5740 -0.6062  9.534  9.673  9.755  9.845  9.799  9.857  9.937  9.943  9.995 10.096 10.134 10.285 10.297
  6.69116049 0.7700000  4.5659 -0.6408  9.568  9.706  9.786  9.876  9.830  9.888  9.968  9.977 10.027 10.125 10.164 10.314 10.326
  6.71785650 0.7700000  4.5578 -0.6753  9.603  9.739  9.818  9.907  9.862  9.920  9.999 10.012 10.060 10.156 10.194 10.344 10.355
  6.74641926 0.7700000  4.5498 -0.7097  9.639  9.774  9.850  9.939  9.894  9.953 10.031 10.047 10.094 10.186 10.225 10.375 10.385
  6.77712203 0.7700000  4.5417 -0.7440  9.676  9.809  9.884  9.972  9.928  9.986 10.064 10.084 10.129 10.218 10.257 10.406 10.417
  6.81010222 0.7700000  4.5337 -0.7783  9.717  9.848  9.920 10.007  9.965 10.023 10.099 10.125 10.167 10.253 10.291 10.440 10.451
  6.84558685 0.7700000  4.5258 -0.8125  9.759  9.888  9.958 10.044 10.003 10.060 10.136 10.166 10.207 10.289 10.327 10.475 10.485
  6.88370659 0.7700000  4.5178 -0.8466  9.802  9.929  9.996 10.082 10.042 10.099 10.174 10.209 10.248 10.325 10.363 10.512 10.521
  6.92441424 0.7700000  4.5098 -0.8808  9.847  9.972 10.036 10.121 10.082 10.139 10.213 10.254 10.290 10.363 10.401 10.549 10.558
  6.96749052 0.7700000  4.5017 -0.9150  9.893 10.016 10.077 10.161 10.123 10.180 10.254 10.300 10.334 10.402 10.440 10.587 10.596
  7.01292790 0.7700000  4.4937 -0.9492  9.941 10.061 10.119 10.203 10.166 10.222 10.295 10.348 10.379 10.442 10.480 10.627 10.635
  7.06091239 0.7700000  4.4857 -0.9833  9.990 10.108 10.163 10.245 10.210 10.266 10.338 10.396 10.426 10.483 10.521 10.667 10.675
  7.11148030 0.7700000  4.4776 -1.0173 10.041 10.156 10.207 10.289 10.255 10.310 10.381 10.447 10.473 10.525 10.563 10.709 10.716
  7.16468407 0.7700000  4.4696 -1.0513 10.088 10.200 10.249 10.330 10.296 10.352 10.422 10.492 10.517 10.564 10.602 10.746 10.754
  7.22028853 0.7700000  4.4615 -1.0853 10.136 10.245 10.290 10.370 10.338 10.393 10.462 10.537 10.560 10.602 10.640 10.784 10.791
  7.27782428 0.7700000  4.4534 -1.1195 10.184 10.291 10.333 10.411 10.381 10.435 10.503 10.582 10.604 10.641 10.679 10.821 10.828
  7.33637076 0.7700000  4.4453 -1.1539 10.234 10.337 10.376 10.453 10.424 10.477 10.544 10.627 10.648 10.680 10.718 10.859 10.866
  7.39481221 0.7700000  4.4371 -1.1884 10.283 10.384 10.420 10.495 10.467 10.520 10.586 10.673 10.693 10.720 10.757 10.897 10.904
  7.45247559 0.7700000  4.4288 -1.2231 10.334 10.432 10.464 10.538 10.511 10.564 10.628 10.719 10.738 10.760 10.796 10.936 10.942
  7.50847638 0.7700000  4.4205 -1.2581 10.386 10.480 10.509 10.581 10.556 10.608 10.671 10.765 10.783 10.800 10.837 10.975 10.981
  7.56229595 0.7700000  4.4122 -1.2931 10.438 10.529 10.554 10.625 10.601 10.652 10.714 10.812 10.829 10.841 10.877 11.013 11.020
  7.61379801 0.7700000  4.4038 -1.3283 10.492 10.579 10.601 10.669 10.647 10.697 10.758 10.858 10.875 10.882 10.917 11.053 11.059
  7.66300902 0.7700000  4.3954 -1.3634 10.543 10.627 10.645 10.712 10.692 10.741 10.800 10.904 10.920 10.921 10.956 11.090 11.097
  7.71020010 0.7700000  4.3870 -1.3987 10.592 10.672 10.687 10.752 10.733 10.782 10.840 10.946 10.962 10.958 10.993 11.126 11.132
  7.75519366 0.7700000  4.3785 -1.4340 10.639 10.716 10.728 10.791 10.774 10.821 10.878 10.988 11.004 10.994 11.029 11.160 11.166
  7.79821009 0.7700000  4.3700 -1.4694 10.686 10.760 10.768 10.830 10.814 10.861 10.916 11.029 11.044 11.030 11.064 11.194 11.200
  7.83943449 0.7700000  4.3615 -1.5047 10.732 10.803 10.808 10.868 10.853 10.899 10.953 11.069 11.084 11.065 11.098 11.227 11.232
  7.87902814 0.7700000  4.3530 -1.5401 10.778 10.845 10.847 10.905 10.892 10.938 10.990 11.109 11.124 11.099 11.132 11.260 11.265
  7.91714272 0.7700000  4.3445 -1.5755 10.823 10.887 10.886 10.942 10.931 10.975 11.026 11.147 11.163 11.132 11.165 11.292 11.296
  7.95387826 0.7700000  4.3359 -1.6110 10.868 10.928 10.925 10.979 10.969 11.012 11.062 11.185 11.201 11.166 11.198 11.323 11.327
  7.98918946 0.7700000  4.3273 -1.6464 10.912 10.969 10.962 11.014 11.006 11.048 11.096 11.222 11.238 11.198 11.229 11.353 11.357
  8.02337093 0.7700000  4.3188 -1.6819 10.956 11.009 10.999 11.050 11.042 11.084 11.131 11.259 11.275 11.229 11.261 11.383 11.387
  8.05650195 0.7700000  4.3102 -1.7173 10.998 11.049 11.035 11.084 11.078 11.119 11.164 11.294 11.311 11.260 11.291 11.412 11.416
  8.08866750 0.7700000  4.3016 -1.7528 11.041 11.088 11.071 11.118 11.114 11.153 11.197 11.329 11.346 11.291 11.321 11.441 11.444
  8.11993541 0.7700000  4.2930 -1.7883 11.085 11.129 11.109 11.154 11.151 11.190 11.232 11.367 11.384 11.323 11.352 11.471 11.474
  8.15037057 0.7700000  4.2844 -1.8238 11.130 11.170 11.146 11.189 11.188 11.226 11.267 11.406 11.422 11.355 11.384 11.500 11.504
  8.17999903 0.7700000  4.2758 -1.8593 11.175 11.211 11.184 11.224 11.225 11.262 11.301 11.444 11.460 11.387 11.415 11.530 11.533
  8.20894115 0.7700000  4.2672 -1.8947 11.219 11.251 11.221 11.259 11.261 11.298 11.335 11.482 11.498 11.418 11.446 11.558 11.562
  8.23730004 0.7700000  4.2585 -1.9302 11.264 11.292 11.258 11.294 11.297 11.333 11.369 11.520 11.536 11.449 11.477 11.587 11.591
  8.26513026 0.7700000  4.2499 -1.9656 11.308 11.332 11.294 11.328 11.333 11.368 11.403 11.558 11.573 11.480 11.507 11.615 11.620
  8.29248157 0.7700000  4.2413 -2.0011 11.352 11.373 11.331 11.362 11.370 11.404 11.436 11.595 11.611 11.511 11.538 11.643 11.649
  8.31939997 0.7700000  4.2326 -2.0365 11.396 11.413 11.367 11.396 11.405 11.439 11.470 11.633 11.648 11.542 11.568 11.670 11.677
  8.34592566 0.7700000  4.2240 -2.0720 11.441 11.453 11.404 11.430 11.442 11.474 11.504 11.671 11.685 11.572 11.598 11.699 11.705
  8.37208202 0.7700000  4.2154 -2.1074 11.486 11.494 11.441 11.464 11.478 11.509 11.537 11.709 11.723 11.602 11.627 11.728 11.733
  8.39796822 0.7700000  4.2067 -2.1428 11.531 11.536 11.478 11.498 11.514 11.544 11.571 11.747 11.760 11.632 11.657 11.756 11.761
  8.42356456 0.7700000  4.1981 -2.1783 11.577 11.578 11.516 11.532 11.551 11.580 11.605 11.785 11.797 11.663 11.687 11.784 11.790
  8.44890367 0.7700000  4.1895 -2.2137 11.623 11.619 11.554 11.566 11.587 11.615 11.638 11.822 11.834 11.692 11.717 11.812 11.817
  8.47399727 0.7700000  4.1808 -2.2491 11.670 11.662 11.593 11.601 11.625 11.651 11.672 11.860 11.871 11.723 11.746 11.840 11.845
  8.49885131 0.7700000  4.1722 -2.2846 11.717 11.706 11.633 11.637 11.663 11.688 11.706 11.898 11.907 11.753 11.776 11.869 11.873
  8.52347463 0.7700000  4.1635 -2.3200 11.764 11.750 11.673 11.673 11.701 11.725 11.741 11.935 11.943 11.783 11.805 11.895 11.901
  8.54787184 0.7700000  4.1549 -2.3554 11.811 11.793 11.713 11.708 11.739 11.761 11.775 11.971 11.979 11.812 11.834 11.922 11.927
  8.57212876 0.7700000  4.1463 -2.3908 11.858 11.836 11.753 11.745 11.777 11.797 11.808 12.006 12.013 11.840 11.861 11.948 11.954
  8.59622298 0.7700000  4.1376 -2.4263 11.902 11.877 11.792 11.779 11.813 11.832 11.840 12.040 12.046 11.867 11.888 11.973 11.978
  8.62017526 0.7700000  4.1290 -2.4617 11.944 11.916 11.829 11.812 11.848 11.865 11.870 12.072 12.077 11.892 11.912 11.995 12.001
  8.64405209 0.7700000  4.1204 -2.4970 11.983 11.953 11.864 11.844 11.881 11.895 11.899 12.102 12.106 11.916 11.936 12.017 12.023
  8.66790828 0.7700000  4.1117 -2.5324 12.022 11.989 11.899 11.875 11.914 11.925 11.926 12.130 12.134 11.939 11.959 12.038 12.045
  8.69177398 0.7700000  4.1031 -2.5677 12.061 12.027 11.936 11.909 11.948 11.958 11.956 12.149 12.161 11.964 11.983 12.061 12.067
  8.71567576 0.7700000  4.0945 -2.6030 12.102 12.066 11.975 11.945 11.985 11.992 11.987 12.168 12.189 11.991 12.009 12.085 12.090
  8.73965139 0.7700000  4.0858 -2.6384 12.147 12.110 12.017 11.984 12.025 12.030 12.022 12.209 12.221 12.018 12.036 12.109 12.114
  8.76364008 0.7700000  4.0772 -2.6737 12.196 12.158 12.062 12.026 12.068 12.070 12.059 12.259 12.253 12.047 12.064 12.134 12.141
  8.78776668 0.7700000  4.0686 -2.7089 12.249 12.209 12.112 12.072 12.115 12.114 12.099 12.296 12.287 12.081 12.096 12.162 12.170
  8.81209729 0.7700000  4.0600 -2.7442 12.305 12.263 12.166 12.122 12.166 12.161 12.143 12.330 12.323 12.118 12.132 12.194 12.203
  8.83655986 0.7700000  4.0513 -2.7795 12.364 12.321 12.223 12.175 12.220 12.212 12.190 12.369 12.360 12.157 12.170 12.228 12.237
  8.86111480 0.7700000  4.0427 -2.8148 12.426 12.382 12.283 12.232 12.278 12.266 12.240 12.409 12.399 12.198 12.210 12.266 12.274
  8.88567942 0.7700000  4.0341 -2.8501 12.490 12.445 12.347 12.292 12.339 12.322 12.292 12.451 12.438 12.242 12.253 12.304 12.313
  8.91042305 0.7700000  4.0255 -2.8855 12.558 12.512 12.413 12.355 12.402 12.381 12.346 12.493 12.479 12.289 12.298 12.344 12.354
  8.93444444 0.7700000  4.0167 -2.9213 12.629 12.582 12.484 12.422 12.469 12.443 12.404 12.537 12.520 12.338 12.346 12.387 12.397
  8.95842257 0.7700000  4.0081 -2.9564 12.702 12.654 12.557 12.490 12.537 12.508 12.464 12.582 12.563 12.389 12.396 12.431 12.443
  8.98255286 0.7700000  3.9994 -2.9918 12.779 12.730 12.634 12.563 12.610 12.576 12.528 12.628 12.609 12.443 12.448 12.478 12.492
  9.00665587 0.7700000  3.9907 -3.0272 12.857 12.807 12.712 12.636 12.683 12.645 12.592 12.677 12.657 12.498 12.501 12.525 12.541
  9.03076728 0.7700000  3.9821 -3.0625 12.937 12.886 12.791 12.711 12.759 12.715 12.658 12.728 12.706 12.554 12.556 12.573 12.590
  9.05493216 0.7700000  3.9734 -3.0978 13.018 12.966 12.872 12.787 12.836 12.787 12.726 12.780 12.759 12.612 12.612 12.623 12.640
  9.07915629 0.7700000  3.9647 -3.1331 13.101 13.047 12.954 12.863 12.913 12.859 12.793 12.834 12.814 12.670 12.668 12.673 12.692
  9.10356384 0.7700000  3.9560 -3.1684 13.184 13.129 13.037 12.941 12.991 12.933 12.862 12.890 12.872 12.730 12.725 12.725 12.744
  9.12807269 0.7700000  3.9474 -3.2037 13.269 13.212 13.119 13.017 13.069 13.006 12.931 12.946 12.930 12.789 12.783 12.776 12.796
  9.15270570 0.7700000  3.9387 -3.2390 13.354 13.295 13.202 13.094 13.147 13.079 12.999 13.004 12.989 12.847 12.840 12.828 12.848
  9.17745273 0.7700000  3.9300 -3.2743 13.440 13.379 13.285 13.171 13.225 13.153 13.068 13.062 13.048 12.906 12.897 12.879 12.900
  9.20230219 0.7700000  3.9214 -3.3096 13.528 13.463 13.368 13.248 13.304 13.226 13.138 13.120 13.108 12.965 12.955 12.931 12.952
  9.22727529 0.7700000  3.9127 -3.3449 13.616 13.548 13.452 13.325 13.382 13.300 13.207 13.179 13.169 13.025 13.012 12.983 13.004
  9.25222441 0.7700000  3.9040 -3.3802 13.706 13.633 13.535 13.401 13.461 13.374 13.276 13.239 13.230 13.085 13.070 13.035 13.057
  9.27671916 0.7700000  3.8954 -3.4152 13.796 13.718 13.618 13.477 13.539 13.447 13.345 13.297 13.290 13.143 13.127 13.087 13.108
  9.30001512 0.7700000  3.8872 -3.4485 13.882 13.800 13.697 13.550 13.614 13.517 13.411 13.354 13.348 13.199 13.181 13.135 13.158
  9.32353399 0.7700000  3.8793 -3.4803 13.966 13.879 13.773 13.619 13.685 13.584 13.473 13.407 13.402 13.252 13.233 13.182 13.204
  9.34992388 0.7700000  3.8718 -3.5109 14.047 13.956 13.846 13.686 13.754 13.648 13.533 13.459 13.455 13.303 13.282 13.226 13.249
  9.37598488 0.7700000  3.8645 -3.5404 14.126 14.030 13.918 13.751 13.821 13.710 13.591 13.509 13.507 13.352 13.330 13.269 13.293
  9.40157581 0.7700000  3.8575 -3.5686 14.203 14.101 13.986 13.813 13.885 13.770 13.646 13.557 13.556 13.399 13.375 13.310 13.334
  9.42485865 0.7700000  3.8508 -3.5959 14.278 14.171 14.053 13.873 13.948 13.828 13.700 13.603 13.604 13.444 13.419 13.350 13.374
  9.44789582 0.7700000  3.8443 -3.6220 14.351 14.238 14.117 13.931 14.008 13.884 13.751 13.647 13.650 13.488 13.461 13.388 13.412
  9.46934669 0.7700000  3.8381 -3.6472 14.422 14.304 14.180 13.988 14.067 13.938 13.802 13.690 13.695 13.530 13.502 13.425 13.449
  9.48979999 0.7700000  3.8321 -3.6717 14.493 14.369 14.241 14.043 14.124 13.991 13.851 13.732 13.739 13.571 13.542 13.461 13.485
  9.50935484 0.7700000  3.8263 -3.6952 14.561 14.432 14.300 14.096 14.180 14.042 13.898 13.772 13.782 13.611 13.581 13.496 13.520
  9.52779018 0.7700000  3.8207 -3.7180 14.629 14.493 14.358 14.148 14.235 14.092 13.944 13.811 13.823 13.650 13.618 13.529 13.554
  9.54565261 0.7700000  3.8152 -3.7401 14.695 14.554 14.415 14.199 14.288 14.141 13.989 13.848 13.863 13.687 13.655 13.562 13.587
  9.56258405 0.7700000  3.8100 -3.7614 14.759 14.613 14.470 14.249 14.340 14.189 14.033 13.885 13.903 13.724 13.691 13.594 13.619
  9.57994559 0.7700000  3.8048 -3.7822 14.824 14.672 14.526 14.299 14.392 14.237 14.077 13.922 13.943 13.761 13.727 13.627 13.652
  9.59576470 0.7700000  3.7998 -3.8025 14.888 14.730 14.581 14.348 14.443 14.284 14.121 13.959 13.983 13.798 13.762 13.659 13.684
  9.61083801 0.7700000  3.7950 -3.8222 14.950 14.787 14.635 14.397 14.494 14.330 14.164 13.995 14.022 13.834 13.797 13.690 13.716
  9.62593599 0.7700000  3.7902 -3.8415 15.012 14.843 14.688 14.445 14.544 14.376 14.206 14.030 14.060 13.870 13.831 13.722 13.747
  9.63904189 0.7700000  3.7856 -3.8603 15.073 14.899 14.741 14.492 14.593 14.421 14.248 14.065 14.098 13.905 13.865 13.752 13.778
  9.65029124 0.7700000  3.7810 -3.8787 15.134 14.954 14.793 14.539 14.642 14.466 14.289 14.099 14.136 13.939 13.899 13.783 13.808
  9.66365778 0.7700000  3.7766 -3.8966 15.194 15.008 14.844 14.585 14.690 14.510 14.330 14.133 14.174 13.974 13.932 13.813 13.839
  9.67682218 0.7700000  3.7723 -3.9140 15.253 15.062 14.895 14.631 14.738 14.554 14.371 14.168 14.211 14.008 13.965 13.842 13.869
  9.68902849 0.7700000  3.7682 -3.9311 15.311 15.115 14.945 14.677 14.785 14.597 14.411 14.201 14.248 14.042 13.998 13.872 13.898
  9.70094003 0.7700000  3.7641 -3.9478 15.369 15.168 14.995 14.722 14.832 14.640 14.451 14.235 14.285 14.075 14.030 13.902 13.928
  9.71258694 0.7700000  3.7601 -3.9641 15.426 15.220 15.044 14.766 14.878 14.682 14.490 14.268 14.321 14.108 14.063 13.931 13.957
  9.72398475 0.7700000  3.7561 -3.9802 15.482 15.272 15.093 14.810 14.924 14.725 14.530 14.301 14.357 14.141 14.095 13.960 13.986
  9.73512704 0.7700000  3.7525 -3.9952 15.535 15.320 15.139 14.852 14.967 14.765 14.567 14.333 14.392 14.173 14.125 13.987 14.014
  9.74625780 0.7700000  3.7494 -4.0081 15.581 15.363 15.179 14.888 15.005 14.799 14.599 14.360 14.422 14.200 14.151 14.011 14.038
  9.75750592 0.7700000  3.7457 -4.0233 15.636 15.413 15.227 14.931 15.050 14.840 14.637 14.392 14.457 14.232 14.182 14.039 14.066
  9.76785450 0.7700000  3.7414 -4.0403 15.699 15.470 15.281 14.980 15.100 14.887 14.680 14.429 14.497 14.268 14.217 14.071 14.098
  9.77665453 0.7700000  3.7380 -4.0543 15.750 15.517 15.325 15.020 15.142 14.925 14.716 14.460 14.531 14.299 14.247 14.097 14.125
  9.78669636 0.7700000  3.7349 -4.0667 15.796 15.559 15.365 15.055 15.179 14.959 14.748 14.488 14.560 14.325 14.273 14.121 14.148
  9.79649177 0.7700000  3.7322 -4.0780 15.838 15.597 15.401 15.088 15.213 14.990 14.777 14.513 14.588 14.350 14.296 14.142 14.170
  9.80530479 0.7700000  3.7289 -4.0914 15.888 15.643 15.444 15.127 15.254 15.028 14.812 14.544 14.621 14.379 14.325 14.168 14.195
  9.81399137 0.7700000  3.7257 -4.1045 15.937 15.688 15.487 15.166 15.294 15.064 14.846 14.574 14.653 14.408 14.353 14.193 14.221
  9.82325363 0.7700000  3.7228 -4.1161 15.981 15.728 15.525 15.200 15.330 15.097 14.877 14.601 14.682 14.434 14.378 14.215 14.243
  9.83157229 0.7700000  3.7204 -4.1261 16.020 15.763 15.558 15.229 15.361 15.126 14.904 14.625 14.707 14.456 14.399 14.235 14.263
  9.83973602 0.7700000  3.7181 -4.1355 16.055 15.795 15.588 15.257 15.390 15.152 14.928 14.647 14.730 14.477 14.419 14.253 14.281
  9.84775380 0.7700000  3.7159 -4.1442 16.088 15.825 15.617 15.283 15.417 15.177 14.951 14.668 14.752 14.496 14.438 14.270 14.298
  9.85563561 0.7700000  3.7137 -4.1534 16.123 15.857 15.647 15.310 15.445 15.203 14.976 14.690 14.775 14.517 14.458 14.288 14.316
  9.86337220 0.7700000  3.7116 -4.1621 16.157 15.888 15.676 15.336 15.472 15.228 14.999 14.712 14.797 14.536 14.477 14.305 14.333
  9.87097586 0.7700000  3.7095 -4.1705 16.189 15.917 15.704 15.362 15.498 15.252 15.021 14.732 14.818 14.555 14.495 14.321 14.350
  9.87843667 0.7700000  3.7076 -4.1785 16.219 15.945 15.730 15.386 15.523 15.275 15.043 14.752 14.839 14.573 14.512 14.337 14.366
  9.88576725 0.7700000  3.7059 -4.1854 16.246 15.969 15.753 15.406 15.545 15.294 15.061 14.769 14.856 14.588 14.527 14.350 14.379
  9.89294774 0.7700000  3.7043 -4.1919 16.271 15.992 15.775 15.426 15.566 15.313 15.079 14.785 14.873 14.603 14.541 14.363 14.392
  9.89934766 0.7700000  3.7027 -4.1982 16.295 16.015 15.796 15.445 15.585 15.331 15.096 14.801 14.889 14.617 14.555 14.376 14.405
  9.90630766 0.7700000  3.7013 -4.2043 16.319 16.036 15.816 15.464 15.605 15.349 15.112 14.816 14.905 14.631 14.568 14.388 14.417
  9.91313056 0.7700000  3.6999 -4.2101 16.341 16.057 15.836 15.481 15.623 15.366 15.128 14.831 14.920 14.644 14.581 14.399 14.428
  9.91920705 0.7700000  3.6984 -4.2159 16.364 16.077 15.855 15.499 15.641 15.382 15.143 14.845 14.935 14.657 14.594 14.411 14.440
  9.92583027 0.7700000  3.6970 -4.2218 16.386 16.098 15.875 15.516 15.660 15.399 15.159 14.860 14.950 14.670 14.606 14.422 14.452
  9.93232277 0.7700000  3.6956 -4.2276 16.408 16.118 15.894 15.534 15.678 15.416 15.175 14.874 14.965 14.683 14.619 14.434 14.463
  9.93810539 0.7700000  3.6942 -4.2332 16.430 16.137 15.913 15.551 15.695 15.432 15.190 14.888 14.979 14.696 14.631 14.445 14.474
  9.94396931 0.7700000  3.6929 -4.2386 16.450 16.156 15.931 15.567 15.712 15.447 15.204 14.902 14.993 14.708 14.643 14.455 14.485
  9.94989770 0.7700000  3.6916 -4.2440 16.471 16.175 15.948 15.583 15.729 15.462 15.219 14.916 15.006 14.720 14.655 14.466 14.496
  9.95572740 0.7700000  3.6903 -4.2492 16.491 16.193 15.966 15.599 15.745 15.477 15.233 14.929 15.020 14.732 14.666 14.476 14.506
  9.96146614 0.7700000  3.6892 -4.2539 16.509 16.210 15.981 15.613 15.760 15.491 15.245 14.940 15.032 14.743 14.676 14.485 14.515
  9.96684159 0.7700000  3.6881 -4.2585 16.526 16.226 15.996 15.627 15.774 15.504 15.258 14.952 15.043 14.753 14.686 14.495 14.524
  9.97242075 0.7700000  3.6869 -4.2630 16.543 16.241 16.011 15.640 15.788 15.517 15.270 14.963 15.055 14.763 14.696 14.503 14.533
  9.97764460 0.7700000  3.6858 -4.2675 16.560 16.257 16.026 15.654 15.802 15.530 15.282 14.975 15.066 14.773 14.706 14.512 14.542
  9.98307790 0.7700000  3.6848 -4.2720 16.577 16.272 16.041 15.667 15.816 15.542 15.294 14.986 15.078 14.783 14.715 14.521 14.551
  9.98816113 0.7700000  3.6837 -4.2764 16.594 16.288 16.056 15.680 15.830 15.555 15.306 14.997 15.089 14.793 14.725 14.530 14.560
  9.99345213 0.7700000  3.6826 -4.2809 16.611 16.303 16.071 15.694 15.844 15.568 15.318 15.009 15.100 14.803 14.735 14.539 14.569
  9.99839872 0.7700000  3.6815 -4.2854 16.628 16.319 16.086 15.707 15.858 15.581 15.330 15.020 15.112 14.813 14.744 14.548 14.578
 10.00328511 0.7700000  3.6807 -4.2887 16.641 16.330 16.096 15.717 15.868 15.590 15.339 15.029 15.120 14.821 14.752 14.554 14.584
 10.00811322 0.7700000  3.6800 -4.2917 16.652 16.341 16.106 15.726 15.877 15.598 15.347 15.036 15.128 14.827 14.758 14.560 14.590
 10.01311561 0.7700000  3.6792 -4.2947 16.664 16.351 16.116 15.735 15.886 15.607 15.355 15.044 15.136 14.834 14.765 14.566 14.596
 10.01781739 0.7700000  3.6785 -4.2977 16.675 16.362 16.126 15.744 15.896 15.616 15.363 15.052 15.143 14.841 14.771 14.572 14.602
 10.02246181 0.7700000  3.6778 -4.3007 16.686 16.372 16.136 15.753 15.905 15.624 15.371 15.059 15.151 14.848 14.778 14.578 14.608
 10.02704868 0.7700000  3.6770 -4.3038 16.698 16.383 16.146 15.762 15.915 15.633 15.379 15.067 15.159 14.855 14.784 14.584 14.614
 10.03135367 0.7700000  3.6763 -4.3069 16.710 16.393 16.156 15.772 15.924 15.642 15.388 15.075 15.167 14.862 14.791 14.590 14.620
 10.03583523 0.7700000  3.6755 -4.3101 16.721 16.404 16.167 15.781 15.934 15.650 15.396 15.083 15.175 14.869 14.798 14.597 14.627
 10.04026682 0.7700000  3.6747 -4.3132 16.733 16.415 16.177 15.790 15.943 15.659 15.404 15.091 15.182 14.875 14.804 14.603 14.633
 10.04465030 0.7700000  3.6740 -4.3165 16.745 16.426 16.187 15.799 15.953 15.668 15.413 15.099 15.191 14.883 14.811 14.609 14.639
 10.04876562 0.7700000  3.6732 -4.3197 16.757 16.436 16.197 15.809 15.963 15.677 15.421 15.107 15.198 14.890 14.818 14.615 14.645
 10.05305132 0.7700000  3.6724 -4.3230 16.769 16.447 16.208 15.818 15.972 15.686 15.429 15.115 15.207 14.897 14.825 14.622 14.652
 10.05728890 0.7700000  3.6693 -4.3355 16.814 16.489 16.248 15.854 16.010 15.720 15.462 15.145 15.237 14.924 14.851 14.645 14.676
 10.06129021 0.7700000  3.6649 -4.3534 16.879 16.549 16.304 15.905 16.063 15.769 15.507 15.189 15.281 14.963 14.889 14.679 14.709
 10.06525679 0.7700000  3.6621 -4.3646 16.919 16.585 16.339 15.937 16.096 15.799 15.536 15.216 15.308 14.987 14.912 14.701 14.731
 10.06939493 0.7700000  3.6608 -4.3700 16.938 16.603 16.356 15.952 16.112 15.814 15.549 15.229 15.321 14.998 14.923 14.711 14.741
 10.07332385 0.7700000  3.6595 -4.3754 16.958 16.620 16.373 15.967 16.127 15.828 15.563 15.242 15.334 15.010 14.934 14.721 14.751
 10.07720745 0.7700000  3.6581 -4.3809 16.977 16.638 16.390 15.982 16.143 15.843 15.576 15.255 15.347 15.021 14.946 14.731 14.761
 10.08101881 0.7700000  3.6568 -4.3864 16.996 16.656 16.407 15.998 16.159 15.857 15.590 15.269 15.361 15.033 14.957 14.742 14.771
 10.08473002 0.7700000  3.6554 -4.3920 17.016 16.674 16.424 16.013 16.175 15.872 15.604 15.282 15.374 15.045 14.968 14.752 14.782
 10.08835957 0.7700000  3.6540 -4.3977 17.036 16.692 16.441 16.029 16.191 15.887 15.618 15.296 15.387 15.057 14.980 14.763 14.792
 10.09201966 0.7700000  3.6526 -4.4035 17.056 16.710 16.459 16.045 16.208 15.902 15.632 15.309 15.401 15.069 14.992 14.774 14.803
 10.09564069 0.7700000  3.6511 -4.4095 17.076 16.729 16.476 16.061 16.225 15.917 15.647 15.323 15.415 15.081 15.003 14.785 14.814
 10.09947886 0.7700000  3.6496 -4.4155 17.096 16.747 16.494 16.077 16.241 15.932 15.661 15.337 15.429 15.093 15.015 14.796 14.825
 10.10310625 0.7700000  3.6481 -4.4217 17.117 16.766 16.512 16.093 16.258 15.948 15.676 15.351 15.443 15.105 15.027 14.807 14.836
 10.10651714 0.7700000  3.6465 -4.4280 17.138 16.785 16.530 16.110 16.275 15.964 15.690 15.365 15.457 15.118 15.040 14.819 14.847
 10.11009223 0.7700000  3.6450 -4.4344 17.159 16.805 16.549 16.126 16.293 15.980 15.705 15.379 15.471 15.131 15.052 14.830 14.859
 10.11364674 0.7700000  3.6433 -4.4411 17.181 16.825 16.568 16.144 16.311 15.996 15.721 15.394 15.486 15.144 15.065 14.842 14.871
 10.11697061 0.7700000  3.6416 -4.4480 17.203 16.845 16.587 16.161 16.329 16.013 15.737 15.409 15.502 15.157 15.078 14.855 14.883
 10.12041692 0.7700000  3.6399 -4.4551 17.226 16.866 16.607 16.179 16.348 16.030 15.753 15.425 15.517 15.171 15.091 14.867 14.896
 10.12378398 0.7700000  3.6380 -4.4624 17.250 16.887 16.628 16.198 16.367 16.048 15.769 15.441 15.533 15.185 15.105 14.881 14.909
 10.12713033 0.7700000  3.6362 -4.4699 17.273 16.909 16.648 16.217 16.386 16.066 15.786 15.457 15.549 15.199 15.119 14.894 14.922
 10.13045408 0.7700000  3.6343 -4.4775 17.297 16.931 16.669 16.236 16.406 16.084 15.803 15.473 15.566 15.214 15.133 14.907 14.935
 10.13374871 0.7700000  3.6323 -4.4855 17.322 16.954 16.691 16.255 16.426 16.102 15.821 15.490 15.583 15.229 15.148 14.922 14.949
 10.13702071 0.7700000  3.6303 -4.4937 17.348 16.977 16.713 16.275 16.447 16.121 15.839 15.507 15.600 15.244 15.163 14.936 14.963
 10.14026076 0.7700000  3.6282 -4.5022 17.373 17.000 16.735 16.296 16.468 16.141 15.857 15.524 15.618 15.260 15.178 14.951 14.977
 10.14348931 0.7700000  3.6260 -4.5108 17.399 17.024 16.758 16.316 16.489 16.160 15.875 15.542 15.635 15.275 15.194 14.966 14.992
 10.14659556 0.7700000  3.6238 -4.5197 17.425 17.048 16.781 16.337 16.511 16.180 15.894 15.560 15.653 15.291 15.210 14.982 15.007
 10.14968839 0.7700000  3.6216 -4.5289 17.452 17.072 16.804 16.358 16.533 16.200 15.913 15.578 15.671 15.308 15.226 14.998 15.023
 10.15275382 0.7700000  3.6192 -4.5384 17.479 17.097 16.828 16.380 16.555 16.220 15.932 15.597 15.690 15.325 15.243 15.015 15.039
 10.15579648 0.7700000  3.6168 -4.5481 17.506 17.122 16.852 16.401 16.578 16.241 15.952 15.616 15.708 15.342 15.259 15.032 15.055
 10.15881822 0.7700000  3.6143 -4.5580 17.534 17.147 16.876 16.423 16.600 16.262 15.971 15.635 15.727 15.359 15.276 15.050 15.072
 10.16182463 0.7700000  3.6118 -4.5683 17.562 17.173 16.900 16.446 16.623 16.283 15.991 15.654 15.747 15.377 15.294 15.068 15.089
 10.16480170 0.7700000  3.6091 -4.5792 17.591 17.199 16.926 16.469 16.648 16.305 16.012 15.674 15.767 15.395 15.312 15.087 15.107
 10.16776901 0.7700000  3.6063 -4.5902 17.620 17.226 16.951 16.492 16.672 16.327 16.033 15.694 15.786 15.414 15.331 15.106 15.126
 10.17071068 0.7700000  3.6035 -4.6014 17.649 17.253 16.977 16.515 16.696 16.349 16.054 15.715 15.806 15.432 15.349 15.126 15.144
 10.17363137 0.7700000  3.6007 -4.6128 17.678 17.279 17.002 16.538 16.720 16.370 16.075 15.735 15.826 15.451 15.368 15.146 15.163
 10.17653106 0.7700000  3.5978 -4.6246 17.708 17.306 17.028 16.562 16.744 16.393 16.096 15.755 15.847 15.470 15.388 15.168 15.183
 10.17941347 0.7700000  3.5948 -4.6366 17.738 17.334 17.054 16.586 16.769 16.416 16.118 15.776 15.867 15.490 15.408 15.191 15.204
 10.18227767 0.7700000  3.5917 -4.6489 17.768 17.361 17.081 16.610 16.794 16.438 16.139 15.797 15.888 15.510 15.429 15.214 15.225
 10.18512642 0.7700000  3.5889 -4.6604 17.796 17.386 17.105 16.632 16.816 16.459 16.159 15.816 15.907 15.529 15.448 15.236 15.245
 10.18795601 0.7700000  3.5860 -4.6719 17.823 17.411 17.129 16.653 16.839 16.480 16.178 15.834 15.926 15.547 15.467 15.258 15.265
 10.19076174 0.7700000  3.5831 -4.6837 17.850 17.436 17.152 16.675 16.861 16.501 16.198 15.853 15.945 15.566 15.486 15.281 15.285
 10.19355200 0.7700000  3.5800 -4.6959 17.878 17.461 17.177 16.697 16.884 16.522 16.218 15.872 15.964 15.585 15.506 15.305 15.306
 10.19632772 0.7700000  3.5758 -4.7129 17.915 17.496 17.210 16.727 16.915 16.550 16.245 15.898 15.990 15.612 15.534 15.338 15.336
 10.19908235 0.7700000  3.5714 -4.7304 17.954 17.531 17.243 16.757 16.946 16.580 16.273 15.925 16.016 15.640 15.564 15.375 15.369
 10.20181869 0.7700000  3.5672 -4.7475 17.991 17.565 17.276 16.787 16.977 16.608 16.300 15.951 16.043 15.668 15.593 15.412 15.402
 10.20454233 0.7700000  3.5632 -4.7634 18.026 17.596 17.306 16.814 17.005 16.634 16.325 15.975 16.066 15.694 15.622 15.447 15.434
 10.20724578 0.7700000  3.5592 -4.7796 18.060 17.627 17.336 16.841 17.033 16.660 16.350 15.999 16.090 15.721 15.651 15.484 15.468
 10.20993185 0.7700000  3.5551 -4.7961 18.094 17.658 17.366 16.868 17.061 16.686 16.374 16.023 16.114 15.749 15.681 15.522 15.503
 10.21260332 0.7700000  3.5508 -4.8131 18.129 17.690 17.396 16.896 17.090 16.713 16.400 16.047 16.139 15.778 15.712 15.562 15.540
 10.21525364 0.7700000  3.5465 -4.8304 18.163 17.721 17.426 16.923 17.118 16.739 16.425 16.072 16.163 15.807 15.744 15.605 15.578
 10.21789309 0.7700000  3.5421 -4.8483 18.199 17.753 17.457 16.951 17.147 16.766 16.451 16.097 16.188 15.839 15.779 15.650 15.620
 10.22051418 0.7700000  3.5375 -4.8667 18.235 17.786 17.489 16.980 17.177 16.794 16.477 16.123 16.214 15.873 15.817 15.698 15.665
 10.22312344 0.7700000  3.5328 -4.8854 18.272 17.820 17.520 17.009 17.206 16.823 16.504 16.149 16.240 15.909 15.856 15.749 15.713
 10.22571620 0.7700000  3.5280 -4.9047 18.309 17.853 17.553 17.039 17.237 16.851 16.532 16.176 16.267 15.947 15.898 15.803 15.764
 10.22829338 0.7700000  3.5230 -4.9245 18.346 17.887 17.585 17.068 17.267 16.880 16.560 16.203 16.294 15.988 15.942 15.860 15.819
 10.23085124 0.7700000  3.5180 -4.9447 18.383 17.922 17.618 17.098 17.298 16.910 16.588 16.231 16.322 16.030 15.988 15.920 15.876
 10.23339630 0.7700000  3.5128 -4.9656 18.422 17.956 17.651 17.129 17.330 16.940 16.617 16.259 16.350 16.074 16.038 15.984 15.937
 10.23592109 0.7700000  3.5074 -4.9870 18.460 17.992 17.685 17.160 17.362 16.971 16.647 16.288 16.380 16.123 16.091 16.051 16.002
 10.23844243 0.7700000  3.5019 -5.0090 18.500 18.028 17.720 17.191 17.394 17.003 16.678 16.318 16.409 16.175 16.148 16.120 16.069
 10.24093693 0.7700000  3.4963 -5.0316 18.540 18.064 17.755 17.223 17.427 17.035 16.709 16.348 16.440 16.231 16.208 16.194 16.141
 10.24343078 0.7700000  3.4905 -5.0547 18.580 18.101 17.790 17.255 17.460 17.068 16.741 16.380 16.471 16.290 16.272 16.271 16.216
 10.24590151 0.7700000  3.4846 -5.0784 18.621 18.138 17.826 17.287 17.493 17.101 16.774 16.412 16.503 16.353 16.339 16.352 16.296
