#   log(t)       Mwd   log(Teff)log(L/Lo) F435W F475  F502N  F550M  F555W  F606W  F625W  F658N  F660N  F775W  F814W  F850LP F892N
    5.846587 0.8700000  5.1049  1.4980  2.744  3.305  3.338  4.006  3.960  3.982  4.261  4.263  4.306  4.888  5.232  5.858  5.411
    5.849488 0.8700000  5.0973  1.4639  2.882  3.433  3.478  4.128  4.080  4.105  4.385  4.388  4.433  5.007  5.347  5.960  5.522
    5.852851 0.8700000  5.0897  1.4296  3.021  3.561  3.619  4.249  4.200  4.227  4.509  4.513  4.560  5.125  5.462  6.062  5.633
    5.856686 0.8700000  5.0821  1.3951  3.160  3.690  3.759  4.371  4.320  4.350  4.633  4.638  4.686  5.243  5.576  6.164  5.744
    5.860977 0.8700000  5.0744  1.3604  3.299  3.819  3.900  4.492  4.440  4.473  4.756  4.762  4.813  5.361  5.691  6.266  5.855
    5.865698 0.8700000  5.0667  1.3256  3.438  3.948  4.040  4.614  4.561  4.596  4.880  4.886  4.939  5.479  5.804  6.368  5.966
    5.870818 0.8700000  5.0590  1.2905  3.578  4.078  4.180  4.737  4.682  4.720  5.004  5.011  5.065  5.597  5.918  6.470  6.077
    5.876291 0.8700000  5.0512  1.2554  3.717  4.208  4.320  4.859  4.803  4.843  5.127  5.135  5.191  5.714  6.031  6.571  6.188
    5.882096 0.8700000  5.0434  1.2201  3.858  4.340  4.460  4.982  4.925  4.968  5.251  5.259  5.317  5.831  6.144  6.673  6.298
    5.888186 0.8700000  5.0356  1.1849  3.999  4.471  4.600  5.105  5.047  5.092  5.374  5.382  5.442  5.948  6.256  6.773  6.408
    5.894559 0.8700000  5.0277  1.1495  4.140  4.602  4.740  5.228  5.169  5.216  5.497  5.505  5.567  6.064  6.368  6.873  6.518
    5.901179 0.8700000  5.0198  1.1141  4.281  4.734  4.879  5.351  5.292  5.340  5.620  5.628  5.691  6.180  6.479  6.973  6.627
    5.908041 0.8700000  5.0117  1.0783  4.424  4.867  5.020  5.476  5.416  5.466  5.744  5.751  5.816  6.296  6.590  7.074  6.737
    5.914868 0.8700000  5.0038  1.0432  4.564  4.998  5.157  5.598  5.537  5.589  5.865  5.871  5.938  6.410  6.698  7.171  6.844
    5.922182 0.8700000  4.9958  1.0079  4.704  5.129  5.294  5.720  5.659  5.712  5.986  5.991  6.060  6.523  6.806  7.269  6.951
    5.929740 0.8700000  4.9877  0.9724  4.845  5.262  5.432  5.843  5.781  5.837  6.107  6.112  6.182  6.636  6.914  7.366  7.057
    5.937470 0.8700000  4.9796  0.9369  4.986  5.394  5.568  5.966  5.904  5.960  6.228  6.231  6.303  6.749  7.021  7.463  7.164
    5.945417 0.8700000  4.9715  0.9014  5.126  5.525  5.704  6.087  6.025  6.083  6.347  6.349  6.422  6.860  7.127  7.559  7.269
    5.953588 0.8700000  4.9634  0.8661  5.265  5.655  5.838  6.208  6.145  6.204  6.466  6.466  6.541  6.970  7.231  7.653  7.372
    5.962027 0.8700000  4.9553  0.8306  5.403  5.785  5.972  6.328  6.265  6.325  6.583  6.582  6.658  7.079  7.335  7.747  7.476
    5.970680 0.8700000  4.9471  0.7952  5.540  5.914  6.104  6.447  6.384  6.445  6.700  6.697  6.774  7.187  7.437  7.840  7.577
    5.979610 0.8700000  4.9390  0.7598  5.676  6.041  6.234  6.565  6.502  6.564  6.815  6.811  6.890  7.294  7.538  7.932  7.678
    5.988776 0.8700000  4.9308  0.7244  5.811  6.168  6.364  6.682  6.619  6.682  6.929  6.923  7.003  7.399  7.638  8.023  7.778
    5.998216 0.8700000  4.9226  0.6889  5.945  6.294  6.492  6.798  6.735  6.799  7.043  7.034  7.116  7.504  7.737  8.113  7.877
    6.007896 0.8700000  4.9144  0.6535  6.078  6.419  6.619  6.913  6.850  6.915  7.155  7.144  7.228  7.607  7.835  8.202  7.975
    6.017847 0.8700000  4.9062  0.6181  6.209  6.543  6.745  7.027  6.965  7.029  7.266  7.253  7.338  7.710  7.931  8.290  8.071
    6.028063 0.8700000  4.8980  0.5827  6.339  6.665  6.869  7.140  7.078  7.143  7.375  7.361  7.447  7.811  8.027  8.378  8.167
    6.038563 0.8700000  4.8898  0.5473  6.468  6.787  6.992  7.251  7.189  7.255  7.484  7.467  7.554  7.910  8.121  8.463  8.261
    6.049352 0.8700000  4.8815  0.5119  6.596  6.907  7.113  7.362  7.300  7.366  7.591  7.572  7.660  8.009  8.214  8.548  8.354
    6.060435 0.8700000  4.8733  0.4766  6.722  7.026  7.233  7.471  7.410  7.476  7.697  7.676  7.765  8.106  8.305  8.632  8.446
    6.071830 0.8700000  4.8650  0.4412  6.847  7.143  7.352  7.579  7.518  7.585  7.801  7.778  7.869  8.202  8.396  8.715  8.537
    6.083543 0.8700000  4.8568  0.4059  6.970  7.260  7.469  7.685  7.625  7.692  7.904  7.879  7.970  8.297  8.485  8.797  8.626
    6.095577 0.8700000  4.8485  0.3705  7.092  7.375  7.584  7.791  7.731  7.798  8.006  7.978  8.071  8.390  8.573  8.877  8.714
    6.107957 0.8700000  4.8402  0.3352  7.212  7.488  7.698  7.895  7.836  7.903  8.107  8.077  8.170  8.482  8.659  8.957  8.801
    6.120666 0.8700000  4.8319  0.2999  7.331  7.601  7.810  7.997  7.939  8.006  8.206  8.173  8.268  8.573  8.745  9.035  8.887
    6.133744 0.8700000  4.8236  0.2645  7.449  7.712  7.921  8.099  8.041  8.108  8.304  8.269  8.365  8.662  8.829  9.112  8.972
    6.147163 0.8700000  4.8152  0.2292  7.565  7.821  8.030  8.199  8.141  8.209  8.400  8.363  8.459  8.750  8.912  9.188  9.055
    6.160913 0.8700000  4.8069  0.1940  7.679  7.929  8.138  8.297  8.240  8.308  8.495  8.455  8.552  8.837  8.993  9.263  9.136
    6.175148 0.8700000  4.7985  0.1587  7.791  8.035  8.244  8.394  8.338  8.406  8.588  8.546  8.644  8.922  9.073  9.336  9.217
    6.189870 0.8700000  4.7901  0.1235  7.902  8.140  8.348  8.490  8.434  8.501  8.680  8.635  8.734  9.006  9.151  9.408  9.296
    6.205084 0.8700000  4.7818  0.0884  8.011  8.243  8.450  8.583  8.528  8.595  8.770  8.723  8.823  9.088  9.228  9.479  9.373
    6.220842 0.8700000  4.7734  0.0532  8.118  8.344  8.550  8.676  8.621  8.688  8.859  8.809  8.910  9.168  9.304  9.549  9.449
    6.237129 0.8700000  4.7651  0.0180  8.223  8.444  8.649  8.766  8.713  8.779  8.946  8.894  8.995  9.248  9.379  9.618  9.524
    6.253970 0.8700000  4.7567 -0.0171  8.326  8.541  8.746  8.855  8.803  8.869  9.031  8.977  9.079  9.326  9.452  9.685  9.598
    6.271440 0.8700000  4.7484 -0.0522  8.428  8.638  8.841  8.943  8.891  8.957  9.115  9.058  9.161  9.402  9.523  9.752  9.670
    6.289588 0.8700000  4.7401 -0.0872  8.527  8.732  8.934  9.028  8.977  9.043  9.197  9.138  9.242  9.477  9.594  9.816  9.740
    6.308490 0.8700000  4.7317 -0.1222  8.625  8.824  9.025  9.112  9.062  9.127  9.278  9.216  9.321  9.550  9.663  9.880  9.809
    6.328190 0.8700000  4.7234 -0.1571  8.721  8.915  9.115  9.195  9.145  9.210  9.357  9.293  9.398  9.622  9.730  9.942  9.877
    6.348699 0.8700000  4.7151 -0.1920  8.814  9.004  9.203  9.275  9.227  9.291  9.434  9.368  9.474  9.692  9.796 10.004  9.943
    6.370159 0.8700000  4.7068 -0.2270  8.907  9.091  9.289  9.355  9.307  9.371  9.510  9.442  9.548  9.761  9.861 10.064 10.009
    6.392555 0.8700000  4.6985 -0.2619  8.997  9.176  9.373  9.432  9.385  9.449  9.585  9.514  9.621  9.829  9.925 10.123 10.072
    6.416009 0.8700000  4.6903 -0.2967  9.085  9.260  9.455  9.508  9.462  9.525  9.657  9.585  9.692  9.895  9.987 10.180 10.135
    6.440539 0.8700000  4.6820 -0.3315  9.171  9.342  9.536  9.582  9.537  9.599  9.729  9.653  9.761  9.959 10.047 10.237 10.196
    6.466123 0.8700000  4.6737 -0.3663  9.256  9.422  9.614  9.655  9.611  9.672  9.798  9.721  9.829 10.022 10.107 10.292 10.255
    6.492862 0.8700000  4.6654 -0.4010  9.338  9.500  9.691  9.726  9.682  9.743  9.866  9.786  9.895 10.084 10.164 10.345 10.313
    6.521034 0.8700000  4.6571 -0.4355  9.418  9.576  9.766  9.794  9.752  9.812  9.931  9.850  9.959 10.143 10.220 10.397 10.369
    6.550869 0.8700000  4.6488 -0.4700  9.496  9.650  9.838  9.861  9.820  9.880  9.995  9.912 10.022 10.201 10.275 10.448 10.424
    6.582552 0.8700000  4.6406 -0.5044  9.572  9.722  9.909  9.927  9.886  9.945 10.058  9.972 10.083 10.258 10.328 10.498 10.477
    6.616235 0.8700000  4.6323 -0.5388  9.646  9.793  9.978  9.990  9.951 10.009 10.119 10.031 10.142 10.313 10.380 10.546 10.529
    6.652005 0.8700000  4.6241 -0.5731  9.718  9.861 10.045 10.052 10.013 10.071 10.178 10.089 10.199 10.366 10.431 10.593 10.579
    6.689931 0.8700000  4.6159 -0.6074  9.789  9.928 10.110 10.112 10.074 10.132 10.235 10.144 10.256 10.418 10.480 10.639 10.629
    6.730248 0.8700000  4.6077 -0.6416  9.857  9.993 10.174 10.171 10.134 10.190 10.291 10.198 10.310 10.469 10.528 10.684 10.676
    6.773273 0.8700000  4.5995 -0.6756  9.923 10.056 10.235 10.227 10.191 10.247 10.345 10.251 10.362 10.518 10.574 10.727 10.722
    6.819235 0.8700000  4.5914 -0.7096  9.987 10.117 10.294 10.282 10.247 10.302 10.398 10.301 10.414 10.565 10.619 10.769 10.767
    6.868374 0.8700000  4.5832 -0.7435 10.049 10.175 10.352 10.336 10.301 10.356 10.448 10.350 10.463 10.611 10.663 10.809 10.810
    6.920955 0.8700000  4.5751 -0.7773 10.109 10.232 10.407 10.387 10.353 10.407 10.497 10.398 10.510 10.655 10.704 10.848 10.852
    6.976980 0.8700000  4.5670 -0.8111 10.167 10.288 10.461 10.437 10.404 10.457 10.545 10.444 10.556 10.698 10.745 10.887 10.892
    7.036199 0.8700000  4.5588 -0.8450 10.223 10.341 10.513 10.485 10.453 10.505 10.591 10.488 10.601 10.740 10.784 10.923 10.931
    7.097965 0.8700000  4.5506 -0.8789 10.278 10.393 10.564 10.531 10.500 10.552 10.635 10.531 10.644 10.780 10.822 10.959 10.969
    7.161083 0.8700000  4.5423 -0.9132 10.331 10.443 10.613 10.576 10.547 10.597 10.678 10.573 10.686 10.819 10.860 10.994 11.006
    7.223998 0.8700000  4.5339 -0.9477 10.382 10.492 10.660 10.620 10.591 10.641 10.720 10.613 10.727 10.856 10.896 11.028 11.041
    7.285590 0.8700000  4.5255 -0.9824 10.432 10.539 10.706 10.663 10.635 10.683 10.760 10.652 10.766 10.893 10.930 11.060 11.076
    7.345028 0.8700000  4.5171 -1.0173 10.480 10.585 10.751 10.703 10.676 10.724 10.799 10.690 10.804 10.928 10.964 11.092 11.109
    7.402012 0.8700000  4.5086 -1.0523 10.525 10.629 10.793 10.743 10.716 10.764 10.836 10.726 10.840 10.962 10.996 11.123 11.140
    7.456268 0.8700000  4.5001 -1.0874 10.569 10.671 10.834 10.780 10.755 10.801 10.872 10.760 10.874 10.994 11.027 11.152 11.171
    7.507755 0.8700000  4.4916 -1.1227 10.612 10.711 10.873 10.816 10.792 10.837 10.906 10.793 10.908 11.025 11.057 11.180 11.200
    7.556676 0.8700000  4.4830 -1.1579 10.651 10.749 10.909 10.850 10.826 10.871 10.938 10.825 10.939 11.054 11.085 11.206 11.227
    7.603157 0.8700000  4.4744 -1.1933 10.689 10.785 10.945 10.882 10.860 10.904 10.969 10.854 10.969 11.082 11.112 11.232 11.253
    7.647415 0.8700000  4.4658 -1.2287 10.725 10.819 10.978 10.912 10.891 10.934 10.998 10.882 10.997 11.108 11.138 11.256 11.278
    7.689442 0.8700000  4.4571 -1.2642 10.759 10.851 11.008 10.941 10.920 10.962 11.025 10.908 11.023 11.132 11.162 11.279 11.301
    7.729451 0.8700000  4.4485 -1.2996 10.790 10.881 11.037 10.967 10.948 10.989 11.050 10.933 11.047 11.155 11.184 11.300 11.322
    7.767859 0.8700000  4.4398 -1.3350 10.819 10.908 11.064 10.992 10.973 11.013 11.073 10.955 11.070 11.175 11.204 11.319 11.341
    7.804810 0.8700000  4.4311 -1.3704 10.846 10.934 11.088 11.014 10.996 11.036 11.095 10.976 11.091 11.195 11.224 11.338 11.360
    7.840465 0.8700000  4.4225 -1.4059 10.870 10.958 11.111 11.035 11.018 11.057 11.114 10.995 11.110 11.213 11.242 11.355 11.376
    7.874940 0.8700000  4.4138 -1.4413 10.893 10.979 11.132 11.054 11.038 11.075 11.132 11.013 11.127 11.229 11.258 11.370 11.391
    7.908359 0.8700000  4.4051 -1.4768 10.913 10.998 11.150 11.070 11.055 11.092 11.148 11.028 11.143 11.243 11.272 11.384 11.405
    7.940792 0.8700000  4.3964 -1.5122 10.930 11.014 11.167 11.085 11.071 11.107 11.162 11.042 11.157 11.256 11.284 11.396 11.417
    7.972367 0.8700000  4.3877 -1.5477 10.946 11.029 11.181 11.098 11.084 11.120 11.175 11.054 11.170 11.267 11.296 11.407 11.428
    8.003154 0.8700000  4.3790 -1.5831 10.960 11.042 11.194 11.109 11.097 11.132 11.186 11.066 11.181 11.278 11.306 11.416 11.438
    8.033236 0.8700000  4.3704 -1.6186 10.981 11.062 11.213 11.127 11.115 11.150 11.203 11.082 11.198 11.293 11.321 11.431 11.453
    8.062704 0.8700000  4.3617 -1.6540 11.003 11.083 11.233 11.147 11.135 11.169 11.221 11.100 11.215 11.309 11.337 11.446 11.468
    8.091582 0.8700000  4.3530 -1.6895 11.026 11.106 11.255 11.167 11.156 11.190 11.241 11.118 11.234 11.327 11.354 11.463 11.485
    8.120075 0.8700000  4.3443 -1.7248 11.051 11.129 11.277 11.189 11.178 11.211 11.261 11.138 11.253 11.346 11.373 11.481 11.502
    8.148206 0.8700000  4.3356 -1.7602 11.080 11.157 11.303 11.215 11.204 11.236 11.285 11.161 11.276 11.368 11.394 11.502 11.523
    8.175944 0.8700000  4.3270 -1.7956 11.112 11.189 11.333 11.244 11.234 11.265 11.312 11.187 11.301 11.393 11.419 11.525 11.546
    8.203322 0.8700000  4.3183 -1.8310 11.148 11.223 11.364 11.276 11.266 11.296 11.342 11.215 11.329 11.420 11.446 11.551 11.572
    8.230359 0.8700000  4.3095 -1.8665 11.186 11.260 11.399 11.310 11.301 11.330 11.374 11.245 11.359 11.450 11.475 11.579 11.600
    8.257063 0.8700000  4.3008 -1.9019 11.227 11.300 11.435 11.348 11.339 11.367 11.409 11.278 11.390 11.481 11.507 11.610 11.631
    8.283497 0.8700000  4.2921 -1.9373 11.267 11.339 11.470 11.385 11.376 11.403 11.443 11.310 11.422 11.513 11.538 11.640 11.661
    8.309640 0.8700000  4.2834 -1.9727 11.308 11.379 11.507 11.424 11.415 11.440 11.478 11.344 11.455 11.547 11.571 11.672 11.693
    8.335520 0.8700000  4.2747 -2.0082 11.352 11.422 11.545 11.465 11.456 11.480 11.516 11.379 11.489 11.582 11.606 11.705 11.726
    8.361142 0.8700000  4.2660 -2.0436 11.396 11.466 11.584 11.507 11.498 11.521 11.554 11.415 11.525 11.618 11.642 11.740 11.761
    8.386509 0.8700000  4.2573 -2.0790 11.442 11.511 11.624 11.551 11.543 11.563 11.595 11.453 11.561 11.656 11.680 11.777 11.797
    8.411634 0.8700000  4.2485 -2.1145 11.489 11.558 11.665 11.596 11.587 11.606 11.636 11.492 11.599 11.694 11.718 11.814 11.834
    8.436583 0.8700000  4.2398 -2.1498 11.536 11.604 11.706 11.642 11.633 11.650 11.677 11.531 11.638 11.733 11.756 11.851 11.871
    8.461463 0.8700000  4.2311 -2.1852 11.585 11.652 11.748 11.689 11.679 11.695 11.720 11.571 11.678 11.773 11.796 11.890 11.909
    8.486246 0.8700000  4.2224 -2.2206 11.633 11.700 11.790 11.735 11.725 11.740 11.763 11.611 11.717 11.812 11.835 11.928 11.946
    8.511001 0.8700000  4.2137 -2.2558 11.682 11.748 11.833 11.781 11.771 11.784 11.805 11.651 11.756 11.851 11.873 11.965 11.983
    8.535698 0.8700000  4.2049 -2.2913 11.732 11.797 11.876 11.828 11.818 11.829 11.847 11.691 11.796 11.890 11.912 12.002 12.020
    8.560371 0.8700000  4.1962 -2.3267 11.782 11.846 11.920 11.874 11.865 11.874 11.890 11.732 11.836 11.929 11.951 12.038 12.057
    8.585025 0.8700000  4.1875 -2.3620 11.833 11.895 11.964 11.921 11.912 11.919 11.933 11.773 11.876 11.968 11.989 12.075 12.094
    8.609700 0.8700000  4.1787 -2.3974 11.884 11.945 12.009 11.968 11.960 11.964 11.976 11.814 11.917 12.007 12.028 12.111 12.130
    8.634320 0.8700000  4.1700 -2.4328 11.935 11.995 12.053 12.014 12.006 12.009 12.018 11.855 11.957 12.045 12.065 12.147 12.166
    8.658786 0.8700000  4.1612 -2.4682 11.986 12.044 12.097 12.059 12.052 12.053 12.060 11.895 11.997 12.083 12.102 12.181 12.200
    8.683100 0.8700000  4.1524 -2.5038 12.038 12.094 12.142 12.105 12.098 12.097 12.102 11.936 12.037 12.120 12.139 12.215 12.234
    8.707201 0.8700000  4.1437 -2.5392 12.091 12.144 12.187 12.150 12.143 12.141 12.143 11.976 12.077 12.157 12.175 12.249 12.268
    8.731122 0.8700000  4.1349 -2.5747 12.144 12.194 12.232 12.196 12.190 12.185 12.185 12.016 12.117 12.194 12.211 12.283 12.302
    8.754933 0.8700000  4.1261 -2.6100 12.197 12.245 12.278 12.241 12.237 12.230 12.226 12.056 12.157 12.231 12.247 12.317 12.336
    8.778947 0.8700000  4.1174 -2.6454 12.251 12.297 12.324 12.287 12.284 12.274 12.267 12.097 12.197 12.267 12.284 12.351 12.370
    8.803010 0.8700000  4.1086 -2.6807 12.306 12.348 12.371 12.333 12.332 12.319 12.309 12.138 12.237 12.304 12.320 12.384 12.403
    8.827137 0.8700000  4.0999 -2.7161 12.363 12.401 12.419 12.379 12.380 12.365 12.352 12.179 12.279 12.342 12.357 12.419 12.438
    8.851296 0.8700000  4.0911 -2.7514 12.419 12.454 12.468 12.426 12.428 12.411 12.395 12.220 12.320 12.379 12.394 12.453 12.472
    8.875502 0.8700000  4.0824 -2.7868 12.477 12.508 12.517 12.474 12.477 12.457 12.438 12.262 12.362 12.417 12.431 12.488 12.507
    8.899756 0.8700000  4.0736 -2.8222 12.536 12.563 12.568 12.522 12.527 12.504 12.482 12.304 12.404 12.456 12.468 12.523 12.542
    8.924066 0.8700000  4.0649 -2.8575 12.596 12.620 12.620 12.571 12.578 12.552 12.527 12.348 12.447 12.495 12.506 12.558 12.577
    8.948384 0.8700000  4.0561 -2.8930 12.657 12.677 12.673 12.621 12.629 12.601 12.572 12.392 12.492 12.535 12.545 12.594 12.613
    8.972242 0.8700000  4.0471 -2.9286 12.720 12.735 12.726 12.671 12.681 12.650 12.618 12.436 12.536 12.574 12.584 12.629 12.649
    8.996002 0.8700000  4.0382 -2.9640 12.783 12.795 12.781 12.722 12.735 12.701 12.664 12.482 12.581 12.615 12.624 12.666 12.686
    9.020086 0.8700000  4.0295 -2.9989 12.848 12.856 12.838 12.775 12.789 12.752 12.712 12.528 12.627 12.657 12.665 12.704 12.724
    9.045480 0.8700000  4.0208 -3.0342 12.916 12.919 12.897 12.829 12.846 12.807 12.763 12.577 12.676 12.702 12.709 12.744 12.764
    9.075948 0.8700000  4.0121 -3.0696 12.985 12.984 12.958 12.886 12.905 12.862 12.814 12.627 12.726 12.747 12.753 12.786 12.806
    9.106822 0.8700000  4.0033 -3.1053 13.057 13.051 13.020 12.944 12.965 12.919 12.868 12.678 12.777 12.794 12.799 12.829 12.849
    9.139094 0.8700000  3.9944 -3.1409 13.129 13.118 13.083 13.002 13.025 12.976 12.921 12.730 12.828 12.840 12.845 12.870 12.891
    9.170196 0.8700000  3.9863 -3.1739 13.197 13.181 13.142 13.056 13.082 13.030 12.971 12.778 12.876 12.884 12.887 12.909 12.929
    9.200315 0.8700000  3.9829 -3.1883 13.227 13.209 13.169 13.081 13.108 13.054 12.993 12.799 12.898 12.903 12.906 12.927 12.947
    9.228023 0.8700000  3.9793 -3.2033 13.259 13.238 13.197 13.107 13.134 13.079 13.016 12.822 12.920 12.924 12.926 12.945 12.966
    9.253605 0.8700000  3.9754 -3.2190 13.292 13.269 13.226 13.133 13.162 13.105 13.041 12.845 12.943 12.945 12.947 12.964 12.985
    9.278241 0.8700000  3.9715 -3.2351 13.327 13.301 13.256 13.161 13.191 13.132 13.066 12.870 12.968 12.967 12.968 12.983 13.004
    9.301910 0.8700000  3.9674 -3.2515 13.362 13.334 13.287 13.190 13.221 13.160 13.092 12.895 12.993 12.990 12.990 13.004 13.025
    9.323959 0.8700000  3.9633 -3.2682 13.399 13.368 13.318 13.219 13.251 13.189 13.119 12.920 13.019 13.013 13.013 13.025 13.045
    9.343515 0.8700000  3.9591 -3.2851 13.436 13.402 13.351 13.249 13.282 13.218 13.147 12.946 13.045 13.036 13.036 13.046 13.066
    9.360832 0.8700000  3.9550 -3.3021 13.473 13.438 13.384 13.279 13.314 13.248 13.175 12.973 13.072 13.060 13.060 13.068 13.088
    9.379543 0.8700000  3.9507 -3.3195 13.513 13.474 13.418 13.311 13.347 13.280 13.204 13.001 13.100 13.086 13.084 13.091 13.110
    9.397827 0.8700000  3.9463 -3.3373 13.553 13.512 13.454 13.344 13.381 13.312 13.234 13.030 13.129 13.112 13.109 13.114 13.134
    9.414716 0.8700000  3.9419 -3.3556 13.596 13.551 13.491 13.378 13.417 13.345 13.265 13.060 13.159 13.139 13.136 13.138 13.158
    9.431279 0.8700000  3.9373 -3.3740 13.639 13.591 13.528 13.413 13.453 13.379 13.297 13.090 13.189 13.167 13.162 13.163 13.183
    9.446996 0.8700000  3.9326 -3.3927 13.683 13.632 13.567 13.448 13.490 13.414 13.330 13.122 13.220 13.195 13.190 13.188 13.208
    9.462608 0.8700000  3.9278 -3.4118 13.729 13.675 13.607 13.485 13.528 13.449 13.364 13.154 13.252 13.224 13.218 13.214 13.234
    9.477108 0.8700000  3.9231 -3.4310 13.775 13.718 13.647 13.522 13.567 13.486 13.398 13.187 13.285 13.253 13.246 13.240 13.260
    9.490533 0.8700000  3.9183 -3.4505 13.822 13.761 13.688 13.560 13.606 13.523 13.432 13.220 13.318 13.283 13.276 13.267 13.287
    9.504007 0.8700000  3.9135 -3.4702 13.870 13.806 13.731 13.598 13.647 13.561 13.467 13.254 13.352 13.313 13.305 13.294 13.315
    9.516438 0.8700000  3.9086 -3.4899 13.919 13.851 13.773 13.637 13.687 13.599 13.503 13.288 13.386 13.344 13.335 13.321 13.342
    9.527958 0.8700000  3.9035 -3.5100 13.968 13.897 13.817 13.677 13.729 13.638 13.539 13.323 13.420 13.375 13.366 13.349 13.370
    9.539149 0.8700000  3.8985 -3.5302 14.019 13.945 13.861 13.717 13.771 13.677 13.576 13.359 13.456 13.406 13.396 13.377 13.398
    9.549995 0.8700000  3.8935 -3.5503 14.070 13.992 13.905 13.758 13.813 13.717 13.613 13.394 13.491 13.438 13.427 13.405 13.426
    9.560419 0.8700000  3.8884 -3.5705 14.122 14.040 13.950 13.799 13.856 13.757 13.651 13.430 13.527 13.470 13.459 13.433 13.455
    9.570418 0.8700000  3.8833 -3.5910 14.175 14.089 13.996 13.841 13.900 13.798 13.689 13.467 13.564 13.503 13.491 13.462 13.484
    9.579730 0.8700000  3.8783 -3.6111 14.227 14.138 14.042 13.883 13.943 13.839 13.727 13.503 13.600 13.535 13.522 13.491 13.513
    9.589024 0.8700000  3.8732 -3.6317 14.282 14.188 14.089 13.926 13.988 13.881 13.766 13.540 13.637 13.569 13.554 13.520 13.542
    9.597890 0.8700000  3.8677 -3.6535 14.340 14.242 14.139 13.972 14.036 13.926 13.807 13.580 13.677 13.604 13.589 13.552 13.574
    9.606507 0.8700000  3.8625 -3.6745 14.396 14.294 14.188 14.017 14.082 13.969 13.848 13.618 13.715 13.638 13.622 13.582 13.604
    9.614790 0.8700000  3.8573 -3.6952 14.453 14.346 14.237 14.061 14.129 14.012 13.888 13.657 13.754 13.672 13.655 13.612 13.634
    9.622793 0.8700000  3.8521 -3.7164 14.511 14.399 14.287 14.106 14.176 14.057 13.929 13.696 13.793 13.707 13.689 13.643 13.665
    9.630631 0.8700000  3.8468 -3.7375 14.569 14.453 14.338 14.152 14.224 14.102 13.971 13.735 13.832 13.742 13.723 13.674 13.696
    9.638225 0.8700000  3.8415 -3.7590 14.630 14.508 14.390 14.199 14.274 14.147 14.013 13.776 13.873 13.778 13.758 13.706 13.728
    9.645673 0.8700000  3.8360 -3.7808 14.692 14.565 14.443 14.248 14.324 14.194 14.057 13.817 13.914 13.814 13.794 13.738 13.760
    9.652803 0.8700000  3.8306 -3.8027 14.755 14.623 14.497 14.297 14.375 14.242 14.101 13.860 13.956 13.851 13.830 13.770 13.793
    9.659822 0.8700000  3.8251 -3.8249 14.820 14.682 14.552 14.347 14.428 14.290 14.146 13.903 13.999 13.889 13.866 13.803 13.826
    9.666637 0.8700000  3.8194 -3.8479 14.888 14.743 14.610 14.399 14.482 14.340 14.193 13.948 14.044 13.929 13.904 13.838 13.861
    9.673404 0.8700000  3.8136 -3.8709 14.956 14.806 14.668 14.452 14.538 14.391 14.241 13.993 14.089 13.969 13.943 13.872 13.895
    9.679917 0.8700000  3.8079 -3.8941 15.027 14.870 14.728 14.506 14.594 14.444 14.289 14.039 14.135 14.009 13.982 13.908 13.931
    9.686274 0.8700000  3.8019 -3.9181 15.102 14.938 14.792 14.563 14.654 14.498 14.340 14.087 14.183 14.051 14.023 13.944 13.968
    9.692684 0.8700000  3.7960 -3.9415 15.177 15.005 14.854 14.618 14.712 14.552 14.389 14.135 14.230 14.092 14.062 13.980 14.004
    9.698949 0.8700000  3.7902 -3.9649 15.252 15.073 14.917 14.675 14.772 14.607 14.439 14.182 14.278 14.134 14.102 14.017 14.040
    9.705127 0.8700000  3.7842 -3.9890 15.331 15.144 14.983 14.734 14.833 14.663 14.491 14.232 14.327 14.177 14.144 14.054 14.078
    9.711026 0.8700000  3.7781 -4.0133 15.412 15.217 15.051 14.793 14.896 14.721 14.544 14.282 14.377 14.220 14.186 14.092 14.116
    9.716846 0.8700000  3.7721 -4.0374 15.496 15.292 15.120 14.854 14.961 14.780 14.598 14.333 14.428 14.264 14.229 14.130 14.154
    9.722591 0.8700000  3.7657 -4.0629 15.587 15.372 15.194 14.920 15.030 14.843 14.656 14.388 14.482 14.311 14.274 14.170 14.195
    9.728258 0.8700000  3.7593 -4.0885 15.680 15.455 15.270 14.987 15.101 14.907 14.714 14.443 14.538 14.359 14.320 14.211 14.236
    9.733854 0.8700000  3.7530 -4.1140 15.775 15.539 15.348 15.055 15.172 14.972 14.773 14.499 14.593 14.407 14.366 14.252 14.277
    9.739381 0.8700000  3.7466 -4.1398 15.874 15.626 15.427 15.125 15.246 15.038 14.834 14.556 14.651 14.455 14.413 14.294 14.319
    9.744832 0.8700000  3.7400 -4.1659 15.976 15.716 15.510 15.196 15.322 15.106 14.896 14.614 14.709 14.505 14.461 14.336 14.361
    9.750220 0.8700000  3.7334 -4.1924 16.085 15.811 15.597 15.273 15.403 15.178 14.962 14.676 14.771 14.558 14.512 14.381 14.406
    9.755541 0.8700000  3.7267 -4.2193 16.199 15.911 15.689 15.352 15.487 15.253 15.030 14.740 14.835 14.611 14.563 14.426 14.452
    9.760800 0.8700000  3.7199 -4.2465 16.319 16.014 15.784 15.434 15.574 15.331 15.100 14.806 14.901 14.667 14.617 14.473 14.499
    9.765990 0.8700000  3.7129 -4.2745 16.445 16.125 15.885 15.521 15.667 15.413 15.175 14.876 14.970 14.726 14.673 14.523 14.549
    9.771124 0.8700000  3.7057 -4.3033 16.580 16.241 15.993 15.614 15.765 15.499 15.254 14.950 15.044 14.788 14.732 14.575 14.601
    9.776197 0.8700000  3.6986 -4.3317 16.715 16.360 16.102 15.707 15.864 15.587 15.334 15.025 15.119 14.850 14.791 14.627 14.654
    9.781209 0.8700000  3.6914 -4.3605 16.858 16.483 16.216 15.805 15.968 15.679 15.417 15.103 15.197 14.915 14.853 14.681 14.708
    9.786168 0.8700000  3.6841 -4.3899 17.007 16.612 16.335 15.907 16.077 15.775 15.504 15.185 15.278 14.983 14.919 14.738 14.766
    9.791066 0.8700000  3.6766 -4.4198 17.163 16.747 16.460 16.015 16.191 15.875 15.595 15.271 15.364 15.054 14.987 14.797 14.825
    9.795911 0.8700000  3.6691 -4.4501 17.325 16.888 16.591 16.127 16.310 15.979 15.690 15.360 15.453 15.128 15.057 14.858 14.887
    9.800704 0.8700000  3.6614 -4.4808 17.492 17.033 16.727 16.244 16.434 16.087 15.789 15.453 15.545 15.205 15.130 14.922 14.951
    9.805446 0.8700000  3.6536 -4.5121 17.667 17.186 16.870 16.366 16.564 16.200 15.893 15.551 15.643 15.285 15.207 14.988 15.018
    9.810134 0.8700000  3.6455 -4.5443 17.852 17.347 17.021 16.496 16.701 16.319 16.002 15.654 15.746 15.370 15.288 15.059 15.089
    9.814773 0.8700000  3.6373 -4.5771 18.046 17.515 17.180 16.633 16.844 16.444 16.117 15.762 15.853 15.459 15.373 15.133 15.164
    9.819366 0.8700000  3.6289 -4.6107 18.248 17.692 17.348 16.777 16.995 16.576 16.238 15.876 15.967 15.553 15.462 15.211 15.242
    9.823908 0.8700000  3.6204 -4.6449 18.458 17.875 17.522 16.927 17.153 16.713 16.365 15.995 16.086 15.651 15.556 15.291 15.323
    9.828401 0.8700000  3.6116 -4.6800 18.678 18.067 17.705 17.084 17.318 16.856 16.498 16.121 16.211 15.754 15.654 15.376 15.409
    9.832849 0.8700000  3.6027 -4.7158 18.906 18.267 17.897 17.249 17.491 17.006 16.637 16.253 16.343 15.861 15.756 15.465 15.499
    9.837194 0.8700000  3.5936 -4.7521 19.143 18.475 18.097 17.422 17.672 17.162 16.783 16.391 16.480 15.974 15.863 15.558 15.593
    9.841402 0.8700000  3.5845 -4.7884 19.385 18.688 18.302 17.599 17.857 17.323 16.933 16.533 16.622 16.091 15.974 15.653 15.689
    9.845492 0.8700000  3.5755 -4.8246 19.632 18.905 18.513 17.781 18.047 17.486 17.086 16.678 16.767 16.210 16.087 15.751 15.788
    9.849471 0.8700000  3.5664 -4.8608 19.884 19.127 18.727 17.968 18.241 17.654 17.244 16.828 16.916 16.332 16.203 15.852 15.890
