#     log(t)    Mwd   log(Teff)log(L/Lo) F435W F475W  F502N  F550M  F555W  F606W  F625W  F658N  F660N  F775W  F814W  F850LP F892N
  6.17862605 0.6800000  4.9186  1.0989  7.871  8.038  8.160  8.264  8.199  8.265  8.359  8.294  8.373  8.538  8.579  8.736  8.751
  6.18659069 0.6800000  4.9109  1.0584  7.912  8.079  8.200  8.303  8.239  8.305  8.398  8.334  8.413  8.577  8.618  8.775  8.790
  6.19373137 0.6800000  4.9044  1.0249  7.945  8.112  8.233  8.336  8.272  8.337  8.431  8.367  8.446  8.609  8.650  8.807  8.822
  6.20148144 0.6800000  4.8974  0.9890  7.980  8.146  8.267  8.370  8.306  8.371  8.464  8.402  8.480  8.642  8.683  8.840  8.855
  6.20913043 0.6800000  4.8903  0.9532  8.014  8.179  8.299  8.402  8.339  8.404  8.497  8.435  8.512  8.675  8.716  8.872  8.887
  6.21685667 0.6800000  4.8832  0.9177  8.047  8.212  8.331  8.434  8.371  8.436  8.529  8.467  8.545  8.706  8.747  8.904  8.918
  6.22476935 0.6800000  4.8760  0.8822  8.079  8.244  8.362  8.465  8.403  8.467  8.560  8.499  8.576  8.737  8.778  8.934  8.949
  6.23285514 0.6800000  4.8688  0.8467  8.111  8.276  8.393  8.497  8.434  8.498  8.591  8.531  8.608  8.768  8.809  8.965  8.980
  6.24111688 0.6800000  4.8615  0.8111  8.143  8.307  8.424  8.527  8.465  8.529  8.622  8.562  8.639  8.798  8.839  8.995  9.010
  6.24952693 0.6800000  4.8543  0.7756  8.174  8.338  8.455  8.558  8.495  8.559  8.652  8.593  8.670  8.828  8.869  9.025  9.039
  6.25814202 0.6800000  4.8469  0.7401  8.205  8.369  8.485  8.588  8.525  8.589  8.681  8.624  8.700  8.858  8.898  9.054  9.068
  6.26693259 0.6800000  4.8395  0.7045  8.236  8.399  8.515  8.617  8.555  8.619  8.711  8.654  8.730  8.887  8.927  9.083  9.097
  6.27585955 0.6800000  4.8321  0.6690  8.267  8.429  8.545  8.647  8.585  8.648  8.740  8.684  8.760  8.916  8.956  9.112  9.126
  6.28498632 0.6800000  4.8247  0.6335  8.297  8.459  8.574  8.676  8.614  8.678  8.769  8.714  8.789  8.944  8.985  9.140  9.154
  6.29430764 0.6800000  4.8172  0.5980  8.327  8.489  8.603  8.704  8.643  8.707  8.798  8.744  8.818  8.972  9.013  9.168  9.182
  6.30381017 0.6800000  4.8097  0.5625  8.357  8.518  8.632  8.733  8.672  8.735  8.826  8.774  8.848  9.000  9.041  9.196  9.210
  6.31350440 0.6800000  4.8021  0.5270  8.387  8.547  8.660  8.761  8.701  8.764  8.855  8.803  8.876  9.028  9.069  9.224  9.238
  6.32339033 0.6800000  4.7946  0.4915  8.417  8.577  8.689  8.789  8.730  8.792  8.883  8.832  8.905  9.056  9.097  9.252  9.266
  6.33350707 0.6800000  4.7870  0.4561  8.446  8.605  8.717  8.817  8.758  8.821  8.911  8.861  8.934  9.084  9.124  9.279  9.293
  6.34382553 0.6800000  4.7793  0.4206  8.475  8.634  8.745  8.845  8.786  8.849  8.939  8.890  8.962  9.111  9.151  9.306  9.320
  6.35434189 0.6800000  4.7717  0.3851  8.504  8.663  8.773  8.873  8.814  8.877  8.967  8.919  8.991  9.138  9.179  9.334  9.347
  6.36507857 0.6800000  4.7640  0.3497  8.534  8.692  8.801  8.901  8.842  8.905  8.994  8.948  9.019  9.165  9.206  9.361  9.374
  6.37602508 0.6800000  4.7563  0.3142  8.563  8.720  8.829  8.928  8.869  8.932  9.022  8.976  9.047  9.192  9.233  9.387  9.401
  6.38716043 0.6800000  4.7485  0.2787  8.591  8.749  8.856  8.956  8.897  8.960  9.049  9.005  9.075  9.219  9.260  9.414  9.428
  6.39850372 0.6800000  4.7408  0.2432  8.620  8.777  8.884  8.983  8.925  8.988  9.076  9.033  9.103  9.246  9.287  9.441  9.455
  6.41007544 0.6800000  4.7330  0.2078  8.649  8.805  8.911  9.010  8.952  9.015  9.103  9.062  9.131  9.272  9.313  9.467  9.481
  6.42181408 0.6800000  4.7252  0.1723  8.677  8.833  8.938  9.037  8.979  9.042  9.129  9.090  9.159  9.299  9.340  9.493  9.507
  6.43374587 0.6800000  4.7173  0.1367  8.706  8.861  8.965  9.063  9.007  9.069  9.156  9.118  9.186  9.325  9.366  9.519  9.533
  6.44582553 0.6800000  4.7093  0.1013  8.734  8.888  8.992  9.089  9.033  9.095  9.182  9.145  9.213  9.351  9.391  9.544  9.558
  6.45812790 0.6800000  4.7014  0.0658  8.762  8.915  9.018  9.115  9.060  9.121  9.208  9.173  9.240  9.376  9.417  9.570  9.583
  6.47070975 0.6800000  4.6934  0.0305  8.790  8.943  9.045  9.142  9.087  9.147  9.234  9.200  9.267  9.402  9.442  9.595  9.609
  6.48361114 0.6800000  4.6855 -0.0049  8.819  8.971  9.072  9.168  9.114  9.175  9.261  9.229  9.295  9.429  9.468  9.621  9.635
  6.49681490 0.6800000  4.6775 -0.0403  8.848  8.999  9.099  9.195  9.141  9.202  9.288  9.257  9.322  9.455  9.495  9.647  9.661
  6.51032629 0.6800000  4.6695 -0.0756  8.877  9.028  9.127  9.222  9.169  9.229  9.315  9.286  9.350  9.482  9.521  9.674  9.687
  6.52414196 0.6800000  4.6615 -0.1110  8.906  9.056  9.154  9.250  9.196  9.256  9.342  9.315  9.378  9.508  9.548  9.700  9.713
  6.53824382 0.6800000  4.6536 -0.1463  8.936  9.085  9.182  9.277  9.224  9.284  9.369  9.345  9.407  9.535  9.574  9.727  9.739
  6.55270864 0.6800000  4.6455 -0.1816  8.966  9.114  9.210  9.305  9.252  9.312  9.397  9.374  9.435  9.562  9.601  9.754  9.766
  6.56747396 0.6800000  4.6375 -0.2169  8.997  9.144  9.239  9.333  9.281  9.341  9.425  9.404  9.465  9.590  9.629  9.782  9.793
  6.58264804 0.6800000  4.6295 -0.2522  9.027  9.174  9.268  9.362  9.310  9.369  9.453  9.435  9.494  9.618  9.656  9.809  9.820
  6.59818846 0.6800000  4.6215 -0.2874  9.059  9.204  9.297  9.390  9.339  9.398  9.482  9.466  9.524  9.645  9.684  9.837  9.848
  6.61419583 0.6800000  4.6135 -0.3228  9.091  9.235  9.326  9.420  9.369  9.428  9.511  9.497  9.555  9.674  9.713  9.865  9.876
  6.63055767 0.6800000  4.6055 -0.3579  9.122  9.266  9.356  9.449  9.398  9.458  9.541  9.529  9.585  9.702  9.741  9.893  9.904
  6.64760488 0.6800000  4.5975 -0.3930  9.155  9.298  9.386  9.479  9.429  9.488  9.570  9.561  9.616  9.731  9.770  9.922  9.933
  6.66509240 0.6800000  4.5894 -0.4283  9.190  9.331  9.417  9.510  9.461  9.519  9.602  9.595  9.649  9.761  9.800  9.952  9.963
  6.68312757 0.6800000  4.5814 -0.4632  9.224  9.364  9.449  9.541  9.492  9.551  9.633  9.629  9.682  9.792  9.831  9.982  9.992
  6.70193688 0.6800000  4.5734 -0.4984  9.260  9.398  9.482  9.573  9.525  9.584  9.665  9.665  9.715  9.823  9.862 10.013 10.023
  6.72128911 0.6800000  4.5654 -0.5334  9.296  9.433  9.515  9.605  9.559  9.617  9.697  9.700  9.750  9.854  9.893 10.044 10.054
  6.74141746 0.6800000  4.5573 -0.5685  9.332  9.468  9.548  9.638  9.592  9.650  9.730  9.737  9.784  9.886  9.925 10.076 10.085
  6.76222757 0.6800000  4.5492 -0.6035  9.369  9.503  9.582  9.672  9.626  9.684  9.763  9.774  9.819  9.918  9.957 10.107 10.117
  6.78390595 0.6800000  4.5411 -0.6383  9.408  9.540  9.617  9.706  9.661  9.719  9.797  9.812  9.856  9.952  9.991 10.140 10.149
  6.80663194 0.6800000  4.5331 -0.6731  9.450  9.580  9.655  9.743  9.699  9.757  9.834  9.854  9.895  9.988 10.026 10.176 10.184
  6.83047861 0.6800000  4.5251 -0.7078  9.493  9.622  9.694  9.781  9.739  9.796  9.872  9.897  9.936 10.025 10.063 10.212 10.221
  6.85570256 0.6800000  4.5170 -0.7425  9.538  9.664  9.734  9.821  9.779  9.836  9.912  9.941  9.979 10.063 10.102 10.250 10.258
  6.88240832 0.6800000  4.5090 -0.7770  9.584  9.708  9.775  9.861  9.821  9.877  9.952  9.987 10.022 10.102 10.141 10.288 10.296
  6.91078580 0.6800000  4.5011 -0.8115  9.632  9.754  9.818  9.903  9.863  9.920  9.994 10.034 10.067 10.143 10.181 10.328 10.336
  6.94101387 0.6800000  4.4931 -0.8460  9.681  9.801  9.861  9.946  9.908  9.964 10.037 10.083 10.114 10.185 10.223 10.369 10.376
  6.97312932 0.6800000  4.4851 -0.8804  9.731  9.849  9.906  9.990  9.953 10.008 10.081 10.133 10.161 10.227 10.265 10.411 10.418
  7.00712698 0.6800000  4.4772 -0.9148  9.783  9.898  9.952 10.035  9.999 10.055 10.126 10.184 10.210 10.271 10.309 10.454 10.461
  7.04297061 0.6800000  4.4692 -0.9493  9.832  9.944  9.995 10.077 10.043 10.097 10.168 10.231 10.255 10.311 10.349 10.493 10.500
  7.08047194 0.6800000  4.4612 -0.9838  9.881  9.991 10.039 10.120 10.086 10.140 10.210 10.277 10.300 10.352 10.389 10.533 10.538
  7.11954239 0.6800000  4.4532 -1.0183  9.931 10.037 10.083 10.162 10.130 10.184 10.253 10.323 10.345 10.392 10.429 10.572 10.577
  7.16014355 0.6800000  4.4452 -1.0527  9.980 10.084 10.126 10.205 10.174 10.227 10.295 10.369 10.390 10.432 10.469 10.610 10.616
  7.20244050 0.6800000  4.4371 -1.0871 10.031 10.132 10.171 10.247 10.218 10.270 10.337 10.415 10.435 10.472 10.509 10.649 10.655
  7.24645003 0.6800000  4.4291 -1.1215 10.081 10.179 10.215 10.290 10.262 10.314 10.379 10.461 10.480 10.512 10.549 10.688 10.693
  7.29211741 0.6800000  4.4210 -1.1558 10.132 10.227 10.259 10.333 10.306 10.358 10.422 10.507 10.525 10.552 10.588 10.726 10.731
  7.33939528 0.6800000  4.4129 -1.1901 10.183 10.275 10.304 10.376 10.351 10.401 10.464 10.552 10.570 10.592 10.628 10.765 10.770
  7.38789242 0.6800000  4.4048 -1.2246 10.235 10.323 10.349 10.420 10.396 10.446 10.507 10.598 10.615 10.632 10.668 10.804 10.808
  7.43705797 0.6800000  4.3966 -1.2592 10.287 10.372 10.395 10.464 10.441 10.490 10.550 10.644 10.660 10.672 10.707 10.842 10.847
  7.48638448 0.6800000  4.3884 -1.2939 10.335 10.416 10.436 10.503 10.482 10.530 10.589 10.686 10.702 10.709 10.744 10.877 10.882
  7.53541937 0.6800000  4.3802 -1.3287 10.382 10.460 10.477 10.543 10.523 10.570 10.628 10.728 10.744 10.746 10.780 10.912 10.917
  7.58375115 0.6800000  4.3719 -1.3637 10.429 10.504 10.518 10.582 10.563 10.610 10.667 10.769 10.785 10.782 10.816 10.947 10.951
  7.63111958 0.6800000  4.3636 -1.3986 10.476 10.547 10.558 10.620 10.603 10.649 10.704 10.809 10.825 10.817 10.851 10.980 10.984
  7.67734483 0.6800000  4.3553 -1.4337 10.522 10.590 10.598 10.658 10.642 10.688 10.741 10.849 10.864 10.852 10.885 11.013 11.017
  7.72222703 0.6800000  4.3469 -1.4688 10.567 10.632 10.637 10.696 10.681 10.726 10.778 10.888 10.903 10.886 10.919 11.046 11.049
  7.76581999 0.6800000  4.3385 -1.5040 10.612 10.674 10.675 10.733 10.719 10.763 10.814 10.927 10.942 10.920 10.952 11.078 11.081
  7.80803615 0.6800000  4.3301 -1.5393 10.656 10.715 10.713 10.769 10.757 10.800 10.849 10.965 10.980 10.953 10.984 11.109 11.112
  7.84886806 0.6800000  4.3216 -1.5746 10.700 10.755 10.751 10.805 10.794 10.836 10.884 11.002 11.017 10.985 11.016 11.139 11.142
  7.88834836 0.6800000  4.3132 -1.6099 10.743 10.795 10.788 10.840 10.831 10.872 10.919 11.038 11.054 11.017 11.047 11.169 11.171
  7.92654464 0.6800000  4.3047 -1.6452 10.786 10.835 10.824 10.875 10.867 10.907 10.952 11.074 11.090 11.048 11.078 11.198 11.200
  7.96357179 0.6800000  4.2962 -1.6807 10.830 10.875 10.862 10.910 10.904 10.943 10.987 11.111 11.127 11.080 11.110 11.228 11.230
  7.99926963 0.6800000  4.2877 -1.7161 10.875 10.917 10.900 10.946 10.941 10.980 11.022 11.150 11.166 11.112 11.142 11.259 11.261
  8.03387136 0.6800000  4.2792 -1.7515 10.920 10.958 10.937 10.982 10.979 11.016 11.057 11.188 11.204 11.145 11.174 11.289 11.291
  8.06745388 0.6800000  4.2707 -1.7869 10.964 10.999 10.975 11.017 11.016 11.053 11.092 11.227 11.242 11.177 11.205 11.318 11.320
  8.10005084 0.6800000  4.2622 -1.8224 11.009 11.040 11.013 11.053 11.053 11.089 11.127 11.265 11.281 11.209 11.237 11.348 11.350
  8.13171691 0.6800000  4.2536 -1.8579 11.054 11.081 11.050 11.088 11.090 11.125 11.161 11.304 11.319 11.241 11.268 11.376 11.379
  8.16251901 0.6800000  4.2451 -1.8934 11.098 11.122 11.087 11.123 11.127 11.161 11.195 11.342 11.356 11.272 11.299 11.405 11.408
  8.19249614 0.6800000  4.2365 -1.9288 11.142 11.163 11.124 11.157 11.163 11.196 11.229 11.380 11.394 11.303 11.330 11.433 11.437
  8.22180775 0.6800000  4.2279 -1.9643 11.187 11.203 11.161 11.192 11.199 11.232 11.263 11.418 11.432 11.334 11.360 11.462 11.466
  8.25052004 0.6800000  4.2193 -1.9997 11.231 11.244 11.197 11.226 11.235 11.267 11.297 11.457 11.470 11.365 11.391 11.492 11.494
  8.27868869 0.6800000  4.2107 -2.0352 11.276 11.285 11.234 11.260 11.272 11.302 11.331 11.495 11.508 11.396 11.421 11.521 11.523
  8.30635710 0.6800000  4.2021 -2.0706 11.322 11.326 11.271 11.294 11.309 11.338 11.365 11.533 11.545 11.426 11.451 11.549 11.552
  8.33357231 0.6800000  4.1935 -2.1061 11.368 11.368 11.309 11.329 11.345 11.374 11.399 11.572 11.583 11.457 11.482 11.577 11.580
  8.36034902 0.6800000  4.1849 -2.1416 11.415 11.410 11.348 11.364 11.382 11.410 11.433 11.610 11.621 11.487 11.512 11.606 11.609
  8.38670958 0.6800000  4.1763 -2.1770 11.462 11.454 11.387 11.399 11.420 11.447 11.467 11.649 11.658 11.518 11.541 11.636 11.637
  8.41278623 0.6800000  4.1677 -2.2124 11.509 11.497 11.427 11.435 11.458 11.483 11.502 11.687 11.696 11.549 11.571 11.663 11.665
  8.43853765 0.6800000  4.1591 -2.2479 11.557 11.542 11.467 11.471 11.497 11.520 11.537 11.725 11.733 11.580 11.601 11.691 11.694
  8.46397395 0.6800000  4.1505 -2.2833 11.605 11.585 11.507 11.507 11.535 11.557 11.571 11.762 11.769 11.609 11.631 11.718 11.721
  8.48910515 0.6800000  4.1419 -2.3188 11.652 11.628 11.547 11.543 11.573 11.593 11.605 11.798 11.804 11.638 11.659 11.745 11.748
  8.51393167 0.6800000  4.1333 -2.3543 11.698 11.671 11.587 11.579 11.611 11.629 11.638 11.833 11.839 11.666 11.687 11.771 11.775
  8.53844719 0.6800000  4.1246 -2.3898 11.742 11.712 11.626 11.613 11.648 11.664 11.670 11.867 11.872 11.694 11.713 11.795 11.800
  8.56270594 0.6800000  4.1160 -2.4253 11.785 11.752 11.664 11.647 11.683 11.697 11.701 11.900 11.903 11.719 11.739 11.819 11.824
  8.58668259 0.6800000  4.1074 -2.4607 11.826 11.791 11.701 11.681 11.718 11.729 11.730 11.928 11.932 11.744 11.763 11.842 11.846
  8.61048323 0.6800000  4.0987 -2.4961 11.866 11.830 11.739 11.715 11.753 11.762 11.760 11.951 11.961 11.769 11.788 11.865 11.868
  8.63417501 0.6800000  4.0901 -2.5315 11.907 11.870 11.777 11.750 11.789 11.796 11.791 11.981 11.989 11.794 11.812 11.888 11.890
  8.65781308 0.6800000  4.0815 -2.5669 11.951 11.911 11.817 11.787 11.827 11.831 11.824 12.019 12.018 11.820 11.837 11.910 11.914
  8.68141058 0.6800000  4.0728 -2.6023 11.999 11.958 11.862 11.828 11.870 11.871 11.860 12.057 12.050 11.849 11.866 11.935 11.940
  8.70500946 0.6800000  4.0642 -2.6377 12.052 12.010 11.913 11.875 11.918 11.916 11.901 12.092 12.084 11.883 11.898 11.964 11.970
  8.72866753 0.6800000  4.0556 -2.6730 12.108 12.065 11.968 11.926 11.969 11.963 11.945 12.128 12.120 11.920 11.934 11.996 12.002
  8.75242300 0.6800000  4.0470 -2.7083 12.168 12.123 12.026 11.980 12.024 12.015 11.992 12.167 12.157 11.959 11.972 12.030 12.037
  8.77628097 0.6800000  4.0384 -2.7436 12.231 12.185 12.087 12.037 12.082 12.069 12.042 12.207 12.196 12.001 12.013 12.067 12.075
  8.80031183 0.6800000  4.0298 -2.7789 12.296 12.249 12.151 12.098 12.143 12.126 12.095 12.249 12.235 12.045 12.056 12.105 12.114
  8.82444744 0.6800000  4.0213 -2.8142 12.365 12.316 12.219 12.161 12.207 12.186 12.150 12.291 12.276 12.092 12.101 12.146 12.154
  8.84859021 0.6800000  4.0128 -2.8492 12.436 12.387 12.289 12.227 12.273 12.248 12.208 12.335 12.318 12.141 12.149 12.188 12.198
  8.87276968 0.6800000  4.0040 -2.8851 12.512 12.462 12.365 12.298 12.345 12.315 12.270 12.381 12.363 12.194 12.200 12.234 12.246
  8.89662259 0.6800000  3.9954 -2.9206 12.589 12.538 12.442 12.371 12.418 12.383 12.334 12.428 12.409 12.248 12.252 12.281 12.295
  8.92017224 0.6800000  3.9867 -2.9560 12.668 12.616 12.521 12.445 12.492 12.453 12.399 12.477 12.457 12.303 12.306 12.329 12.344
  8.94402075 0.6800000  3.9781 -2.9913 12.750 12.697 12.602 12.522 12.569 12.524 12.466 12.527 12.506 12.360 12.362 12.378 12.394
  8.96790936 0.6800000  3.9695 -3.0266 12.832 12.777 12.684 12.598 12.646 12.596 12.533 12.580 12.559 12.418 12.417 12.427 12.445
  8.99181893 0.6800000  3.9608 -3.0620 12.915 12.860 12.766 12.675 12.724 12.669 12.602 12.634 12.614 12.477 12.474 12.478 12.496
  9.01571431 0.6800000  3.9522 -3.0974 13.000 12.943 12.850 12.753 12.803 12.743 12.671 12.689 12.671 12.537 12.532 12.530 12.549
  9.03968822 0.6800000  3.9435 -3.1327 13.086 13.026 12.934 12.830 12.882 12.817 12.740 12.746 12.729 12.596 12.589 12.581 12.601
  9.06374344 0.6800000  3.9348 -3.1681 13.173 13.111 13.018 12.908 12.961 12.891 12.810 12.804 12.789 12.655 12.647 12.633 12.653
  9.08790075 0.6800000  3.9262 -3.2034 13.260 13.196 13.102 12.985 13.040 12.966 12.879 12.864 12.850 12.715 12.705 12.685 12.706
  9.11224809 0.6800000  3.9175 -3.2387 13.348 13.281 13.186 13.063 13.119 13.040 12.949 12.923 12.911 12.774 12.763 12.737 12.758
  9.13677427 0.6800000  3.9089 -3.2739 13.437 13.366 13.269 13.140 13.198 13.114 13.019 12.982 12.973 12.834 12.821 12.789 12.810
  9.16147701 0.6800000  3.9002 -3.3092 13.528 13.452 13.353 13.217 13.277 13.188 13.089 13.042 13.035 12.893 12.879 12.841 12.863
  9.18635177 0.6800000  3.8916 -3.3445 13.619 13.539 13.438 13.294 13.357 13.263 13.159 13.102 13.097 12.953 12.936 12.894 12.915
  9.21138515 0.6800000  3.8829 -3.3798 13.712 13.627 13.522 13.372 13.437 13.337 13.229 13.163 13.159 13.012 12.994 12.946 12.968
  9.23656470 0.6800000  3.8742 -3.4151 13.805 13.715 13.607 13.449 13.517 13.412 13.299 13.223 13.220 13.072 13.052 12.998 13.021
  9.26188240 0.6800000  3.8655 -3.4504 13.900 13.804 13.693 13.527 13.597 13.487 13.368 13.284 13.283 13.131 13.110 13.050 13.073
  9.28727641 0.6800000  3.8569 -3.4858 13.997 13.894 13.779 13.606 13.678 13.562 13.439 13.345 13.346 13.191 13.167 13.102 13.126
  9.31274844 0.6800000  3.8481 -3.5211 14.094 13.985 13.866 13.684 13.760 13.638 13.508 13.406 13.409 13.250 13.224 13.154 13.178
  9.33822428 0.6800000  3.8395 -3.5565 14.194 14.077 13.954 13.764 13.842 13.714 13.579 13.467 13.472 13.310 13.282 13.206 13.230
  9.36360775 0.6800000  3.8308 -3.5919 14.296 14.171 14.043 13.844 13.926 13.791 13.651 13.528 13.537 13.370 13.340 13.258 13.283
  9.38897944 0.6800000  3.8220 -3.6273 14.400 14.267 14.133 13.925 14.010 13.869 13.722 13.589 13.601 13.430 13.399 13.311 13.336
  9.41486528 0.6800000  3.8134 -3.6626 14.506 14.363 14.223 14.006 14.096 13.948 13.795 13.650 13.666 13.490 13.457 13.363 13.388
  9.44496239 0.6800000  3.8046 -3.6981 14.615 14.463 14.318 14.091 14.184 14.029 13.870 13.714 13.734 13.553 13.518 13.418 13.444
  9.47645452 0.6800000  3.7960 -3.7332 14.726 14.564 14.413 14.177 14.273 14.111 13.945 13.777 13.803 13.617 13.580 13.474 13.499
  9.50748759 0.6800000  3.7877 -3.7669 14.835 14.663 14.506 14.261 14.361 14.191 14.019 13.840 13.871 13.679 13.640 13.528 13.554
  9.53689034 0.6800000  3.7798 -3.7991 14.940 14.759 14.597 14.342 14.445 14.268 14.091 13.900 13.936 13.739 13.698 13.581 13.607
  9.56501257 0.6800000  3.7722 -3.8299 15.044 14.853 14.686 14.422 14.529 14.345 14.162 13.960 14.002 13.799 13.756 13.633 13.659
  9.59054156 0.6800000  3.7649 -3.8594 15.145 14.946 14.774 14.501 14.611 14.420 14.232 14.019 14.066 13.857 13.813 13.684 13.711
  9.61409161 0.6800000  3.7580 -3.8876 15.244 15.036 14.859 14.578 14.691 14.494 14.300 14.077 14.129 13.915 13.868 13.734 13.761
  9.63730326 0.6800000  3.7517 -3.9138 15.336 15.121 14.939 14.650 14.766 14.563 14.365 14.132 14.189 13.969 13.921 13.782 13.809
  9.65856880 0.6800000  3.7454 -3.9401 15.431 15.207 15.021 14.724 14.843 14.634 14.430 14.188 14.250 14.025 13.975 13.831 13.858
  9.67899736 0.6800000  3.7391 -3.9646 15.521 15.290 15.099 14.795 14.916 14.701 14.493 14.241 14.308 14.077 14.025 13.877 13.904
  9.69860764 0.6800000  3.7339 -3.9863 15.601 15.363 15.168 14.857 14.981 14.760 14.548 14.290 14.360 14.124 14.070 13.918 13.945
  9.71803664 0.6800000  3.7284 -4.0089 15.686 15.440 15.241 14.923 15.050 14.823 14.607 14.341 14.415 14.173 14.118 13.961 13.989
  9.73649092 0.6800000  3.7229 -4.0314 15.771 15.517 15.314 14.989 15.119 14.887 14.667 14.393 14.471 14.223 14.167 14.004 14.032
  9.75281272 0.6800000  3.7184 -4.0496 15.840 15.581 15.374 15.043 15.176 14.938 14.715 14.436 14.517 14.263 14.206 14.040 14.068
  9.76662493 0.6800000  3.7143 -4.0666 15.905 15.640 15.430 15.094 15.228 14.987 14.760 14.477 14.560 14.301 14.243 14.073 14.101
  9.78202971 0.6800000  3.7102 -4.0835 15.970 15.699 15.486 15.145 15.281 15.035 14.805 14.518 14.602 14.339 14.279 14.106 14.135
  9.79768218 0.6800000  3.7065 -4.0986 16.028 15.752 15.537 15.190 15.329 15.078 14.846 14.555 14.641 14.373 14.312 14.136 14.165
  9.81273673 0.6800000  3.7035 -4.1111 16.076 15.796 15.578 15.228 15.368 15.115 14.879 14.586 14.673 14.402 14.339 14.160 14.190
  9.82725820 0.6800000  3.7008 -4.1226 16.121 15.837 15.617 15.263 15.404 15.148 14.911 14.615 14.703 14.428 14.365 14.183 14.213
  9.84108554 0.6800000  3.6981 -4.1335 16.163 15.876 15.654 15.296 15.439 15.180 14.940 14.643 14.731 14.452 14.388 14.205 14.235
  9.85337408 0.6800000  3.6954 -4.1447 16.206 15.915 15.691 15.330 15.474 15.212 14.970 14.671 14.760 14.478 14.413 14.227 14.257
  9.86630473 0.6800000  3.6929 -4.1551 16.246 15.951 15.726 15.361 15.507 15.242 14.998 14.697 14.786 14.501 14.436 14.248 14.278
  9.87883469 0.6800000  3.6905 -4.1651 16.284 15.986 15.759 15.392 15.538 15.270 15.025 14.722 14.812 14.524 14.458 14.268 14.298
  9.89024155 0.6800000  3.6884 -4.1737 16.317 16.016 15.788 15.417 15.565 15.295 15.049 14.744 14.834 14.544 14.477 14.285 14.315
  9.90167066 0.6800000  3.6865 -4.1817 16.348 16.044 15.814 15.442 15.590 15.318 15.070 14.764 14.855 14.562 14.494 14.301 14.331
  9.91223206 0.6800000  3.6847 -4.1894 16.377 16.071 15.840 15.465 15.614 15.340 15.091 14.784 14.875 14.579 14.511 14.316 14.346
  9.92297426 0.6800000  3.6829 -4.1968 16.406 16.097 15.865 15.487 15.637 15.361 15.111 14.803 14.894 14.596 14.527 14.331 14.361
  9.93285025 0.6800000  3.6812 -4.2040 16.433 16.122 15.888 15.509 15.660 15.382 15.131 14.821 14.912 14.613 14.543 14.346 14.376
  9.94248539 0.6800000  3.6799 -4.2095 16.454 16.142 15.907 15.526 15.677 15.398 15.146 14.835 14.926 14.625 14.555 14.357 14.387
  9.95231896 0.6800000  3.6786 -4.2150 16.475 16.161 15.925 15.542 15.694 15.414 15.160 14.849 14.941 14.638 14.568 14.368 14.398
  9.96135460 0.6800000  3.6773 -4.2205 16.496 16.180 15.943 15.559 15.711 15.429 15.175 14.863 14.955 14.650 14.580 14.379 14.409
  9.97015533 0.6800000  3.6760 -4.2260 16.517 16.199 15.961 15.575 15.728 15.445 15.190 14.877 14.969 14.663 14.592 14.390 14.420
  9.97872144 0.6800000  3.6746 -4.2315 16.537 16.218 15.979 15.591 15.745 15.460 15.205 14.891 14.983 14.675 14.603 14.401 14.431
  9.98705539 0.6800000  3.6733 -4.2370 16.558 16.236 15.997 15.608 15.762 15.476 15.219 14.905 14.996 14.687 14.615 14.411 14.441
  9.99519471 0.6800000  3.6716 -4.2439 16.583 16.260 16.019 15.628 15.783 15.495 15.237 14.922 15.014 14.702 14.630 14.425 14.455
 10.00314747 0.6800000  3.6679 -4.2589 16.639 16.310 16.068 15.671 15.828 15.536 15.276 14.959 15.051 14.735 14.662 14.454 14.484
 10.01091965 0.6800000  3.6642 -4.2736 16.693 16.360 16.115 15.714 15.872 15.577 15.314 14.995 15.087 14.767 14.693 14.482 14.512
 10.01812575 0.6800000  3.6616 -4.2843 16.732 16.396 16.149 15.745 15.904 15.606 15.342 15.022 15.114 14.790 14.715 14.502 14.532
 10.02548808 0.6800000  3.6597 -4.2922 16.760 16.422 16.174 15.767 15.928 15.628 15.362 15.041 15.133 14.807 14.731 14.517 14.547
 10.03238094 0.6800000  3.6577 -4.3002 16.789 16.448 16.199 15.790 15.951 15.649 15.382 15.060 15.152 14.824 14.748 14.532 14.562
 10.03914781 0.6800000  3.6557 -4.3082 16.817 16.474 16.224 15.812 15.975 15.671 15.402 15.080 15.172 14.841 14.764 14.547 14.577
 10.04579015 0.6800000  3.6537 -4.3163 16.846 16.501 16.249 15.835 15.998 15.692 15.423 15.099 15.191 14.859 14.781 14.563 14.592
 10.05230541 0.6800000  3.6517 -4.3246 16.875 16.527 16.274 15.858 16.022 15.714 15.443 15.119 15.211 14.876 14.798 14.578 14.608
 10.05871159 0.6800000  3.6496 -4.3330 16.904 16.553 16.299 15.881 16.046 15.736 15.463 15.138 15.231 14.893 14.815 14.594 14.623
 10.06480544 0.6800000  3.6475 -4.3416 16.933 16.580 16.325 15.904 16.070 15.758 15.484 15.158 15.250 14.911 14.832 14.610 14.639
 10.07097477 0.6800000  3.6454 -4.3502 16.962 16.607 16.350 15.927 16.094 15.780 15.505 15.178 15.270 14.928 14.849 14.625 14.655
 10.07685662 0.6800000  3.6433 -4.3591 16.992 16.634 16.376 15.950 16.118 15.802 15.526 15.198 15.290 14.946 14.866 14.642 14.671
 10.08264107 0.6800000  3.6410 -4.3683 17.022 16.662 16.402 15.974 16.143 15.825 15.547 15.219 15.311 14.964 14.884 14.659 14.687
 10.08837794 0.6800000  3.6387 -4.3777 17.053 16.690 16.429 15.999 16.168 15.848 15.569 15.240 15.332 14.983 14.902 14.676 14.704
 10.09373878 0.6800000  3.6363 -4.3874 17.085 16.718 16.457 16.024 16.194 15.872 15.591 15.261 15.354 15.002 14.921 14.693 14.721
 10.09897235 0.6800000  3.6339 -4.3974 17.117 16.748 16.484 16.049 16.220 15.896 15.614 15.283 15.376 15.021 14.939 14.711 14.739
 10.10435328 0.6800000  3.6313 -4.4078 17.150 16.778 16.513 16.075 16.247 15.921 15.637 15.305 15.398 15.041 14.959 14.730 14.757
 10.10977568 0.6800000  3.6286 -4.4187 17.184 16.809 16.543 16.102 16.275 15.946 15.661 15.328 15.421 15.061 14.979 14.749 14.776
 10.11480353 0.6800000  3.6258 -4.4299 17.218 16.840 16.573 16.129 16.303 15.972 15.686 15.352 15.445 15.082 14.999 14.769 14.796
 10.11994202 0.6800000  3.6230 -4.4414 17.252 16.871 16.603 16.156 16.331 15.998 15.710 15.375 15.468 15.103 15.020 14.789 14.815
 10.12501744 0.6800000  3.6200 -4.4536 17.288 16.904 16.634 16.185 16.361 16.025 15.736 15.400 15.493 15.125 15.042 14.811 14.836
 10.12987221 0.6800000  3.6169 -4.4660 17.324 16.937 16.665 16.213 16.390 16.052 15.761 15.424 15.517 15.147 15.064 14.833 14.857
 10.13467908 0.6800000  3.6137 -4.4788 17.360 16.970 16.697 16.242 16.420 16.079 15.787 15.449 15.542 15.170 15.086 14.855 14.879
 10.13943697 0.6800000  3.6068 -4.4951 17.410 17.013 16.737 16.275 16.456 16.109 15.814 15.474 15.566 15.190 15.105 14.875 14.896
 10.14413952 0.6800000  3.6055 -4.5056 17.436 17.038 16.761 16.299 16.480 16.132 15.836 15.496 15.588 15.211 15.127 14.897 14.918
 10.14882822 0.6800000  3.6037 -4.5177 17.466 17.067 16.789 16.325 16.507 16.157 15.861 15.521 15.612 15.235 15.150 14.921 14.941
 10.15335742 0.6800000  3.6014 -4.5308 17.499 17.098 16.819 16.354 16.536 16.185 15.888 15.547 15.638 15.259 15.175 14.947 14.966
 10.15791234 0.6800000  3.5987 -4.5448 17.535 17.131 16.851 16.383 16.566 16.213 15.915 15.574 15.665 15.285 15.201 14.975 14.992
 10.16234990 0.6800000  3.5958 -4.5592 17.571 17.164 16.884 16.413 16.597 16.242 15.943 15.601 15.692 15.311 15.227 15.003 15.019
 10.16674183 0.6800000  3.5897 -4.5757 17.613 17.201 16.918 16.443 16.628 16.269 15.967 15.623 15.714 15.332 15.248 15.029 15.040
 10.17109068 0.6800000  3.5867 -4.5879 17.643 17.228 16.944 16.466 16.652 16.291 15.988 15.644 15.735 15.351 15.269 15.052 15.061
 10.17532238 0.6800000  3.5834 -4.6011 17.674 17.257 16.971 16.491 16.678 16.315 16.011 15.665 15.756 15.372 15.290 15.077 15.084
 10.17951330 0.6800000  3.5800 -4.6147 17.705 17.285 16.999 16.516 16.704 16.338 16.033 15.687 15.778 15.394 15.312 15.103 15.107
 10.18366245 0.6800000  3.5739 -4.6391 17.760 17.335 17.047 16.559 16.748 16.380 16.072 15.724 15.815 15.431 15.352 15.150 15.149
 10.18777240 0.6800000  3.5679 -4.6633 17.814 17.384 17.094 16.602 16.793 16.421 16.111 15.761 15.853 15.470 15.393 15.200 15.194
 10.19184928 0.6800000  3.5632 -4.6820 17.855 17.421 17.130 16.634 16.826 16.452 16.141 15.790 15.881 15.501 15.425 15.241 15.231
 10.19588228 0.6800000  3.5585 -4.7011 17.896 17.458 17.165 16.666 16.859 16.483 16.170 15.818 15.909 15.532 15.459 15.283 15.269
 10.19988112 0.6800000  3.5537 -4.7205 17.936 17.495 17.200 16.698 16.893 16.513 16.199 15.846 15.937 15.564 15.493 15.327 15.309
 10.20384036 0.6800000  3.5487 -4.7404 17.977 17.532 17.236 16.731 16.926 16.544 16.228 15.875 15.966 15.597 15.529 15.373 15.351
 10.20776706 0.6800000  3.5437 -4.7605 18.017 17.568 17.270 16.762 16.958 16.575 16.257 15.903 15.994 15.631 15.566 15.421 15.394
 10.21166024 0.6800000  3.5385 -4.7813 18.059 17.606 17.307 16.795 16.992 16.607 16.288 15.932 16.023 15.668 15.607 15.474 15.444
 10.21551892 0.6800000  3.5333 -4.8024 18.100 17.644 17.343 16.828 17.027 16.639 16.318 15.962 16.053 15.708 15.650 15.529 15.495
 10.21933584 0.6800000  3.5278 -4.8241 18.142 17.683 17.380 16.862 17.061 16.671 16.349 15.992 16.083 15.749 15.695 15.588 15.551
 10.22312259 0.6800000  3.5223 -4.8463 18.185 17.721 17.417 16.895 17.095 16.704 16.381 16.022 16.113 15.793 15.743 15.650 15.610
 10.22687819 0.6800000  3.5167 -4.8689 18.227 17.759 17.453 16.928 17.130 16.736 16.412 16.053 16.144 15.838 15.794 15.716 15.672
 10.23060077 0.6800000  3.5109 -4.8922 18.270 17.798 17.491 16.962 17.165 16.770 16.445 16.084 16.175 15.887 15.848 15.786 15.739
 10.23430285 0.6800000  3.5050 -4.9157 18.313 17.837 17.528 16.996 17.200 16.804 16.477 16.116 16.207 15.940 15.905 15.858 15.808
 10.23795020 0.6800000  3.4990 -4.9399 18.356 17.877 17.566 17.031 17.236 16.839 16.511 16.148 16.240 15.996 15.967 15.934 15.882
 10.24158232 0.6800000  3.4929 -4.9643 18.399 17.916 17.604 17.065 17.271 16.873 16.544 16.181 16.273 16.056 16.031 16.013 15.959
 10.24518745 0.6800000  3.4866 -4.9893 18.443 17.955 17.641 17.099 17.307 16.908 16.579 16.214 16.306 16.119 16.100 16.096 16.041
