#   log(t)       Mwd   log(Teff)log(L/Lo) F435W F475  F502N  F550M  F555W  F606W  F625W  F658N  F660N  F775W  F814W  F850LP F892N
    5.720466 1.0000000  5.1353  1.4158  1.728  2.240  2.795  3.263  3.121  3.288  3.774  4.009  4.130  4.693  5.259  5.752  5.289
    5.721197 1.0000000  5.1324  1.4035  1.796  2.305  2.859  3.322  3.181  3.348  3.830  4.063  4.184  4.743  5.305  5.795  5.337
    5.721910 1.0000000  5.1296  1.3915  1.863  2.368  2.920  3.380  3.239  3.405  3.884  4.116  4.237  4.792  5.350  5.837  5.383
    5.722621 1.0000000  5.1268  1.3796  1.929  2.431  2.981  3.437  3.296  3.462  3.938  4.168  4.289  4.841  5.395  5.879  5.429
    5.723337 1.0000000  5.1240  1.3678  1.994  2.493  3.041  3.493  3.353  3.519  3.992  4.219  4.341  4.889  5.439  5.920  5.474
    5.724065 1.0000000  5.1213  1.3561  2.059  2.554  3.101  3.548  3.409  3.575  4.045  4.270  4.392  4.936  5.483  5.960  5.519
    5.724809 1.0000000  5.1185  1.3444  2.123  2.616  3.160  3.604  3.465  3.630  4.097  4.320  4.443  4.984  5.527  6.000  5.564
    5.725571 1.0000000  5.1158  1.3328  2.187  2.676  3.219  3.659  3.520  3.685  4.149  4.370  4.493  5.031  5.570  6.040  5.608
    5.726355 1.0000000  5.1131  1.3211  2.251  2.737  3.278  3.714  3.576  3.740  4.202  4.421  4.544  5.077  5.613  6.080  5.652
    5.727162 1.0000000  5.1104  1.3095  2.314  2.797  3.337  3.768  3.631  3.795  4.253  4.470  4.594  5.124  5.656  6.120  5.696
    5.727994 1.0000000  5.1076  1.2979  2.377  2.857  3.395  3.823  3.686  3.850  4.305  4.520  4.643  5.170  5.698  6.160  5.740
    5.728852 1.0000000  5.1049  1.2863  2.441  2.917  3.453  3.877  3.740  3.904  4.356  4.569  4.693  5.216  5.741  6.199  5.783
    5.729737 1.0000000  5.1022  1.2747  2.503  2.977  3.510  3.931  3.795  3.958  4.407  4.618  4.743  5.262  5.783  6.238  5.827
    5.730654 1.0000000  5.0995  1.2632  2.565  3.036  3.568  3.984  3.849  4.012  4.458  4.667  4.791  5.308  5.825  6.277  5.869
    5.731601 1.0000000  5.0968  1.2516  2.628  3.095  3.625  4.038  3.903  4.066  4.509  4.716  4.841  5.354  5.867  6.316  5.913
    5.732580 1.0000000  5.0940  1.2400  2.690  3.154  3.682  4.091  3.957  4.119  4.560  4.764  4.890  5.399  5.909  6.355  5.955
    5.733592 1.0000000  5.0913  1.2284  2.752  3.213  3.739  4.145  4.010  4.173  4.610  4.813  4.938  5.445  5.950  6.394  5.998
    5.734639 1.0000000  5.0886  1.2168  2.814  3.272  3.796  4.198  4.064  4.226  4.661  4.861  4.987  5.490  5.992  6.432  6.041
    5.735719 1.0000000  5.0859  1.2052  2.875  3.331  3.853  4.251  4.118  4.279  4.711  4.909  5.035  5.535  6.033  6.471  6.083
    5.736831 1.0000000  5.0831  1.1936  2.937  3.389  3.909  4.304  4.171  4.332  4.761  4.957  5.084  5.580  6.075  6.509  6.126
    5.737982 1.0000000  5.0804  1.1821  2.997  3.447  3.965  4.356  4.224  4.384  4.811  5.005  5.131  5.624  6.115  6.547  6.168
    5.739173 1.0000000  5.0777  1.1705  3.058  3.505  4.021  4.408  4.276  4.437  4.860  5.053  5.179  5.669  6.156  6.585  6.210
    5.740403 1.0000000  5.0750  1.1589  3.119  3.563  4.077  4.461  4.329  4.489  4.910  5.100  5.227  5.713  6.197  6.623  6.252
    5.741673 1.0000000  5.0723  1.1473  3.180  3.620  4.133  4.513  4.382  4.542  4.959  5.148  5.275  5.758  6.238  6.661  6.293
    5.742985 1.0000000  5.0695  1.1357  3.240  3.678  4.188  4.564  4.434  4.594  5.008  5.195  5.322  5.802  6.279  6.699  6.335
    5.744339 1.0000000  5.0668  1.1241  3.300  3.735  4.243  4.616  4.487  4.646  5.058  5.242  5.369  5.846  6.319  6.736  6.376
    5.745734 1.0000000  5.0641  1.1124  3.361  3.793  4.299  4.668  4.539  4.698  5.107  5.289  5.417  5.890  6.360  6.774  6.418
    5.747160 1.0000000  5.0614  1.1008  3.421  3.850  4.354  4.720  4.591  4.749  5.156  5.336  5.464  5.934  6.400  6.812  6.459
    5.748636 1.0000000  5.0586  1.0892  3.480  3.907  4.409  4.771  4.643  4.801  5.204  5.382  5.511  5.977  6.440  6.849  6.500
    5.750158 1.0000000  5.0559  1.0776  3.540  3.964  4.464  4.822  4.695  4.852  5.253  5.429  5.557  6.021  6.480  6.886  6.541
    5.751715 1.0000000  5.0531  1.0660  3.599  4.020  4.518  4.873  4.746  4.903  5.301  5.475  5.604  6.064  6.519  6.923  6.582
    5.753323 1.0000000  5.0504  1.0543  3.659  4.076  4.572  4.924  4.797  4.954  5.349  5.521  5.650  6.107  6.559  6.960  6.623
    5.754974 1.0000000  5.0476  1.0427  3.718  4.133  4.626  4.975  4.849  5.005  5.397  5.567  5.696  6.150  6.599  6.997  6.663
    5.756667 1.0000000  5.0449  1.0309  3.777  4.189  4.681  5.026  4.900  5.056  5.446  5.614  5.743  6.194  6.639  7.034  6.704
    5.758387 1.0000000  5.0421  1.0193  3.836  4.245  4.735  5.076  4.951  5.107  5.493  5.659  5.789  6.236  6.678  7.070  6.744
    5.760161 1.0000000  5.0394  1.0077  3.894  4.301  4.788  5.126  5.002  5.157  5.541  5.705  5.834  6.279  6.717  7.107  6.784
    5.761979 1.0000000  5.0366  0.9959  3.953  4.357  4.842  5.177  5.053  5.207  5.589  5.751  5.880  6.322  6.756  7.144  6.825
    5.763833 1.0000000  5.0339  0.9844  4.011  4.412  4.895  5.226  5.103  5.257  5.636  5.795  5.925  6.364  6.795  7.179  6.864
    5.765744 1.0000000  5.0311  0.9727  4.069  4.467  4.948  5.276  5.154  5.307  5.683  5.841  5.971  6.406  6.833  7.216  6.904
    5.767700 1.0000000  5.0283  0.9610  4.127  4.523  5.002  5.326  5.204  5.357  5.730  5.886  6.016  6.448  6.872  7.252  6.943
    5.769692 1.0000000  5.0256  0.9492  4.185  4.578  5.055  5.376  5.254  5.407  5.777  5.931  6.061  6.491  6.911  7.288  6.983
    5.771723 1.0000000  5.0228  0.9376  4.242  4.632  5.107  5.425  5.304  5.456  5.824  5.975  6.106  6.532  6.949  7.324  7.022
    5.773809 1.0000000  5.0200  0.9259  4.300  4.687  5.160  5.474  5.354  5.505  5.871  6.020  6.150  6.574  6.987  7.359  7.062
    5.775931 1.0000000  5.0173  0.9142  4.357  4.742  5.212  5.523  5.403  5.554  5.917  6.064  6.195  6.615  7.026  7.395  7.101
    5.778106 1.0000000  5.0145  0.9025  4.414  4.796  5.264  5.572  5.453  5.603  5.963  6.108  6.239  6.657  7.063  7.430  7.139
    5.780321 1.0000000  5.0117  0.8907  4.471  4.850  5.316  5.621  5.502  5.652  6.010  6.153  6.284  6.698  7.102  7.466  7.179
    5.782567 1.0000000  5.0090  0.8791  4.527  4.904  5.368  5.669  5.551  5.700  6.055  6.196  6.327  6.739  7.139  7.501  7.217
    5.784867 1.0000000  5.0062  0.8673  4.584  4.958  5.420  5.718  5.600  5.749  6.101  6.240  6.372  6.780  7.177  7.536  7.256
    5.787202 1.0000000  5.0034  0.8556  4.640  5.011  5.471  5.766  5.649  5.797  6.147  6.284  6.415  6.821  7.214  7.571  7.294
    5.789592 1.0000000  5.0007  0.8439  4.696  5.065  5.522  5.814  5.697  5.845  6.192  6.327  6.459  6.862  7.251  7.606  7.332
    5.792019 1.0000000  4.9978  0.8321  4.752  5.118  5.574  5.862  5.746  5.894  6.238  6.371  6.502  6.902  7.289  7.641  7.370
    5.794472 1.0000000  4.9951  0.8204  4.807  5.171  5.624  5.909  5.794  5.941  6.283  6.414  6.545  6.943  7.326  7.675  7.408
    5.796979 1.0000000  4.9923  0.8086  4.863  5.224  5.675  5.957  5.843  5.989  6.328  6.457  6.589  6.983  7.363  7.710  7.446
    5.799517 1.0000000  4.9895  0.7970  4.917  5.276  5.725  6.004  5.890  6.036  6.372  6.499  6.631  7.023  7.399  7.744  7.483
    5.802111 1.0000000  4.9867  0.7852  4.973  5.329  5.776  6.051  5.938  6.083  6.417  6.542  6.674  7.063  7.436  7.778  7.521
    5.804737 1.0000000  4.9839  0.7734  5.028  5.382  5.826  6.099  5.986  6.130  6.462  6.585  6.717  7.103  7.472  7.813  7.558
    5.807389 1.0000000  4.9812  0.7617  5.082  5.433  5.876  6.145  6.033  6.177  6.506  6.627  6.759  7.142  7.509  7.847  7.595
    5.810096 1.0000000  4.9784  0.7499  5.137  5.485  5.925  6.192  6.080  6.224  6.550  6.669  6.801  7.182  7.545  7.881  7.633
    5.812828 1.0000000  4.9756  0.7382  5.191  5.537  5.975  6.238  6.127  6.270  6.594  6.711  6.843  7.221  7.581  7.914  7.669
    5.815610 1.0000000  4.9728  0.7264  5.245  5.589  6.024  6.285  6.174  6.317  6.638  6.753  6.885  7.260  7.617  7.948  7.706
    5.818429 1.0000000  4.9700  0.7146  5.299  5.640  6.074  6.331  6.221  6.363  6.682  6.795  6.927  7.299  7.652  7.981  7.743
    5.821271 1.0000000  4.9672  0.7029  5.352  5.691  6.122  6.376  6.267  6.408  6.725  6.836  6.968  7.338  7.688  8.015  7.779
    5.824170 1.0000000  4.9644  0.6910  5.406  5.742  6.171  6.423  6.314  6.455  6.769  6.878  7.010  7.377  7.724  8.048  7.816
    5.827090 1.0000000  4.9616  0.6793  5.459  5.793  6.220  6.468  6.360  6.500  6.812  6.919  7.051  7.415  7.759  8.081  7.852
    5.830059 1.0000000  4.9588  0.6675  5.512  5.843  6.268  6.513  6.406  6.545  6.855  6.960  7.092  7.453  7.794  8.114  7.888
    5.833053 1.0000000  4.9560  0.6558  5.564  5.893  6.316  6.558  6.451  6.590  6.897  7.000  7.132  7.491  7.829  8.147  7.923
    5.836100 1.0000000  4.9532  0.6440  5.617  5.944  6.364  6.603  6.497  6.635  6.940  7.041  7.173  7.529  7.864  8.179  7.959
    5.839185 1.0000000  4.9504  0.6322  5.669  5.994  6.412  6.648  6.543  6.680  6.982  7.081  7.213  7.567  7.898  8.212  7.995
    5.842295 1.0000000  4.9476  0.6204  5.721  6.043  6.459  6.693  6.588  6.725  7.025  7.122  7.254  7.605  7.933  8.244  8.030
    5.845445 1.0000000  4.9448  0.6086  5.773  6.093  6.507  6.737  6.633  6.769  7.067  7.162  7.294  7.643  7.967  8.277  8.065
    5.848617 1.0000000  4.9420  0.5969  5.825  6.142  6.554  6.781  6.677  6.813  7.108  7.201  7.334  7.680  8.001  8.309  8.100
    5.851842 1.0000000  4.9392  0.5851  5.876  6.191  6.601  6.825  6.722  6.857  7.150  7.241  7.373  7.717  8.036  8.341  8.135
    5.855092 1.0000000  4.9364  0.5733  5.927  6.240  6.647  6.869  6.767  6.901  7.191  7.281  7.413  7.754  8.070  8.372  8.170
    5.858394 1.0000000  4.9336  0.5616  5.978  6.289  6.693  6.913  6.811  6.945  7.232  7.320  7.452  7.791  8.103  8.404  8.204
    5.861736 1.0000000  4.9308  0.5498  6.029  6.337  6.740  6.956  6.855  6.988  7.274  7.359  7.491  7.827  8.137  8.436  8.238
    5.865104 1.0000000  4.9280  0.5380  6.079  6.385  6.786  6.999  6.899  7.031  7.315  7.398  7.530  7.864  8.170  8.467  8.273
    5.868511 1.0000000  4.9252  0.5262  6.130  6.433  6.832  7.042  6.942  7.075  7.355  7.437  7.569  7.900  8.204  8.498  8.307
    5.871951 1.0000000  4.9224  0.5144  6.180  6.481  6.877  7.085  6.986  7.117  7.396  7.476  7.608  7.937  8.237  8.529  8.341
    5.875434 1.0000000  4.9196  0.5027  6.229  6.529  6.923  7.128  7.029  7.160  7.436  7.514  7.646  7.972  8.270  8.560  8.374
    5.878956 1.0000000  4.9168  0.4909  6.279  6.576  6.968  7.170  7.072  7.202  7.476  7.552  7.684  8.008  8.302  8.591  8.408
    5.882514 1.0000000  4.9140  0.4791  6.328  6.623  7.013  7.212  7.115  7.245  7.516  7.590  7.722  8.044  8.335  8.622  8.441
    5.886111 1.0000000  4.9112  0.4673  6.377  6.670  7.058  7.255  7.157  7.287  7.556  7.628  7.760  8.079  8.368  8.653  8.474
    5.889744 1.0000000  4.9083  0.4555  6.426  6.717  7.102  7.296  7.200  7.328  7.596  7.666  7.798  8.115  8.400  8.683  8.508
    5.893408 1.0000000  4.9055  0.4438  6.475  6.763  7.146  7.338  7.242  7.370  7.635  7.703  7.835  8.150  8.432  8.713  8.540
    5.897110 1.0000000  4.9027  0.4320  6.523  6.810  7.191  7.379  7.284  7.411  7.674  7.741  7.872  8.185  8.464  8.743  8.573
    5.900856 1.0000000  4.8999  0.4202  6.572  6.856  7.235  7.421  7.326  7.453  7.713  7.778  7.910  8.220  8.496  8.773  8.606
    5.904634 1.0000000  4.8971  0.4084  6.620  6.902  7.278  7.462  7.368  7.494  7.752  7.815  7.947  8.254  8.528  8.803  8.638
    5.908455 1.0000000  4.8943  0.3966  6.667  6.947  7.322  7.503  7.409  7.535  7.791  7.852  7.983  8.289  8.560  8.833  8.671
    5.912304 1.0000000  4.8915  0.3849  6.715  6.993  7.365  7.543  7.450  7.575  7.829  7.888  8.020  8.323  8.591  8.862  8.702
    5.916188 1.0000000  4.8887  0.3731  6.762  7.038  7.408  7.583  7.491  7.615  7.867  7.925  8.056  8.357  8.622  8.892  8.734
    5.920120 1.0000000  4.8858  0.3613  6.809  7.083  7.451  7.624  7.532  7.656  7.906  7.961  8.092  8.391  8.653  8.921  8.766
    5.924084 1.0000000  4.8830  0.3495  6.856  7.128  7.494  7.664  7.573  7.696  7.944  7.997  8.128  8.425  8.684  8.950  8.798
    5.928083 1.0000000  4.8802  0.3378  6.902  7.172  7.536  7.703  7.613  7.735  7.981  8.033  8.164  8.458  8.715  8.979  8.829
    5.932127 1.0000000  4.8774  0.3260  6.949  7.216  7.578  7.743  7.653  7.775  8.019  8.068  8.200  8.492  8.745  9.008  8.860
    5.936198 1.0000000  4.8746  0.3142  6.995  7.261  7.620  7.783  7.693  7.814  8.056  8.104  8.235  8.525  8.776  9.037  8.892
    5.940313 1.0000000  4.8718  0.3024  7.041  7.304  7.662  7.822  7.733  7.854  8.093  8.139  8.270  8.558  8.806  9.065  8.923
    5.944456 1.0000000  4.8689  0.2906  7.087  7.348  7.704  7.861  7.773  7.893  8.130  8.174  8.306  8.591  8.837  9.094  8.953
    5.948645 1.0000000  4.8661  0.2789  7.132  7.391  7.745  7.900  7.812  7.931  8.167  8.209  8.340  8.623  8.866  9.122  8.984
    5.952877 1.0000000  4.8633  0.2671  7.177  7.435  7.786  7.938  7.852  7.970  8.203  8.244  8.375  8.656  8.896  9.150  9.014
    5.957137 1.0000000  4.8605  0.2553  7.222  7.478  7.827  7.977  7.891  8.008  8.240  8.279  8.409  8.688  8.926  9.178  9.045
    5.961440 1.0000000  4.8576  0.2435  7.267  7.521  7.868  8.015  7.930  8.047  8.276  8.313  8.444  8.721  8.956  9.206  9.075
    5.965773 1.0000000  4.8548  0.2317  7.312  7.563  7.908  8.053  7.968  8.085  8.312  8.347  8.478  8.753  8.985  9.234  9.105
    5.970138 1.0000000  4.8520  0.2199  7.356  7.606  7.948  8.091  8.007  8.122  8.348  8.381  8.512  8.785  9.014  9.261  9.134
    5.974546 1.0000000  4.8491  0.2082  7.400  7.648  7.988  8.128  8.045  8.160  8.383  8.415  8.545  8.816  9.043  9.288  9.164
    5.978990 1.0000000  4.8463  0.1964  7.444  7.690  8.028  8.166  8.083  8.197  8.419  8.449  8.579  8.848  9.072  9.316  9.193
    5.983481 1.0000000  4.8435  0.1846  7.487  7.731  8.068  8.203  8.121  8.234  8.454  8.482  8.612  8.879  9.101  9.343  9.223
    5.988007 1.0000000  4.8406  0.1729  7.530  7.773  8.107  8.240  8.158  8.271  8.489  8.515  8.645  8.910  9.129  9.369  9.252
    5.992584 1.0000000  4.8378  0.1611  7.573  7.814  8.146  8.277  8.196  8.308  8.523  8.548  8.678  8.941  9.157  9.396  9.281
    5.997210 1.0000000  4.8350  0.1494  7.616  7.855  8.185  8.313  8.232  8.344  8.558  8.581  8.711  8.972  9.185  9.423  9.309
    6.001883 1.0000000  4.8321  0.1376  7.659  7.895  8.224  8.350  8.270  8.380  8.592  8.614  8.743  9.002  9.214  9.449  9.338
    6.006598 1.0000000  4.8293  0.1259  7.701  7.936  8.262  8.385  8.306  8.416  8.626  8.646  8.776  9.032  9.241  9.475  9.366
    6.011368 1.0000000  4.8265  0.1141  7.743  7.976  8.300  8.421  8.343  8.452  8.660  8.678  8.808  9.063  9.269  9.502  9.394
    6.016186 1.0000000  4.8236  0.1024  7.785  8.016  8.338  8.457  8.379  8.488  8.694  8.710  8.840  9.093  9.296  9.527  9.422
    6.021049 1.0000000  4.8208  0.0906  7.826  8.056  8.376  8.493  8.415  8.523  8.728  8.742  8.872  9.123  9.324  9.553  9.450
    6.025965 1.0000000  4.8180  0.0789  7.867  8.095  8.413  8.528  8.451  8.558  8.761  8.774  8.903  9.152  9.351  9.579  9.478
    6.030927 1.0000000  4.8152  0.0672  7.908  8.134  8.450  8.563  8.486  8.593  8.794  8.805  8.934  9.182  9.378  9.604  9.505
    6.035961 1.0000000  4.8123  0.0554  7.949  8.174  8.488  8.598  8.522  8.628  8.827  8.837  8.966  9.211  9.405  9.630  9.533
    6.041028 1.0000000  4.8095  0.0437  7.990  8.212  8.524  8.632  8.557  8.662  8.860  8.868  8.996  9.240  9.432  9.655  9.560
    6.046156 1.0000000  4.8067  0.0319  8.030  8.251  8.561  8.667  8.592  8.697  8.892  8.899  9.027  9.269  9.458  9.680  9.587
    6.051324 1.0000000  4.8039  0.0203  8.070  8.289  8.597  8.700  8.626  8.731  8.924  8.929  9.058  9.298  9.484  9.705  9.613
    6.056591 1.0000000  4.8010  0.0085  8.110  8.327  8.633  8.735  8.661  8.765  8.957  8.960  9.088  9.326  9.511  9.730  9.640
    6.061893 1.0000000  4.7982 -0.0032  8.149  8.365  8.669  8.768  8.695  8.798  8.989  8.990  9.118  9.355  9.537  9.754  9.667
    6.067265 1.0000000  4.7954 -0.0149  8.189  8.403  8.705  8.802  8.729  8.832  9.020  9.020  9.148  9.383  9.563  9.779  9.693
    6.072705 1.0000000  4.7925 -0.0266  8.228  8.440  8.740  8.835  8.763  8.865  9.052  9.050  9.178  9.411  9.588  9.803  9.719
    6.078192 1.0000000  4.7897 -0.0383  8.266  8.477  8.776  8.868  8.797  8.898  9.083  9.080  9.207  9.439  9.614  9.827  9.745
    6.083781 1.0000000  4.7869 -0.0500  8.305  8.514  8.810  8.901  8.830  8.931  9.114  9.109  9.237  9.466  9.639  9.851  9.771
    6.089412 1.0000000  4.7841 -0.0617  8.343  8.551  8.845  8.933  8.864  8.963  9.145  9.138  9.266  9.494  9.664  9.875  9.797
    6.095143 1.0000000  4.7812 -0.0734  8.381  8.587  8.880  8.966  8.897  8.996  9.176  9.167  9.295  9.521  9.689  9.899  9.822
    6.100922 1.0000000  4.7785 -0.0851  8.419  8.623  8.914  8.998  8.929  9.028  9.206  9.196  9.324  9.548  9.714  9.922  9.847
    6.106800 1.0000000  4.7756 -0.0967  8.456  8.659  8.948  9.030  8.962  9.059  9.236  9.225  9.352  9.575  9.739  9.945  9.872
    6.112752 1.0000000  4.7728 -0.1084  8.493  8.694  8.982  9.062  8.994  9.091  9.266  9.253  9.381  9.601  9.763  9.969  9.897
    6.118796 1.0000000  4.7700 -0.1201  8.530  8.730  9.015  9.093  9.026  9.123  9.296  9.282  9.409  9.628  9.788  9.992  9.922
    6.124906 1.0000000  4.7672 -0.1317  8.567  8.765  9.048  9.124  9.058  9.154  9.325  9.310  9.437  9.654  9.812 10.015  9.946
    6.131121 1.0000000  4.7644 -0.1434  8.603  8.800  9.082  9.155  9.090  9.185  9.355  9.338  9.465  9.680  9.836 10.037  9.971
    6.137406 1.0000000  4.7616 -0.1551  8.640  8.835  9.115  9.186  9.121  9.216  9.384  9.366  9.492  9.707  9.860 10.060  9.995
    6.143801 1.0000000  4.7587 -0.1667  8.676  8.869  9.147  9.217  9.152  9.246  9.413  9.393  9.520  9.732  9.883 10.082 10.019
    6.150271 1.0000000  4.7559 -0.1784  8.711  8.903  9.180  9.248  9.183  9.277  9.442  9.421  9.547  9.758  9.907 10.105 10.043
    6.156859 1.0000000  4.7531 -0.1900  8.747  8.937  9.212  9.278  9.214  9.307  9.471  9.448  9.574  9.783  9.930 10.127 10.067
    6.163530 1.0000000  4.7503 -0.2017  8.782  8.971  9.244  9.308  9.245  9.337  9.499  9.475  9.601  9.809  9.954 10.149 10.091
    6.170313 1.0000000  4.7475 -0.2133  8.817  9.004  9.275  9.338  9.275  9.366  9.527  9.501  9.627  9.834  9.977 10.171 10.114
    6.177209 1.0000000  4.7447 -0.2249  8.851  9.037  9.307  9.367  9.305  9.396  9.555  9.528  9.654  9.859 10.000 10.192 10.137
    6.184224 1.0000000  4.7419 -0.2366  8.886  9.071  9.338  9.397  9.335  9.425  9.583  9.554  9.680  9.883 10.022 10.214 10.160
    6.191318 1.0000000  4.7391 -0.2482  8.920  9.103  9.369  9.426  9.365  9.454  9.611  9.581  9.706  9.908 10.045 10.235 10.183
    6.198535 1.0000000  4.7363 -0.2597  8.954  9.136  9.400  9.454  9.394  9.483  9.638  9.606  9.732  9.932 10.067 10.256 10.205
    6.205925 1.0000000  4.7335 -0.2713  8.987  9.168  9.430  9.483  9.423  9.511  9.665  9.632  9.757  9.956 10.089 10.277 10.228
    6.213404 1.0000000  4.7307 -0.2830  9.021  9.200  9.461  9.512  9.452  9.540  9.692  9.658  9.783  9.980 10.112 10.298 10.251
    6.220993 1.0000000  4.7279 -0.2946  9.054  9.232  9.491  9.540  9.481  9.568  9.719  9.683  9.808 10.004 10.134 10.319 10.273
    6.228711 1.0000000  4.7251 -0.3062  9.087  9.263  9.521  9.568  9.510  9.596  9.745  9.709  9.833 10.028 10.155 10.340 10.295
    6.236545 1.0000000  4.7223 -0.3178  9.120  9.295  9.551  9.596  9.538  9.624  9.772  9.734  9.858 10.051 10.177 10.360 10.317
    6.244492 1.0000000  4.7195 -0.3294  9.152  9.326  9.580  9.624  9.566  9.652  9.798  9.758  9.883 10.074 10.198 10.381 10.338
    6.252559 1.0000000  4.7167 -0.3408  9.184  9.356  9.609  9.651  9.594  9.679  9.824  9.783  9.907 10.097 10.219 10.400 10.360
    6.260882 1.0000000  4.7139 -0.3524  9.216  9.387  9.638  9.678  9.622  9.706  9.849  9.807  9.932 10.120 10.240 10.420 10.381
    6.269336 1.0000000  4.7111 -0.3640  9.248  9.417  9.667  9.705  9.649  9.733  9.875  9.832  9.956 10.143 10.261 10.440 10.402
    6.277908 1.0000000  4.7083 -0.3756  9.279  9.447  9.695  9.732  9.677  9.759  9.900  9.856  9.980 10.166 10.282 10.460 10.423
    6.286596 1.0000000  4.7055 -0.3872  9.310  9.477  9.724  9.758  9.704  9.786  9.926  9.880 10.004 10.188 10.303 10.480 10.444
    6.295432 1.0000000  4.7028 -0.3987  9.341  9.507  9.751  9.785  9.731  9.812  9.950  9.903 10.027 10.210 10.323 10.499 10.465
    6.304413 1.0000000  4.7000 -0.4101  9.371  9.536  9.779  9.810  9.757  9.838  9.975  9.926 10.050 10.232 10.343 10.518 10.485
    6.313726 1.0000000  4.6972 -0.4217  9.402  9.565  9.807  9.836  9.783  9.864  9.999  9.950 10.073 10.254 10.363 10.537 10.505
    6.323175 1.0000000  4.6944 -0.4332  9.432  9.594  9.834  9.862  9.810  9.889 10.024  9.973 10.096 10.275 10.383 10.556 10.526
    6.332803 1.0000000  4.6917 -0.4447  9.462  9.622  9.861  9.887  9.835  9.915 10.048  9.996 10.119 10.297 10.403 10.575 10.545
    6.342608 1.0000000  4.6889 -0.4562  9.491  9.651  9.888  9.913  9.861  9.940 10.072 10.018 10.141 10.318 10.423 10.593 10.565
    6.352638 1.0000000  4.6862 -0.4675  9.520  9.678  9.914  9.937  9.886  9.964 10.095 10.040 10.163 10.339 10.442 10.612 10.585
    6.362989 1.0000000  4.6834 -0.4790  9.549  9.706  9.940  9.962  9.912  9.989 10.118 10.063 10.186 10.359 10.461 10.630 10.604
    6.373557 1.0000000  4.6806 -0.4904  9.578  9.734  9.966  9.986  9.936 10.013 10.141 10.085 10.207 10.380 10.480 10.648 10.623
    6.384372 1.0000000  4.6779 -0.5018  9.606  9.761  9.992 10.011  9.961 10.038 10.164 10.106 10.229 10.400 10.499 10.666 10.642
    6.395534 1.0000000  4.6751 -0.5131  9.634  9.788 10.018 10.034  9.985 10.061 10.187 10.128 10.250 10.420 10.517 10.683 10.661
    6.407021 1.0000000  4.6724 -0.5245  9.662  9.815 10.043 10.058 10.010 10.085 10.209 10.149 10.271 10.440 10.536 10.701 10.679
    6.418787 1.0000000  4.6696 -0.5358  9.690  9.841 10.068 10.082 10.034 10.108 10.232 10.170 10.292 10.460 10.554 10.718 10.698
    6.430997 1.0000000  4.6669 -0.5471  9.717  9.867 10.093 10.105 10.057 10.131 10.254 10.191 10.313 10.480 10.572 10.735 10.716
    6.443560 1.0000000  4.6642 -0.5584  9.744  9.893 10.117 10.128 10.081 10.154 10.275 10.212 10.334 10.499 10.590 10.752 10.734
    6.456534 1.0000000  4.6615 -0.5696  9.771  9.918 10.141 10.150 10.104 10.177 10.297 10.232 10.354 10.518 10.608 10.769 10.752
    6.469996 1.0000000  4.6588 -0.5809  9.797  9.944 10.165 10.173 10.127 10.199 10.318 10.252 10.374 10.537 10.625 10.786 10.770
    6.483926 1.0000000  4.6560 -0.5921  9.823  9.969 10.189 10.195 10.150 10.222 10.339 10.272 10.394 10.556 10.643 10.802 10.787
    6.498388 1.0000000  4.6533 -0.6032  9.849  9.993 10.212 10.217 10.172 10.243 10.360 10.292 10.413 10.574 10.660 10.818 10.804
    6.513392 1.0000000  4.6507 -0.6144  9.874 10.018 10.236 10.239 10.194 10.265 10.381 10.312 10.433 10.593 10.677 10.835 10.821
    6.528974 1.0000000  4.6480 -0.6255  9.900 10.042 10.259 10.261 10.216 10.287 10.401 10.331 10.452 10.611 10.693 10.851 10.838
    6.545199 1.0000000  4.6453 -0.6366  9.925 10.066 10.281 10.282 10.238 10.308 10.421 10.350 10.471 10.629 10.710 10.866 10.855
    6.562107 1.0000000  4.6426 -0.6477  9.949 10.090 10.304 10.303 10.260 10.329 10.441 10.369 10.490 10.647 10.727 10.882 10.872
    6.579676 1.0000000  4.6400 -0.6587  9.974 10.113 10.326 10.324 10.281 10.350 10.461 10.388 10.509 10.664 10.743 10.897 10.888
    6.598017 1.0000000  4.6373 -0.6698  9.998 10.137 10.348 10.345 10.302 10.370 10.480 10.407 10.527 10.682 10.759 10.913 10.904
    6.617126 1.0000000  4.6347 -0.6808 10.022 10.160 10.370 10.365 10.323 10.391 10.500 10.425 10.546 10.699 10.775 10.928 10.920
    6.637062 1.0000000  4.6320 -0.6917 10.046 10.182 10.391 10.385 10.343 10.411 10.519 10.443 10.564 10.716 10.791 10.943 10.936
    6.657877 1.0000000  4.6294 -0.7027 10.069 10.205 10.412 10.405 10.364 10.431 10.538 10.461 10.582 10.733 10.806 10.958 10.952
    6.679580 1.0000000  4.6268 -0.7136 10.092 10.227 10.433 10.425 10.384 10.450 10.556 10.479 10.599 10.749 10.822 10.973 10.967
    6.702178 1.0000000  4.6241 -0.7246 10.115 10.249 10.454 10.444 10.404 10.470 10.575 10.497 10.617 10.766 10.837 10.987 10.983
    6.725696 1.0000000  4.6215 -0.7355 10.138 10.271 10.475 10.464 10.424 10.489 10.593 10.514 10.634 10.782 10.853 11.002 10.998
    6.750142 1.0000000  4.6189 -0.7464 10.160 10.292 10.495 10.483 10.443 10.508 10.612 10.531 10.651 10.798 10.868 11.016 11.013
    6.775499 1.0000000  4.6163 -0.7574 10.183 10.314 10.516 10.502 10.463 10.527 10.630 10.549 10.669 10.815 10.883 11.031 11.028
    6.801688 1.0000000  4.6136 -0.7684 10.205 10.335 10.536 10.521 10.482 10.546 10.648 10.566 10.686 10.831 10.898 11.045 11.044
    6.828649 1.0000000  4.6110 -0.7793 10.227 10.356 10.556 10.540 10.501 10.565 10.665 10.583 10.702 10.847 10.912 11.059 11.058
    6.856372 1.0000000  4.6084 -0.7903 10.249 10.377 10.576 10.558 10.520 10.583 10.683 10.599 10.719 10.862 10.927 11.073 11.073
    6.884814 1.0000000  4.6057 -0.8013 10.270 10.398 10.595 10.577 10.539 10.602 10.700 10.616 10.735 10.878 10.941 11.086 11.087
    6.913807 1.0000000  4.6031 -0.8123 10.292 10.418 10.615 10.595 10.558 10.620 10.718 10.632 10.752 10.893 10.956 11.100 11.102
    6.943281 1.0000000  4.6004 -0.8234 10.313 10.439 10.634 10.613 10.576 10.638 10.735 10.649 10.768 10.909 10.970 11.114 11.116
    6.973155 1.0000000  4.5978 -0.8345 10.334 10.459 10.654 10.631 10.595 10.656 10.752 10.665 10.784 10.924 10.984 11.127 11.130
    7.003294 1.0000000  4.5951 -0.8456 10.355 10.479 10.673 10.649 10.613 10.674 10.769 10.681 10.800 10.939 10.998 11.141 11.144
    7.033597 1.0000000  4.5924 -0.8568 10.376 10.499 10.692 10.667 10.631 10.692 10.786 10.697 10.816 10.954 11.012 11.154 11.158
    7.063944 1.0000000  4.5897 -0.8681 10.397 10.519 10.711 10.685 10.649 10.709 10.803 10.713 10.832 10.969 11.027 11.167 11.172
    7.094124 1.0000000  4.5870 -0.8793 10.417 10.539 10.729 10.702 10.667 10.727 10.819 10.729 10.848 10.984 11.040 11.180 11.186
    7.124115 1.0000000  4.5842 -0.8907 10.438 10.558 10.748 10.720 10.685 10.744 10.836 10.745 10.863 10.999 11.054 11.194 11.200
    7.153728 1.0000000  4.5815 -0.9021 10.458 10.578 10.766 10.737 10.703 10.761 10.852 10.760 10.879 11.013 11.068 11.207 11.213
    7.182854 1.0000000  4.5787 -0.9135 10.478 10.597 10.784 10.754 10.720 10.778 10.868 10.776 10.894 11.027 11.081 11.219 11.227
    7.211447 1.0000000  4.5759 -0.9250 10.498 10.616 10.803 10.771 10.738 10.795 10.884 10.791 10.909 11.042 11.095 11.232 11.240
    7.239482 1.0000000  4.5732 -0.9365 10.518 10.635 10.820 10.788 10.755 10.812 10.900 10.806 10.924 11.056 11.108 11.245 11.254
    7.266862 1.0000000  4.5704 -0.9481 10.537 10.654 10.838 10.805 10.772 10.829 10.916 10.821 10.939 11.070 11.121 11.258 11.267
    7.293561 1.0000000  4.5675 -0.9597 10.557 10.673 10.856 10.821 10.789 10.845 10.932 10.836 10.954 11.084 11.134 11.270 11.280
    7.319539 1.0000000  4.5647 -0.9713 10.576 10.691 10.873 10.837 10.806 10.861 10.947 10.851 10.969 11.098 11.147 11.282 11.293
    7.344812 1.0000000  4.5619 -0.9830 10.595 10.709 10.891 10.854 10.822 10.878 10.963 10.866 10.983 11.112 11.160 11.295 11.305
    7.369370 1.0000000  4.5591 -0.9947 10.614 10.727 10.908 10.870 10.839 10.894 10.978 10.880 10.998 11.125 11.173 11.307 11.318
    7.393226 1.0000000  4.5562 -1.0064 10.632 10.745 10.925 10.886 10.855 10.909 10.993 10.895 11.012 11.139 11.185 11.319 11.331
    7.416389 1.0000000  4.5534 -1.0181 10.651 10.763 10.942 10.901 10.871 10.925 11.008 10.909 11.026 11.152 11.198 11.330 11.343
    7.438871 1.0000000  4.5505 -1.0299 10.669 10.780 10.958 10.917 10.887 10.941 11.023 10.923 11.040 11.165 11.210 11.342 11.355
    7.460670 1.0000000  4.5477 -1.0416 10.687 10.797 10.974 10.932 10.902 10.956 11.037 10.936 11.054 11.178 11.222 11.354 11.367
    7.481860 1.0000000  4.5448 -1.0534 10.705 10.814 10.991 10.947 10.918 10.971 11.051 10.950 11.067 11.191 11.234 11.365 11.379
    7.502450 1.0000000  4.5419 -1.0653 10.722 10.831 11.007 10.962 10.933 10.986 11.065 10.964 11.081 11.203 11.246 11.376 11.391
    7.522368 1.0000000  4.5390 -1.0771 10.739 10.848 11.022 10.977 10.948 11.000 11.079 10.977 11.094 11.216 11.258 11.387 11.402
    7.541662 1.0000000  4.5362 -1.0889 10.756 10.864 11.038 10.991 10.963 11.015 11.093 10.990 11.107 11.228 11.269 11.398 11.414
    7.560455 1.0000000  4.5333 -1.1007 10.773 10.880 11.053 11.005 10.978 11.029 11.106 11.002 11.119 11.240 11.280 11.409 11.425
    7.578732 1.0000000  4.5304 -1.1126 10.789 10.896 11.068 11.019 10.992 11.043 11.120 11.015 11.132 11.252 11.292 11.420 11.436
    7.596501 1.0000000  4.5275 -1.1244 10.806 10.911 11.083 11.033 11.006 11.056 11.133 11.028 11.144 11.263 11.302 11.430 11.447
    7.613813 1.0000000  4.5246 -1.1363 10.822 10.927 11.097 11.047 11.020 11.070 11.146 11.040 11.157 11.275 11.313 11.441 11.457
    7.630687 1.0000000  4.5217 -1.1481 10.837 10.942 11.111 11.060 11.034 11.083 11.158 11.052 11.169 11.286 11.324 11.451 11.468
    7.647142 1.0000000  4.5188 -1.1599 10.853 10.957 11.125 11.073 11.047 11.096 11.170 11.064 11.180 11.297 11.334 11.461 11.478
    7.663211 1.0000000  4.5159 -1.1718 10.868 10.971 11.139 11.086 11.061 11.109 11.183 11.076 11.192 11.308 11.345 11.470 11.488
    7.678909 1.0000000  4.5130 -1.1836 10.883 10.985 11.153 11.099 11.073 11.122 11.195 11.087 11.203 11.319 11.355 11.480 11.498
    7.694259 1.0000000  4.5102 -1.1955 10.897 11.000 11.166 11.111 11.086 11.134 11.207 11.098 11.215 11.329 11.365 11.490 11.508
    7.709287 1.0000000  4.5073 -1.2073 10.912 11.013 11.179 11.123 11.099 11.146 11.218 11.109 11.225 11.339 11.375 11.499 11.518
    7.724024 1.0000000  4.5044 -1.2191 10.926 11.027 11.192 11.135 11.111 11.158 11.229 11.120 11.236 11.350 11.384 11.508 11.527
    7.738489 1.0000000  4.5015 -1.2310 10.940 11.040 11.205 11.147 11.123 11.170 11.241 11.131 11.247 11.360 11.394 11.517 11.537
    7.752690 1.0000000  4.4986 -1.2428 10.953 11.053 11.217 11.159 11.135 11.182 11.252 11.141 11.257 11.369 11.403 11.526 11.546
    7.766669 1.0000000  4.4957 -1.2546 10.967 11.066 11.229 11.170 11.147 11.193 11.262 11.152 11.268 11.379 11.412 11.535 11.554
    7.780409 1.0000000  4.4928 -1.2665 10.980 11.079 11.242 11.181 11.158 11.204 11.273 11.162 11.278 11.388 11.421 11.543 11.563
    7.793881 1.0000000  4.4899 -1.2783 10.993 11.091 11.253 11.192 11.169 11.215 11.283 11.171 11.287 11.398 11.430 11.552 11.572
    7.807171 1.0000000  4.4870 -1.2901 11.005 11.103 11.264 11.203 11.180 11.225 11.293 11.181 11.297 11.406 11.439 11.560 11.580
    7.820274 1.0000000  4.4841 -1.3019 11.017 11.114 11.276 11.213 11.191 11.236 11.303 11.190 11.306 11.415 11.447 11.568 11.588
    7.833198 1.0000000  4.4812 -1.3137 11.029 11.126 11.287 11.223 11.201 11.246 11.312 11.200 11.315 11.424 11.455 11.576 11.596
    7.845948 1.0000000  4.4783 -1.3255 11.041 11.137 11.297 11.233 11.212 11.256 11.322 11.209 11.324 11.432 11.463 11.583 11.604
    7.858534 1.0000000  4.4754 -1.3373 11.052 11.148 11.308 11.243 11.222 11.265 11.331 11.217 11.333 11.440 11.471 11.591 11.612
    7.870959 1.0000000  4.4725 -1.3492 11.064 11.159 11.318 11.253 11.232 11.275 11.340 11.226 11.342 11.449 11.479 11.598 11.620
    7.883232 1.0000000  4.4696 -1.3610 11.075 11.169 11.328 11.262 11.241 11.284 11.349 11.235 11.350 11.457 11.487 11.606 11.627
    7.895356 1.0000000  4.4667 -1.3728 11.085 11.180 11.338 11.271 11.251 11.293 11.358 11.243 11.359 11.464 11.494 11.613 11.634
    7.907346 1.0000000  4.4638 -1.3846 11.096 11.190 11.347 11.280 11.260 11.302 11.366 11.251 11.367 11.472 11.501 11.620 11.641
    7.919196 1.0000000  4.4609 -1.3964 11.106 11.199 11.357 11.288 11.269 11.311 11.374 11.259 11.374 11.479 11.509 11.626 11.648
    7.930921 1.0000000  4.4580 -1.4082 11.116 11.209 11.366 11.297 11.277 11.319 11.382 11.267 11.382 11.486 11.515 11.633 11.654
    7.942525 1.0000000  4.4551 -1.4200 11.125 11.218 11.375 11.305 11.286 11.327 11.390 11.274 11.389 11.493 11.522 11.639 11.661
    7.954013 1.0000000  4.4522 -1.4319 11.135 11.227 11.384 11.313 11.294 11.336 11.397 11.281 11.397 11.500 11.529 11.646 11.668
    7.965394 1.0000000  4.4493 -1.4437 11.144 11.236 11.392 11.321 11.302 11.343 11.405 11.289 11.404 11.507 11.536 11.652 11.674
    7.976658 1.0000000  4.4464 -1.4555 11.153 11.245 11.400 11.328 11.310 11.351 11.412 11.295 11.411 11.513 11.542 11.658 11.680
    7.987821 1.0000000  4.4435 -1.4673 11.162 11.253 11.408 11.336 11.318 11.358 11.419 11.302 11.418 11.519 11.548 11.664 11.685
    7.998881 1.0000000  4.4405 -1.4791 11.170 11.261 11.416 11.343 11.325 11.365 11.425 11.309 11.424 11.525 11.554 11.669 11.691
    8.009825 1.0000000  4.4376 -1.4909 11.178 11.268 11.423 11.350 11.332 11.372 11.432 11.315 11.430 11.531 11.560 11.675 11.696
    8.020678 1.0000000  4.4348 -1.5027 11.186 11.276 11.430 11.356 11.339 11.379 11.438 11.321 11.436 11.537 11.565 11.680 11.702
    8.031481 1.0000000  4.4318 -1.5145 11.194 11.283 11.437 11.363 11.346 11.385 11.444 11.327 11.442 11.542 11.571 11.685 11.707
    8.042192 1.0000000  4.4290 -1.5263 11.201 11.290 11.444 11.369 11.352 11.391 11.450 11.333 11.448 11.547 11.576 11.691 11.712
    8.052819 1.0000000  4.4261 -1.5381 11.208 11.297 11.451 11.375 11.358 11.397 11.456 11.338 11.454 11.553 11.581 11.695 11.717
    8.063368 1.0000000  4.4231 -1.5500 11.215 11.304 11.457 11.381 11.365 11.403 11.462 11.344 11.459 11.558 11.587 11.700 11.722
    8.073838 1.0000000  4.4202 -1.5618 11.222 11.310 11.463 11.387 11.370 11.409 11.467 11.349 11.464 11.562 11.591 11.705 11.726
    8.084232 1.0000000  4.4173 -1.5736 11.228 11.316 11.469 11.392 11.376 11.414 11.472 11.354 11.469 11.567 11.596 11.709 11.731
    8.094551 1.0000000  4.4144 -1.5854 11.234 11.322 11.475 11.397 11.381 11.420 11.477 11.359 11.474 11.572 11.601 11.714 11.735
    8.104799 1.0000000  4.4115 -1.5972 11.240 11.328 11.481 11.403 11.387 11.425 11.482 11.364 11.479 11.576 11.605 11.718 11.739
    8.114978 1.0000000  4.4086 -1.6090 11.246 11.334 11.486 11.408 11.392 11.430 11.487 11.368 11.484 11.581 11.609 11.722 11.743
    8.125091 1.0000000  4.4057 -1.6208 11.252 11.339 11.492 11.413 11.398 11.435 11.492 11.373 11.489 11.585 11.614 11.726 11.747
    8.135139 1.0000000  4.4028 -1.6326 11.258 11.345 11.497 11.418 11.403 11.440 11.496 11.378 11.493 11.589 11.618 11.730 11.751
    8.145126 1.0000000  4.3999 -1.6445 11.264 11.351 11.503 11.423 11.408 11.445 11.501 11.382 11.498 11.594 11.622 11.735 11.756
    8.155052 1.0000000  4.3970 -1.6563 11.270 11.356 11.508 11.427 11.413 11.450 11.506 11.387 11.503 11.598 11.626 11.738 11.760
    8.164916 1.0000000  4.3941 -1.6681 11.275 11.361 11.513 11.432 11.418 11.455 11.510 11.391 11.507 11.602 11.630 11.742 11.763
    8.174719 1.0000000  4.3913 -1.6799 11.281 11.366 11.518 11.436 11.422 11.459 11.514 11.395 11.511 11.605 11.634 11.746 11.767
    8.184455 1.0000000  4.3884 -1.6917 11.286 11.371 11.522 11.441 11.427 11.464 11.518 11.399 11.516 11.609 11.638 11.749 11.771
    8.194133 1.0000000  4.3855 -1.7035 11.291 11.375 11.527 11.445 11.431 11.468 11.522 11.403 11.520 11.613 11.641 11.753 11.774
    8.203757 1.0000000  4.3826 -1.7153 11.295 11.380 11.531 11.449 11.435 11.472 11.526 11.407 11.523 11.616 11.644 11.756 11.777
    8.213354 1.0000000  4.3797 -1.7271 11.300 11.385 11.536 11.453 11.440 11.476 11.531 11.411 11.528 11.620 11.648 11.760 11.781
    8.222912 1.0000000  4.3768 -1.7390 11.308 11.392 11.543 11.460 11.447 11.483 11.537 11.417 11.534 11.626 11.654 11.765 11.786
    8.232415 1.0000000  4.3739 -1.7508 11.315 11.399 11.550 11.466 11.453 11.489 11.543 11.423 11.539 11.631 11.659 11.770 11.792
    8.241876 1.0000000  4.3710 -1.7626 11.323 11.406 11.557 11.472 11.460 11.496 11.549 11.429 11.545 11.637 11.665 11.775 11.797
    8.251293 1.0000000  4.3681 -1.7744 11.331 11.414 11.564 11.480 11.467 11.503 11.556 11.436 11.552 11.643 11.671 11.781 11.803
    8.260669 1.0000000  4.3652 -1.7862 11.339 11.422 11.572 11.487 11.475 11.510 11.563 11.442 11.559 11.649 11.677 11.787 11.809
    8.270009 1.0000000  4.3624 -1.7980 11.348 11.430 11.579 11.494 11.482 11.517 11.570 11.449 11.565 11.656 11.683 11.793 11.815
    8.279313 1.0000000  4.3594 -1.8098 11.356 11.438 11.587 11.502 11.490 11.525 11.577 11.456 11.572 11.662 11.690 11.799 11.821
    8.288583 1.0000000  4.3565 -1.8216 11.365 11.447 11.595 11.510 11.498 11.532 11.584 11.463 11.579 11.669 11.696 11.806 11.827
    8.297824 1.0000000  4.3535 -1.8334 11.374 11.455 11.603 11.517 11.506 11.540 11.591 11.470 11.586 11.675 11.702 11.811 11.833
    8.307035 1.0000000  4.3506 -1.8452 11.383 11.464 11.612 11.525 11.514 11.548 11.599 11.477 11.593 11.682 11.709 11.818 11.839
    8.316218 1.0000000  4.3478 -1.8570 11.394 11.474 11.621 11.535 11.523 11.557 11.608 11.486 11.601 11.690 11.717 11.826 11.847
    8.325375 1.0000000  4.3450 -1.8688 11.404 11.484 11.631 11.544 11.533 11.566 11.616 11.494 11.609 11.698 11.725 11.833 11.854
    8.334505 1.0000000  4.3420 -1.8806 11.414 11.493 11.639 11.552 11.541 11.574 11.624 11.502 11.617 11.705 11.732 11.840 11.861
    8.343610 1.0000000  4.3390 -1.8924 11.424 11.503 11.648 11.561 11.550 11.583 11.632 11.509 11.624 11.713 11.740 11.847 11.868
    8.352688 1.0000000  4.3362 -1.9042 11.436 11.515 11.659 11.572 11.561 11.594 11.643 11.519 11.634 11.723 11.749 11.856 11.877
    8.361742 1.0000000  4.3333 -1.9160 11.447 11.525 11.669 11.582 11.571 11.603 11.652 11.528 11.643 11.731 11.757 11.864 11.885
    8.370772 1.0000000  4.3303 -1.9278 11.457 11.535 11.679 11.591 11.581 11.613 11.661 11.536 11.651 11.739 11.765 11.872 11.892
    8.379786 1.0000000  4.3275 -1.9396 11.470 11.548 11.690 11.603 11.593 11.624 11.672 11.547 11.661 11.749 11.775 11.882 11.902
    8.388786 1.0000000  4.3244 -1.9514 11.481 11.558 11.700 11.613 11.603 11.634 11.681 11.555 11.670 11.757 11.784 11.889 11.910
    8.397764 1.0000000  4.3217 -1.9632 11.495 11.571 11.712 11.625 11.615 11.646 11.692 11.566 11.680 11.768 11.794 11.900 11.921
    8.406719 1.0000000  4.3186 -1.9750 11.506 11.582 11.722 11.635 11.626 11.656 11.702 11.575 11.689 11.777 11.803 11.908 11.929
    8.415636 1.0000000  4.3159 -1.9868 11.520 11.596 11.735 11.648 11.638 11.668 11.714 11.586 11.700 11.788 11.814 11.919 11.939
    8.424542 1.0000000  4.3129 -1.9986 11.533 11.608 11.747 11.660 11.650 11.680 11.724 11.596 11.710 11.798 11.824 11.928 11.949
    8.433429 1.0000000  4.3100 -2.0104 11.546 11.621 11.758 11.672 11.663 11.692 11.736 11.607 11.721 11.808 11.834 11.938 11.959
    8.442305 1.0000000  4.3072 -2.0222 11.561 11.635 11.772 11.685 11.676 11.705 11.748 11.619 11.732 11.820 11.845 11.949 11.970
    8.451178 1.0000000  4.3040 -2.0340 11.573 11.648 11.783 11.697 11.688 11.716 11.758 11.628 11.742 11.830 11.855 11.958 11.979
    8.460014 1.0000000  4.3012 -2.0458 11.588 11.662 11.796 11.710 11.701 11.729 11.771 11.640 11.754 11.842 11.867 11.970 11.990
    8.468856 1.0000000  4.2984 -2.0576 11.602 11.676 11.809 11.724 11.715 11.742 11.784 11.652 11.765 11.853 11.878 11.981 12.002
    8.477687 1.0000000  4.2955 -2.0694 11.616 11.689 11.821 11.737 11.728 11.755 11.795 11.663 11.776 11.864 11.889 11.991 12.012
    8.486504 1.0000000  4.2924 -2.0812 11.629 11.702 11.832 11.748 11.739 11.766 11.806 11.673 11.786 11.874 11.899 12.001 12.021
    8.495295 1.0000000  4.2895 -2.0930 11.643 11.715 11.844 11.761 11.752 11.779 11.818 11.684 11.797 11.885 11.910 12.011 12.032
    8.504086 1.0000000  4.2867 -2.1048 11.658 11.730 11.858 11.776 11.767 11.792 11.831 11.697 11.809 11.898 11.922 12.023 12.044
    8.512863 1.0000000  4.2838 -2.1166 11.672 11.744 11.870 11.789 11.780 11.805 11.844 11.709 11.820 11.910 11.934 12.035 12.055
    8.521629 1.0000000  4.2809 -2.1284 11.687 11.758 11.883 11.803 11.794 11.819 11.856 11.721 11.832 11.922 11.946 12.046 12.067
    8.530384 1.0000000  4.2780 -2.1402 11.701 11.773 11.896 11.817 11.808 11.832 11.869 11.733 11.844 11.934 11.958 12.058 12.078
    8.539128 1.0000000  4.2751 -2.1520 11.716 11.788 11.909 11.831 11.822 11.846 11.882 11.745 11.855 11.946 11.970 12.070 12.090
    8.547854 1.0000000  4.2721 -2.1639 11.731 11.802 11.922 11.845 11.836 11.859 11.895 11.757 11.867 11.958 11.982 12.081 12.102
    8.556548 1.0000000  4.2691 -2.1756 11.745 11.816 11.934 11.859 11.850 11.872 11.907 11.768 11.878 11.969 11.993 12.092 12.112
    8.565250 1.0000000  4.2661 -2.1874 11.760 11.831 11.947 11.873 11.864 11.886 11.920 11.780 11.890 11.982 12.006 12.104 12.124
    8.573969 1.0000000  4.2635 -2.1992 11.776 11.847 11.962 11.889 11.880 11.902 11.935 11.794 11.904 11.996 12.020 12.118 12.138
    8.582645 1.0000000  4.2606 -2.2111 11.792 11.863 11.976 11.904 11.895 11.916 11.949 11.808 11.917 12.009 12.033 12.131 12.151
    8.591286 1.0000000  4.2576 -2.2228 11.807 11.878 11.989 11.919 11.910 11.930 11.962 11.820 11.928 12.021 12.045 12.143 12.162
    8.599953 1.0000000  4.2546 -2.2347 11.822 11.893 12.003 11.934 11.925 11.945 11.975 11.833 11.941 12.034 12.058 12.155 12.175
    8.608577 1.0000000  4.2517 -2.2465 11.838 11.908 12.016 11.949 11.940 11.959 11.989 11.846 11.953 12.047 12.071 12.167 12.187
    8.617216 1.0000000  4.2494 -2.2583 11.857 11.927 12.033 11.967 11.958 11.977 12.006 11.862 11.970 12.064 12.087 12.184 12.203
    8.625846 1.0000000  4.2458 -2.2700 11.869 11.939 12.043 11.979 11.969 11.988 12.016 11.871 11.979 12.073 12.096 12.192 12.211
    8.634518 1.0000000  4.2428 -2.2818 11.884 11.954 12.056 11.994 11.984 12.002 12.030 11.884 11.991 12.085 12.109 12.204 12.223
    8.643171 1.0000000  4.2399 -2.2936 11.900 11.970 12.070 12.009 11.999 12.016 12.044 11.897 12.004 12.098 12.122 12.217 12.236
    8.651821 1.0000000  4.2370 -2.3054 11.916 11.986 12.084 12.024 12.014 12.031 12.058 11.910 12.017 12.111 12.135 12.229 12.249
    8.660484 1.0000000  4.2341 -2.3172 11.932 12.002 12.098 12.040 12.030 12.046 12.072 11.923 12.030 12.125 12.148 12.242 12.261
    8.669170 1.0000000  4.2312 -2.3290 11.949 12.018 12.112 12.056 12.045 12.061 12.087 11.937 12.043 12.138 12.161 12.255 12.274
    8.677848 1.0000000  4.2282 -2.3408 11.965 12.034 12.126 12.071 12.061 12.076 12.101 11.950 12.057 12.151 12.174 12.268 12.287
    8.686542 1.0000000  4.2253 -2.3525 11.981 12.049 12.140 12.086 12.076 12.091 12.115 11.963 12.069 12.164 12.187 12.280 12.299
    8.695262 1.0000000  4.2224 -2.3643 11.997 12.065 12.154 12.102 12.091 12.106 12.129 11.976 12.083 12.177 12.200 12.292 12.311
    8.703974 1.0000000  4.2195 -2.3761 12.013 12.081 12.168 12.117 12.107 12.121 12.143 11.990 12.096 12.190 12.213 12.305 12.324
    8.712731 1.0000000  4.2167 -2.3879 12.030 12.098 12.183 12.133 12.122 12.136 12.158 12.003 12.109 12.204 12.226 12.318 12.336
    8.721475 1.0000000  4.2138 -2.3996 12.046 12.113 12.197 12.148 12.137 12.150 12.172 12.016 12.122 12.217 12.239 12.330 12.349
    8.730249 1.0000000  4.2109 -2.4114 12.063 12.129 12.211 12.163 12.153 12.165 12.186 12.030 12.135 12.229 12.251 12.342 12.361
    8.739035 1.0000000  4.2079 -2.4232 12.079 12.145 12.225 12.178 12.168 12.179 12.199 12.043 12.148 12.242 12.264 12.354 12.372
    8.747821 1.0000000  4.2050 -2.4350 12.095 12.161 12.240 12.194 12.183 12.194 12.213 12.056 12.161 12.255 12.277 12.366 12.385
    8.756629 1.0000000  4.2020 -2.4468 12.112 12.177 12.254 12.209 12.198 12.209 12.227 12.069 12.174 12.267 12.289 12.378 12.397
    8.765408 1.0000000  4.1991 -2.4584 12.128 12.193 12.268 12.224 12.214 12.224 12.241 12.083 12.187 12.280 12.302 12.390 12.409
    8.774321 1.0000000  4.1963 -2.4702 12.145 12.210 12.283 12.240 12.230 12.239 12.255 12.096 12.201 12.294 12.315 12.402 12.421
    8.783240 1.0000000  4.1932 -2.4822 12.161 12.226 12.297 12.255 12.245 12.253 12.269 12.110 12.214 12.306 12.327 12.414 12.433
    8.792059 1.0000000  4.1903 -2.4939 12.178 12.242 12.312 12.270 12.260 12.268 12.283 12.123 12.227 12.319 12.340 12.426 12.445
    8.800940 1.0000000  4.1875 -2.5055 12.195 12.258 12.326 12.285 12.276 12.283 12.297 12.137 12.240 12.332 12.352 12.438 12.457
    8.809884 1.0000000  4.1845 -2.5175 12.212 12.275 12.341 12.301 12.291 12.298 12.311 12.150 12.253 12.344 12.365 12.450 12.469
    8.818759 1.0000000  4.1816 -2.5291 12.228 12.291 12.355 12.316 12.307 12.312 12.325 12.164 12.266 12.357 12.377 12.461 12.480
    8.827708 1.0000000  4.1787 -2.5410 12.245 12.307 12.370 12.331 12.323 12.327 12.339 12.177 12.280 12.370 12.390 12.473 12.492
    8.836603 1.0000000  4.1758 -2.5528 12.262 12.324 12.385 12.346 12.338 12.342 12.353 12.191 12.293 12.382 12.402 12.485 12.504
    8.845478 1.0000000  4.1728 -2.5646 12.279 12.340 12.399 12.361 12.353 12.357 12.367 12.204 12.306 12.395 12.415 12.497 12.516
    8.854351 1.0000000  4.1699 -2.5765 12.296 12.357 12.414 12.377 12.369 12.371 12.381 12.218 12.319 12.407 12.427 12.508 12.527
    8.863200 1.0000000  4.1670 -2.5883 12.313 12.373 12.428 12.392 12.384 12.386 12.395 12.231 12.332 12.420 12.439 12.520 12.539
    8.872030 1.0000000  4.1641 -2.6001 12.330 12.389 12.443 12.407 12.399 12.400 12.408 12.244 12.345 12.432 12.451 12.531 12.550
    8.880856 1.0000000  4.1611 -2.6119 12.347 12.405 12.458 12.422 12.414 12.415 12.422 12.257 12.358 12.444 12.463 12.542 12.561
    8.889676 1.0000000  4.1582 -2.6237 12.364 12.422 12.472 12.437 12.429 12.429 12.436 12.270 12.372 12.456 12.475 12.554 12.573
    8.898483 1.0000000  4.1553 -2.6356 12.381 12.438 12.487 12.452 12.444 12.444 12.450 12.284 12.385 12.469 12.487 12.565 12.584
    8.907258 1.0000000  4.1523 -2.6474 12.398 12.455 12.501 12.467 12.459 12.458 12.463 12.297 12.398 12.481 12.499 12.576 12.595
    8.915993 1.0000000  4.1494 -2.6593 12.416 12.471 12.516 12.482 12.474 12.473 12.477 12.310 12.411 12.493 12.511 12.587 12.606
    8.924681 1.0000000  4.1464 -2.6712 12.433 12.488 12.531 12.497 12.489 12.487 12.490 12.323 12.424 12.505 12.523 12.598 12.617
    8.933349 1.0000000  4.1435 -2.6829 12.450 12.504 12.546 12.511 12.504 12.502 12.504 12.337 12.437 12.517 12.535 12.609 12.628
    8.942084 1.0000000  4.1406 -2.6946 12.468 12.520 12.560 12.526 12.519 12.516 12.517 12.350 12.450 12.529 12.547 12.620 12.639
    8.950862 1.0000000  4.1377 -2.7064 12.485 12.537 12.575 12.541 12.535 12.531 12.531 12.363 12.464 12.541 12.559 12.632 12.651
    8.959640 1.0000000  4.1348 -2.7182 12.503 12.554 12.590 12.556 12.550 12.545 12.545 12.376 12.477 12.553 12.571 12.643 12.662
    8.968412 1.0000000  4.1319 -2.7300 12.521 12.571 12.605 12.571 12.566 12.560 12.559 12.390 12.490 12.566 12.583 12.654 12.673
    8.977211 1.0000000  4.1289 -2.7417 12.538 12.588 12.620 12.586 12.581 12.575 12.572 12.403 12.503 12.578 12.595 12.665 12.684
    8.986009 1.0000000  4.1260 -2.7537 12.556 12.605 12.636 12.602 12.597 12.590 12.586 12.416 12.517 12.590 12.607 12.676 12.695
    8.994707 1.0000000  4.1230 -2.7655 12.574 12.622 12.651 12.617 12.612 12.604 12.600 12.430 12.530 12.602 12.619 12.687 12.706
    9.003401 1.0000000  4.1201 -2.7774 12.593 12.639 12.667 12.632 12.628 12.619 12.614 12.443 12.543 12.614 12.631 12.699 12.718
    9.012542 1.0000000  4.1172 -2.7891 12.611 12.656 12.682 12.647 12.644 12.634 12.627 12.456 12.557 12.626 12.643 12.710 12.729
    9.023039 1.0000000  4.1143 -2.8007 12.628 12.673 12.697 12.662 12.659 12.648 12.641 12.469 12.570 12.638 12.654 12.721 12.740
    9.033588 1.0000000  4.1114 -2.8122 12.646 12.689 12.712 12.676 12.675 12.663 12.654 12.483 12.583 12.650 12.666 12.732 12.751
    9.044617 1.0000000  4.1086 -2.8234 12.664 12.706 12.727 12.691 12.690 12.677 12.667 12.495 12.595 12.662 12.677 12.742 12.761
    9.054678 1.0000000  4.1059 -2.8345 12.681 12.722 12.742 12.705 12.704 12.691 12.680 12.508 12.608 12.673 12.689 12.753 12.772
    9.065579 1.0000000  4.1031 -2.8455 12.698 12.739 12.757 12.720 12.719 12.705 12.694 12.521 12.621 12.685 12.700 12.763 12.782
    9.075442 1.0000000  4.1005 -2.8562 12.715 12.754 12.771 12.734 12.734 12.719 12.706 12.533 12.633 12.696 12.711 12.773 12.792
    9.086273 1.0000000  4.0978 -2.8668 12.732 12.770 12.786 12.748 12.748 12.732 12.719 12.545 12.645 12.707 12.722 12.784 12.803
    9.096697 1.0000000  4.0953 -2.8772 12.749 12.786 12.800 12.761 12.762 12.746 12.732 12.557 12.657 12.718 12.733 12.794 12.813
    9.106423 1.0000000  4.0927 -2.8874 12.765 12.801 12.814 12.775 12.776 12.759 12.744 12.569 12.669 12.729 12.743 12.803 12.822
    9.116295 1.0000000  4.0902 -2.8975 12.782 12.817 12.828 12.788 12.790 12.772 12.756 12.581 12.681 12.740 12.754 12.813 12.832
    9.126640 1.0000000  4.0878 -2.9073 12.797 12.831 12.842 12.801 12.804 12.785 12.768 12.593 12.693 12.750 12.764 12.823 12.842
    9.136047 1.0000000  4.0853 -2.9173 12.814 12.847 12.856 12.815 12.817 12.798 12.780 12.605 12.705 12.761 12.775 12.833 12.852
    9.145210 1.0000000  4.0829 -2.9271 12.830 12.862 12.870 12.828 12.831 12.811 12.792 12.616 12.716 12.772 12.785 12.842 12.861
    9.154339 1.0000000  4.0804 -2.9368 12.845 12.876 12.883 12.841 12.844 12.823 12.804 12.627 12.727 12.782 12.795 12.851 12.870
    9.163825 1.0000000  4.0781 -2.9464 12.861 12.891 12.897 12.854 12.858 12.836 12.816 12.639 12.739 12.792 12.805 12.861 12.880
    9.172285 1.0000000  4.0757 -2.9558 12.877 12.906 12.910 12.866 12.871 12.849 12.828 12.650 12.750 12.802 12.815 12.870 12.889
    9.180903 1.0000000  4.0734 -2.9651 12.893 12.920 12.924 12.879 12.884 12.861 12.839 12.661 12.761 12.813 12.825 12.879 12.898
    9.189875 1.0000000  4.0712 -2.9742 12.908 12.935 12.937 12.892 12.897 12.874 12.851 12.673 12.772 12.823 12.835 12.888 12.907
    9.197862 1.0000000  4.0689 -2.9833 12.924 12.949 12.950 12.904 12.910 12.886 12.862 12.684 12.783 12.833 12.845 12.897 12.916
    9.206007 1.0000000  4.0667 -2.9923 12.939 12.964 12.964 12.917 12.923 12.898 12.873 12.695 12.794 12.843 12.854 12.906 12.926
    9.214498 1.0000000  4.0645 -3.0012 12.954 12.978 12.977 12.929 12.936 12.910 12.885 12.706 12.805 12.853 12.864 12.915 12.934
    9.222089 1.0000000  4.0623 -3.0101 12.970 12.992 12.990 12.942 12.949 12.922 12.896 12.717 12.816 12.863 12.874 12.924 12.944
    9.229660 1.0000000  4.0601 -3.0188 12.985 13.006 13.003 12.954 12.961 12.934 12.907 12.728 12.827 12.872 12.883 12.933 12.952
    9.237414 1.0000000  4.0580 -3.0274 12.999 13.020 13.016 12.966 12.974 12.946 12.918 12.738 12.838 12.882 12.893 12.942 12.961
    9.245119 1.0000000  4.0558 -3.0360 13.015 13.034 13.029 12.978 12.987 12.958 12.929 12.749 12.849 12.892 12.902 12.950 12.970
    9.252582 1.0000000  4.0537 -3.0444 13.029 13.048 13.042 12.990 12.999 12.970 12.940 12.760 12.859 12.901 12.911 12.959 12.979
    9.259626 1.0000000  4.0517 -3.0527 13.044 13.062 13.055 13.002 13.011 12.981 12.951 12.770 12.870 12.911 12.921 12.967 12.987
    9.266504 1.0000000  4.0496 -3.0609 13.058 13.075 13.067 13.013 13.023 12.993 12.961 12.780 12.880 12.920 12.930 12.976 12.995
    9.273447 1.0000000  4.0476 -3.0690 13.073 13.089 13.080 13.025 13.035 13.004 12.972 12.791 12.890 12.929 12.939 12.984 13.004
    9.280236 1.0000000  4.0456 -3.0771 13.087 13.102 13.092 13.037 13.047 13.016 12.983 12.801 12.900 12.938 12.948 12.992 13.012
    9.286420 1.0000000  4.0436 -3.0851 13.102 13.116 13.105 13.048 13.060 13.027 12.993 12.811 12.911 12.948 12.957 13.001 13.021
    9.293025 1.0000000  4.0417 -3.0929 13.116 13.129 13.117 13.059 13.071 13.038 13.003 12.821 12.920 12.957 12.965 13.009 13.029
    9.299021 1.0000000  4.0397 -3.1007 13.130 13.142 13.129 13.071 13.083 13.049 13.014 12.832 12.931 12.966 12.975 13.017 13.037
    9.305682 1.0000000  4.0378 -3.1085 13.144 13.156 13.142 13.083 13.095 13.061 13.024 12.842 12.941 12.975 12.984 13.026 13.046
    9.311863 1.0000000  4.0359 -3.1161 13.158 13.169 13.154 13.094 13.107 13.072 13.035 12.852 12.951 12.984 12.993 13.034 13.054
    9.317789 1.0000000  4.0340 -3.1237 13.173 13.182 13.166 13.105 13.119 13.084 13.045 12.862 12.961 12.994 13.002 13.042 13.062
    9.324669 1.0000000  4.0322 -3.1312 13.187 13.195 13.178 13.117 13.131 13.095 13.056 12.872 12.971 13.003 13.011 13.051 13.071
    9.330447 1.0000000  4.0303 -3.1386 13.201 13.208 13.191 13.128 13.143 13.106 13.066 12.882 12.981 13.012 13.020 13.059 13.079
    9.336143 1.0000000  4.0285 -3.1459 13.214 13.221 13.203 13.139 13.154 13.117 13.076 12.892 12.991 13.021 13.029 13.067 13.087
    9.341778 1.0000000  4.0267 -3.1531 13.228 13.234 13.215 13.150 13.166 13.128 13.087 12.902 13.001 13.030 13.037 13.075 13.095
    9.347336 1.0000000  4.0249 -3.1604 13.242 13.247 13.227 13.162 13.178 13.139 13.097 12.912 13.011 13.039 13.046 13.084 13.104
    9.352788 1.0000000  4.0232 -3.1675 13.256 13.260 13.239 13.173 13.189 13.150 13.107 12.922 13.021 13.048 13.055 13.092 13.112
    9.358145 1.0000000  4.0214 -3.1746 13.269 13.273 13.251 13.184 13.201 13.161 13.117 12.932 13.031 13.057 13.064 13.100 13.120
    9.363497 1.0000000  4.0197 -3.1817 13.283 13.286 13.263 13.195 13.212 13.172 13.128 12.942 13.041 13.066 13.073 13.108 13.128
    9.368910 1.0000000  4.0179 -3.1886 13.297 13.298 13.275 13.206 13.224 13.183 13.138 12.952 13.051 13.075 13.081 13.116 13.136
    9.374157 1.0000000  4.0162 -3.1955 13.310 13.311 13.286 13.217 13.235 13.194 13.148 12.961 13.060 13.084 13.090 13.124 13.144
    9.379227 1.0000000  4.0145 -3.2024 13.324 13.324 13.298 13.228 13.247 13.204 13.158 12.971 13.070 13.093 13.099 13.132 13.152
    9.384051 1.0000000  4.0128 -3.2092 13.337 13.336 13.310 13.239 13.258 13.215 13.168 12.981 13.080 13.102 13.108 13.140 13.160
    9.388966 1.0000000  4.0112 -3.2160 13.351 13.349 13.322 13.250 13.269 13.226 13.178 12.991 13.090 13.110 13.116 13.149 13.169
    9.394000 1.0000000  4.0095 -3.2227 13.364 13.361 13.334 13.261 13.281 13.237 13.188 13.000 13.099 13.119 13.125 13.156 13.177
    9.399059 1.0000000  4.0078 -3.2293 13.377 13.374 13.345 13.272 13.292 13.247 13.198 13.010 13.109 13.128 13.133 13.164 13.184
    9.404217 1.0000000  4.0062 -3.2359 13.391 13.386 13.357 13.283 13.303 13.258 13.208 13.019 13.118 13.137 13.142 13.172 13.192
    9.409340 1.0000000  4.0046 -3.2425 13.404 13.399 13.369 13.293 13.314 13.269 13.218 13.029 13.128 13.145 13.151 13.180 13.200
    9.414426 1.0000000  4.0030 -3.2490 13.417 13.411 13.380 13.304 13.325 13.279 13.228 13.038 13.137 13.154 13.159 13.188 13.208
    9.419472 1.0000000  4.0014 -3.2554 13.430 13.423 13.392 13.315 13.336 13.290 13.237 13.048 13.147 13.163 13.168 13.196 13.216
    9.424486 1.0000000  3.9998 -3.2618 13.443 13.435 13.403 13.325 13.347 13.300 13.247 13.057 13.156 13.171 13.176 13.204 13.224
    9.429037 1.0000000  3.9982 -3.2682 13.456 13.447 13.415 13.336 13.358 13.310 13.257 13.066 13.165 13.180 13.184 13.211 13.231
    9.432838 1.0000000  3.9966 -3.2746 13.469 13.460 13.426 13.346 13.369 13.321 13.266 13.076 13.175 13.188 13.192 13.219 13.239
    9.437760 1.0000000  3.9951 -3.2809 13.482 13.471 13.437 13.357 13.380 13.331 13.276 13.085 13.184 13.196 13.200 13.226 13.246
    9.442572 1.0000000  3.9935 -3.2871 13.495 13.483 13.448 13.367 13.390 13.341 13.285 13.094 13.193 13.204 13.208 13.233 13.254
    9.446795 1.0000000  3.9920 -3.2934 13.508 13.495 13.460 13.377 13.401 13.351 13.295 13.103 13.202 13.213 13.216 13.241 13.261
    9.450033 1.0000000  3.9904 -3.2996 13.521 13.507 13.471 13.387 13.412 13.361 13.304 13.112 13.211 13.221 13.224 13.248 13.268
    9.453522 1.0000000  3.9889 -3.3057 13.533 13.519 13.482 13.398 13.422 13.371 13.313 13.121 13.219 13.229 13.232 13.255 13.276
    9.457483 1.0000000  3.9874 -3.3118 13.546 13.530 13.493 13.408 13.433 13.381 13.323 13.130 13.228 13.237 13.240 13.262 13.283
    9.460896 1.0000000  3.9863 -3.3162 13.555 13.539 13.501 13.415 13.441 13.388 13.329 13.136 13.235 13.243 13.246 13.268 13.288
    9.464759 1.0000000  3.9858 -3.3186 13.560 13.544 13.505 13.419 13.445 13.392 13.333 13.140 13.239 13.246 13.249 13.271 13.291
    9.468087 1.0000000  3.9853 -3.3208 13.565 13.548 13.509 13.423 13.449 13.396 13.337 13.143 13.242 13.249 13.252 13.273 13.294
    9.472193 1.0000000  3.9848 -3.3229 13.569 13.552 13.513 13.427 13.453 13.400 13.340 13.146 13.245 13.252 13.255 13.276 13.297
    9.476125 1.0000000  3.9843 -3.3249 13.573 13.556 13.517 13.430 13.456 13.403 13.343 13.149 13.248 13.255 13.257 13.278 13.299
    9.479439 1.0000000  3.9838 -3.3269 13.577 13.560 13.521 13.433 13.460 13.406 13.346 13.152 13.251 13.257 13.260 13.281 13.301
    9.483844 1.0000000  3.9833 -3.3290 13.582 13.564 13.524 13.437 13.463 13.410 13.349 13.156 13.254 13.260 13.263 13.283 13.304
    9.488164 1.0000000  3.9828 -3.3311 13.586 13.568 13.528 13.441 13.467 13.413 13.353 13.159 13.257 13.263 13.266 13.286 13.307
    9.492095 1.0000000  3.9823 -3.3331 13.590 13.572 13.532 13.444 13.471 13.417 13.356 13.162 13.260 13.266 13.268 13.288 13.309
    9.495167 1.0000000  3.9818 -3.3352 13.595 13.576 13.536 13.447 13.474 13.420 13.359 13.165 13.263 13.268 13.271 13.291 13.312
    9.499064 1.0000000  3.9813 -3.3373 13.599 13.580 13.540 13.451 13.478 13.424 13.362 13.168 13.266 13.271 13.274 13.293 13.314
    9.502746 1.0000000  3.9807 -3.3394 13.604 13.584 13.544 13.455 13.482 13.427 13.366 13.171 13.269 13.274 13.276 13.296 13.317
    9.506377 1.0000000  3.9802 -3.3415 13.608 13.588 13.547 13.458 13.485 13.431 13.369 13.174 13.273 13.277 13.279 13.298 13.319
    9.509978 1.0000000  3.9797 -3.3437 13.613 13.593 13.552 13.462 13.489 13.434 13.372 13.178 13.276 13.280 13.282 13.301 13.322
    9.513521 1.0000000  3.9792 -3.3458 13.617 13.597 13.555 13.466 13.493 13.438 13.376 13.181 13.279 13.283 13.285 13.304 13.325
    9.517038 1.0000000  3.9787 -3.3479 13.622 13.601 13.559 13.469 13.497 13.441 13.379 13.184 13.282 13.286 13.288 13.306 13.327
    9.520502 1.0000000  3.9782 -3.3500 13.626 13.605 13.563 13.473 13.500 13.445 13.382 13.187 13.285 13.288 13.290 13.309 13.330
    9.524125 1.0000000  3.9776 -3.3522 13.631 13.609 13.567 13.476 13.504 13.448 13.386 13.190 13.289 13.292 13.293 13.311 13.332
    9.528186 1.0000000  3.9771 -3.3543 13.635 13.613 13.571 13.480 13.508 13.452 13.389 13.194 13.292 13.294 13.296 13.314 13.335
    9.531532 1.0000000  3.9766 -3.3564 13.640 13.617 13.575 13.484 13.512 13.456 13.392 13.197 13.295 13.297 13.299 13.316 13.337
    9.534828 1.0000000  3.9761 -3.3586 13.645 13.622 13.579 13.488 13.516 13.459 13.396 13.200 13.298 13.300 13.302 13.319 13.340
    9.538103 1.0000000  3.9756 -3.3607 13.649 13.626 13.583 13.491 13.520 13.463 13.399 13.203 13.301 13.303 13.305 13.322 13.343
    9.541163 1.0000000  3.9750 -3.3628 13.653 13.630 13.587 13.495 13.523 13.466 13.402 13.206 13.305 13.306 13.307 13.324 13.345
    9.543712 1.0000000  3.9745 -3.3650 13.658 13.635 13.591 13.499 13.527 13.470 13.406 13.210 13.308 13.309 13.311 13.327 13.348
    9.546881 1.0000000  3.9740 -3.3671 13.663 13.639 13.595 13.502 13.531 13.474 13.409 13.213 13.311 13.312 13.313 13.330 13.351
    9.550029 1.0000000  3.9735 -3.3693 13.667 13.643 13.599 13.506 13.535 13.477 13.413 13.216 13.315 13.315 13.316 13.332 13.353
    9.553137 1.0000000  3.9729 -3.3715 13.672 13.648 13.603 13.510 13.539 13.481 13.416 13.220 13.318 13.318 13.319 13.335 13.356
    9.556226 1.0000000  3.9724 -3.3737 13.677 13.652 13.608 13.514 13.543 13.485 13.420 13.223 13.321 13.321 13.322 13.338 13.359
    9.559273 1.0000000  3.9718 -3.3759 13.682 13.656 13.612 13.517 13.547 13.489 13.423 13.226 13.325 13.324 13.325 13.341 13.362
    9.562297 1.0000000  3.9713 -3.3781 13.686 13.661 13.616 13.521 13.551 13.492 13.427 13.230 13.328 13.327 13.328 13.343 13.364
    9.565280 1.0000000  3.9707 -3.3804 13.691 13.665 13.620 13.525 13.555 13.496 13.430 13.233 13.332 13.330 13.331 13.346 13.367
    9.568242 1.0000000  3.9702 -3.3826 13.696 13.670 13.624 13.529 13.559 13.500 13.434 13.237 13.335 13.333 13.334 13.349 13.370
    9.571203 1.0000000  3.9696 -3.3849 13.701 13.675 13.629 13.533 13.563 13.504 13.438 13.240 13.339 13.337 13.337 13.352 13.373
    9.574119 1.0000000  3.9691 -3.3872 13.706 13.679 13.633 13.537 13.568 13.508 13.441 13.244 13.342 13.340 13.340 13.355 13.376
    9.577012 1.0000000  3.9685 -3.3895 13.711 13.684 13.638 13.541 13.572 13.512 13.445 13.247 13.346 13.343 13.344 13.358 13.379
    9.579861 1.0000000  3.9680 -3.3917 13.716 13.688 13.642 13.545 13.576 13.516 13.449 13.251 13.349 13.346 13.347 13.360 13.381
    9.582684 1.0000000  3.9674 -3.3940 13.721 13.693 13.646 13.549 13.580 13.520 13.452 13.254 13.353 13.349 13.350 13.363 13.384
    9.585471 1.0000000  3.9668 -3.3963 13.726 13.698 13.650 13.553 13.584 13.524 13.456 13.258 13.356 13.353 13.353 13.366 13.387
    9.588117 1.0000000  3.9663 -3.3986 13.731 13.702 13.655 13.557 13.588 13.528 13.460 13.261 13.360 13.356 13.356 13.369 13.390
    9.590239 1.0000000  3.9657 -3.4009 13.736 13.707 13.659 13.561 13.593 13.532 13.463 13.265 13.363 13.359 13.359 13.372 13.393
    9.592950 1.0000000  3.9651 -3.4032 13.741 13.712 13.664 13.565 13.597 13.536 13.467 13.268 13.367 13.362 13.362 13.375 13.396
    9.595625 1.0000000  3.9646 -3.4056 13.746 13.717 13.668 13.570 13.601 13.540 13.471 13.272 13.371 13.366 13.366 13.378 13.399
    9.598279 1.0000000  3.9640 -3.4079 13.751 13.721 13.673 13.574 13.606 13.544 13.475 13.276 13.374 13.369 13.369 13.381 13.402
    9.600897 1.0000000  3.9634 -3.4103 13.756 13.726 13.677 13.578 13.610 13.548 13.479 13.279 13.378 13.372 13.372 13.384 13.405
    9.603495 1.0000000  3.9628 -3.4127 13.762 13.731 13.682 13.582 13.614 13.552 13.483 13.283 13.382 13.375 13.375 13.387 13.408
    9.605966 1.0000000  3.9622 -3.4152 13.767 13.736 13.687 13.587 13.619 13.557 13.487 13.287 13.386 13.379 13.379 13.390 13.411
    9.607948 1.0000000  3.9616 -3.4176 13.773 13.741 13.691 13.591 13.624 13.561 13.491 13.291 13.389 13.382 13.382 13.393 13.414
    9.610464 1.0000000  3.9610 -3.4201 13.778 13.746 13.696 13.595 13.628 13.565 13.495 13.295 13.393 13.386 13.386 13.396 13.417
    9.612961 1.0000000  3.9604 -3.4226 13.784 13.751 13.701 13.600 13.633 13.570 13.499 13.299 13.397 13.389 13.389 13.400 13.420
    9.615436 1.0000000  3.9598 -3.4251 13.789 13.757 13.706 13.604 13.638 13.574 13.503 13.303 13.401 13.393 13.392 13.403 13.423
    9.617804 1.0000000  3.9591 -3.4276 13.795 13.762 13.711 13.609 13.642 13.578 13.507 13.306 13.405 13.396 13.396 13.406 13.426
    9.619693 1.0000000  3.9585 -3.4301 13.800 13.767 13.715 13.613 13.647 13.583 13.511 13.310 13.409 13.400 13.399 13.409 13.430
    9.622091 1.0000000  3.9579 -3.4327 13.806 13.772 13.720 13.618 13.652 13.587 13.515 13.314 13.413 13.404 13.403 13.412 13.433
    9.624477 1.0000000  3.9572 -3.4353 13.812 13.778 13.725 13.623 13.656 13.592 13.519 13.318 13.417 13.407 13.406 13.416 13.436
    9.626763 1.0000000  3.9566 -3.4380 13.818 13.783 13.731 13.627 13.662 13.597 13.524 13.323 13.422 13.411 13.410 13.419 13.440
    9.628583 1.0000000  3.9559 -3.4406 13.823 13.789 13.736 13.632 13.666 13.601 13.528 13.327 13.426 13.415 13.414 13.422 13.443
    9.630895 1.0000000  3.9552 -3.4433 13.829 13.794 13.741 13.637 13.671 13.606 13.533 13.331 13.430 13.419 13.418 13.426 13.446
    9.633186 1.0000000  3.9546 -3.4460 13.836 13.800 13.746 13.642 13.677 13.611 13.537 13.335 13.434 13.422 13.421 13.429 13.450
    9.635394 1.0000000  3.9539 -3.4487 13.842 13.806 13.752 13.647 13.682 13.616 13.542 13.339 13.438 13.426 13.425 13.433 13.453
    9.637151 1.0000000  3.9532 -3.4515 13.848 13.812 13.757 13.652 13.687 13.621 13.546 13.344 13.443 13.430 13.429 13.436 13.457
    9.639384 1.0000000  3.9525 -3.4543 13.854 13.817 13.763 13.657 13.692 13.626 13.551 13.348 13.447 13.434 13.433 13.440 13.460
    9.641604 1.0000000  3.9518 -3.4571 13.861 13.823 13.768 13.662 13.698 13.631 13.556 13.353 13.452 13.438 13.437 13.444 13.464
    9.643745 1.0000000  3.9511 -3.4599 13.867 13.829 13.774 13.667 13.703 13.636 13.560 13.357 13.456 13.442 13.441 13.447 13.467
    9.645448 1.0000000  3.9504 -3.4628 13.874 13.835 13.779 13.672 13.708 13.641 13.565 13.362 13.461 13.447 13.445 13.451 13.471
    9.647601 1.0000000  3.9497 -3.4656 13.880 13.841 13.785 13.677 13.714 13.646 13.570 13.366 13.465 13.451 13.449 13.455 13.475
    9.649694 1.0000000  3.9489 -3.4685 13.886 13.847 13.791 13.683 13.719 13.651 13.575 13.371 13.470 13.455 13.453 13.458 13.479
    9.651348 1.0000000  3.9482 -3.4715 13.893 13.854 13.797 13.688 13.725 13.656 13.580 13.376 13.475 13.459 13.457 13.462 13.483
    9.653455 1.0000000  3.9475 -3.4744 13.900 13.860 13.802 13.694 13.731 13.662 13.585 13.381 13.480 13.463 13.461 13.466 13.486
    9.655505 1.0000000  3.9467 -3.4774 13.907 13.866 13.809 13.699 13.736 13.667 13.590 13.386 13.484 13.468 13.465 13.470 13.490
    9.657121 1.0000000  3.9460 -3.4804 13.914 13.873 13.815 13.705 13.742 13.672 13.595 13.390 13.489 13.472 13.470 13.474 13.494
    9.659146 1.0000000  3.9452 -3.4834 13.921 13.879 13.821 13.710 13.748 13.678 13.600 13.395 13.494 13.477 13.474 13.478 13.498
    9.660739 1.0000000  3.9445 -3.4865 13.928 13.886 13.827 13.716 13.754 13.683 13.605 13.400 13.499 13.481 13.478 13.482 13.502
    9.662764 1.0000000  3.9437 -3.4896 13.935 13.892 13.833 13.722 13.760 13.689 13.610 13.405 13.504 13.486 13.483 13.486 13.506
    9.664744 1.0000000  3.9429 -3.4928 13.942 13.899 13.840 13.728 13.766 13.695 13.616 13.411 13.509 13.491 13.487 13.490 13.510
    9.666302 1.0000000  3.9421 -3.4960 13.950 13.906 13.846 13.734 13.772 13.701 13.621 13.416 13.515 13.495 13.492 13.495 13.515
    9.668251 1.0000000  3.9413 -3.4992 13.957 13.913 13.852 13.740 13.779 13.707 13.627 13.421 13.520 13.500 13.497 13.499 13.519
    9.669780 1.0000000  3.9405 -3.5024 13.965 13.920 13.859 13.746 13.785 13.712 13.632 13.427 13.525 13.505 13.501 13.503 13.523
    9.671725 1.0000000  3.9397 -3.5057 13.973 13.927 13.866 13.752 13.791 13.718 13.638 13.432 13.531 13.510 13.506 13.507 13.528
    9.673636 1.0000000  3.9389 -3.5089 13.980 13.934 13.872 13.758 13.798 13.724 13.644 13.437 13.536 13.514 13.510 13.512 13.532
    9.675134 1.0000000  3.9381 -3.5122 13.988 13.941 13.879 13.764 13.804 13.730 13.649 13.443 13.541 13.519 13.515 13.516 13.536
    9.677020 1.0000000  3.9372 -3.5155 13.996 13.948 13.886 13.770 13.811 13.737 13.655 13.448 13.547 13.524 13.520 13.521 13.541
    9.678503 1.0000000  3.9364 -3.5188 14.003 13.956 13.893 13.776 13.817 13.743 13.661 13.454 13.552 13.529 13.525 13.525 13.545
    9.680363 1.0000000  3.9356 -3.5221 14.011 13.963 13.899 13.783 13.824 13.749 13.667 13.459 13.558 13.534 13.530 13.529 13.550
    9.681818 1.0000000  3.9347 -3.5254 14.019 13.970 13.906 13.789 13.830 13.755 13.672 13.465 13.563 13.539 13.534 13.534 13.554
    9.683568 1.0000000  3.9339 -3.5289 14.027 13.978 13.913 13.796 13.837 13.761 13.679 13.471 13.569 13.545 13.540 13.539 13.559
    9.685205 1.0000000  3.9330 -3.5324 14.036 13.986 13.921 13.802 13.844 13.768 13.685 13.477 13.575 13.550 13.545 13.543 13.563
    9.686833 1.0000000  3.9321 -3.5359 14.044 13.993 13.928 13.809 13.851 13.774 13.691 13.483 13.581 13.555 13.550 13.548 13.568
    9.688456 1.0000000  3.9312 -3.5395 14.053 14.001 13.936 13.816 13.858 13.781 13.697 13.489 13.587 13.561 13.555 13.553 13.573
    9.690059 1.0000000  3.9303 -3.5430 14.061 14.009 13.943 13.823 13.865 13.788 13.703 13.495 13.593 13.566 13.560 13.558 13.578
    9.691658 1.0000000  3.9294 -3.5466 14.070 14.017 13.950 13.830 13.872 13.794 13.710 13.501 13.599 13.572 13.566 13.563 13.583
    9.693247 1.0000000  3.9285 -3.5503 14.078 14.025 13.958 13.837 13.880 13.801 13.716 13.507 13.605 13.577 13.571 13.568 13.588
    9.694772 1.0000000  3.9276 -3.5540 14.087 14.033 13.966 13.844 13.887 13.808 13.723 13.513 13.611 13.583 13.577 13.573 13.593
    9.696247 1.0000000  3.9267 -3.5577 14.096 14.042 13.973 13.851 13.895 13.815 13.729 13.520 13.617 13.589 13.582 13.578 13.598
    9.697811 1.0000000  3.9258 -3.5614 14.105 14.050 13.981 13.858 13.902 13.822 13.736 13.526 13.624 13.594 13.587 13.583 13.603
    9.699265 1.0000000  3.9248 -3.5651 14.114 14.058 13.989 13.865 13.909 13.829 13.742 13.532 13.630 13.600 13.593 13.588 13.608
    9.700813 1.0000000  3.9239 -3.5689 14.123 14.067 13.997 13.872 13.917 13.836 13.749 13.538 13.636 13.605 13.598 13.593 13.613
    9.702350 1.0000000  3.9229 -3.5728 14.132 14.075 14.005 13.880 13.925 13.844 13.756 13.545 13.643 13.611 13.604 13.598 13.618
    9.703778 1.0000000  3.9220 -3.5766 14.141 14.084 14.013 13.887 13.933 13.851 13.762 13.551 13.649 13.617 13.610 13.603 13.623
    9.705301 1.0000000  3.9210 -3.5805 14.151 14.093 14.021 13.895 13.940 13.858 13.769 13.558 13.656 13.623 13.616 13.608 13.629
    9.706814 1.0000000  3.9200 -3.5844 14.160 14.101 14.030 13.902 13.948 13.866 13.776 13.565 13.662 13.629 13.622 13.614 13.634
    9.708225 1.0000000  3.9190 -3.5883 14.170 14.110 14.038 13.910 13.956 13.873 13.783 13.571 13.669 13.635 13.627 13.619 13.639
    9.709723 1.0000000  3.9181 -3.5923 14.179 14.119 14.046 13.918 13.964 13.881 13.790 13.578 13.676 13.641 13.633 13.624 13.645
    9.711119 1.0000000  3.9171 -3.5962 14.189 14.128 14.055 13.925 13.972 13.888 13.797 13.585 13.682 13.647 13.639 13.630 13.650
    9.712598 1.0000000  3.9161 -3.6002 14.199 14.137 14.063 13.933 13.980 13.896 13.804 13.592 13.689 13.653 13.645 13.635 13.656
    9.713973 1.0000000  3.9151 -3.6042 14.208 14.146 14.072 13.941 13.988 13.903 13.811 13.598 13.696 13.659 13.651 13.640 13.661
    9.715441 1.0000000  3.9141 -3.6083 14.218 14.155 14.080 13.949 13.997 13.911 13.819 13.605 13.703 13.665 13.657 13.646 13.667
    9.716808 1.0000000  3.9131 -3.6123 14.228 14.164 14.089 13.957 14.005 13.919 13.826 13.612 13.710 13.671 13.663 13.652 13.672
    9.718181 1.0000000  3.9120 -3.6164 14.238 14.174 14.098 13.965 14.013 13.927 13.833 13.619 13.717 13.678 13.669 13.657 13.678
    9.719628 1.0000000  3.9110 -3.6205 14.248 14.183 14.107 13.973 14.022 13.935 13.840 13.626 13.724 13.684 13.676 13.663 13.683
    9.720980 1.0000000  3.9100 -3.6246 14.258 14.192 14.115 13.981 14.030 13.943 13.848 13.634 13.731 13.690 13.682 13.668 13.689
    9.722325 1.0000000  3.9090 -3.6287 14.268 14.202 14.124 13.989 14.039 13.951 13.855 13.641 13.738 13.696 13.688 13.674 13.695
    9.723667 1.0000000  3.9079 -3.6328 14.278 14.211 14.133 13.997 14.047 13.958 13.862 13.648 13.745 13.703 13.694 13.680 13.700
    9.725026 1.0000000  3.9069 -3.6370 14.289 14.221 14.142 14.005 14.056 13.967 13.870 13.655 13.752 13.709 13.700 13.685 13.706
    9.726406 1.0000000  3.9058 -3.6412 14.299 14.231 14.151 14.014 14.064 13.975 13.878 13.662 13.759 13.715 13.707 13.691 13.712
    9.727739 1.0000000  3.9048 -3.6454 14.310 14.240 14.160 14.022 14.073 13.983 13.885 13.669 13.767 13.722 13.713 13.697 13.718
    9.729065 1.0000000  3.9037 -3.6497 14.320 14.250 14.170 14.030 14.082 13.991 13.893 13.677 13.774 13.729 13.720 13.703 13.724
    9.730429 1.0000000  3.9026 -3.6540 14.331 14.260 14.179 14.039 14.091 14.000 13.901 13.684 13.782 13.735 13.726 13.709 13.730
    9.731745 1.0000000  3.9016 -3.6583 14.342 14.270 14.188 14.048 14.100 14.008 13.908 13.692 13.789 13.742 13.733 13.715 13.736
    9.733061 1.0000000  3.9005 -3.6626 14.353 14.280 14.198 14.056 14.109 14.017 13.916 13.699 13.796 13.749 13.739 13.721 13.742
    9.734363 1.0000000  3.8994 -3.6670 14.364 14.290 14.207 14.065 14.118 14.025 13.924 13.707 13.804 13.756 13.746 13.727 13.748
    9.735665 1.0000000  3.8983 -3.6714 14.375 14.301 14.217 14.074 14.127 14.034 13.932 13.715 13.812 13.762 13.753 13.733 13.754
    9.736966 1.0000000  3.8972 -3.6758 14.386 14.311 14.227 14.083 14.136 14.042 13.940 13.723 13.820 13.769 13.759 13.739 13.760
    9.738266 1.0000000  3.8961 -3.6802 14.397 14.321 14.236 14.092 14.146 14.051 13.949 13.730 13.827 13.776 13.766 13.745 13.766
    9.739556 1.0000000  3.8950 -3.6847 14.408 14.332 14.246 14.101 14.155 14.060 13.957 13.738 13.835 13.783 13.773 13.751 13.773
    9.740850 1.0000000  3.8939 -3.6891 14.419 14.342 14.256 14.110 14.164 14.069 13.965 13.746 13.843 13.790 13.780 13.757 13.779
    9.742129 1.0000000  3.8928 -3.6936 14.431 14.353 14.266 14.119 14.174 14.078 13.973 13.754 13.851 13.797 13.787 13.764 13.785
    9.743413 1.0000000  3.8917 -3.6982 14.443 14.364 14.276 14.128 14.184 14.087 13.982 13.762 13.859 13.805 13.794 13.770 13.792
    9.744644 1.0000000  3.8905 -3.7027 14.454 14.374 14.286 14.137 14.193 14.096 13.990 13.770 13.867 13.812 13.801 13.776 13.798
    9.745919 1.0000000  3.8894 -3.7073 14.466 14.385 14.297 14.147 14.203 14.105 13.999 13.778 13.875 13.819 13.808 13.783 13.804
    9.747188 1.0000000  3.8883 -3.7119 14.478 14.396 14.307 14.156 14.213 14.114 14.007 13.786 13.883 13.826 13.815 13.789 13.811
    9.748413 1.0000000  3.8871 -3.7165 14.490 14.407 14.317 14.165 14.222 14.123 14.016 13.795 13.892 13.834 13.822 13.796 13.817
    9.749680 1.0000000  3.8859 -3.7212 14.502 14.419 14.328 14.175 14.232 14.132 14.024 13.803 13.900 13.841 13.829 13.802 13.824
    9.750893 1.0000000  3.8848 -3.7259 14.514 14.430 14.338 14.185 14.242 14.142 14.033 13.811 13.908 13.849 13.836 13.809 13.831
    9.752144 1.0000000  3.8836 -3.7307 14.526 14.441 14.349 14.195 14.253 14.151 14.042 13.820 13.917 13.856 13.844 13.816 13.837
    9.753358 1.0000000  3.8824 -3.7355 14.539 14.453 14.360 14.204 14.263 14.161 14.051 13.829 13.925 13.864 13.851 13.823 13.844
    9.754610 1.0000000  3.8812 -3.7403 14.551 14.464 14.371 14.214 14.273 14.171 14.060 13.837 13.934 13.872 13.859 13.829 13.851
    9.755810 1.0000000  3.8800 -3.7451 14.564 14.476 14.381 14.224 14.284 14.180 14.069 13.846 13.943 13.879 13.866 13.836 13.858
    9.757049 1.0000000  3.8788 -3.7498 14.576 14.487 14.392 14.234 14.294 14.190 14.078 13.854 13.951 13.887 13.874 13.843 13.865
    9.758247 1.0000000  3.8776 -3.7545 14.588 14.499 14.403 14.244 14.304 14.199 14.087 13.863 13.960 13.894 13.881 13.849 13.871
    9.759442 1.0000000  3.8765 -3.7593 14.601 14.510 14.414 14.254 14.314 14.209 14.096 13.871 13.968 13.902 13.889 13.856 13.878
    9.760674 1.0000000  3.8753 -3.7641 14.614 14.522 14.425 14.264 14.325 14.219 14.105 13.880 13.977 13.910 13.896 13.863 13.885
    9.761865 1.0000000  3.8740 -3.7692 14.627 14.535 14.436 14.274 14.336 14.229 14.115 13.889 13.986 13.918 13.904 13.870 13.892
    9.763042 1.0000000  3.8727 -3.7745 14.641 14.548 14.448 14.286 14.347 14.240 14.125 13.899 13.996 13.927 13.912 13.878 13.900
    9.764224 1.0000000  3.8714 -3.7797 14.655 14.560 14.460 14.296 14.359 14.251 14.134 13.908 14.005 13.935 13.921 13.885 13.907
    9.765395 1.0000000  3.8701 -3.7850 14.669 14.573 14.473 14.308 14.370 14.261 14.145 13.918 14.015 13.944 13.929 13.893 13.915
    9.766580 1.0000000  3.8688 -3.7902 14.683 14.586 14.485 14.318 14.382 14.272 14.154 13.927 14.024 13.952 13.937 13.900 13.923
    9.767751 1.0000000  3.8675 -3.7953 14.697 14.599 14.496 14.329 14.393 14.283 14.164 13.937 14.034 13.960 13.945 13.908 13.930
    9.768880 1.0000000  3.8662 -3.8005 14.711 14.611 14.508 14.340 14.404 14.293 14.174 13.946 14.043 13.969 13.953 13.915 13.937
    9.770046 1.0000000  3.8649 -3.8058 14.725 14.625 14.521 14.351 14.416 14.304 14.184 13.956 14.053 13.978 13.962 13.923 13.945
    9.771174 1.0000000  3.8636 -3.8110 14.739 14.638 14.533 14.362 14.428 14.315 14.194 13.965 14.062 13.986 13.970 13.930 13.953
    9.772335 1.0000000  3.8623 -3.8162 14.753 14.650 14.545 14.374 14.439 14.326 14.204 13.975 14.072 13.995 13.978 13.938 13.960
    9.773499 1.0000000  3.8610 -3.8214 14.767 14.663 14.557 14.385 14.451 14.337 14.214 13.985 14.082 14.003 13.987 13.945 13.968
    9.774613 1.0000000  3.8597 -3.8267 14.781 14.677 14.570 14.396 14.463 14.348 14.225 13.994 14.091 14.012 13.995 13.953 13.975
    9.775726 1.0000000  3.8584 -3.8320 14.796 14.690 14.582 14.407 14.475 14.359 14.235 14.004 14.101 14.020 14.003 13.961 13.983
    9.776871 1.0000000  3.8571 -3.8373 14.810 14.703 14.595 14.419 14.487 14.370 14.245 14.014 14.111 14.029 14.012 13.969 13.991
    9.778000 1.0000000  3.8557 -3.8427 14.825 14.717 14.608 14.430 14.499 14.381 14.256 14.024 14.121 14.038 14.021 13.977 13.999
    9.779113 1.0000000  3.8543 -3.8482 14.840 14.731 14.621 14.442 14.511 14.393 14.267 14.034 14.131 14.047 14.029 13.985 14.007
    9.780222 1.0000000  3.8530 -3.8537 14.855 14.745 14.634 14.454 14.523 14.404 14.277 14.044 14.141 14.056 14.038 13.993 14.015
    9.781358 1.0000000  3.8516 -3.8592 14.870 14.759 14.647 14.466 14.536 14.416 14.288 14.055 14.152 14.065 14.047 14.001 14.023
    9.782494 1.0000000  3.8502 -3.8648 14.886 14.773 14.660 14.478 14.549 14.428 14.299 14.065 14.162 14.074 14.056 14.009 14.031
    9.783665 1.0000000  3.8489 -3.8702 14.901 14.786 14.673 14.490 14.561 14.439 14.310 14.075 14.172 14.083 14.065 14.017 14.039
    9.784760 1.0000000  3.8475 -3.8758 14.916 14.801 14.687 14.502 14.574 14.451 14.321 14.086 14.183 14.093 14.074 14.025 14.047
    9.785843 1.0000000  3.8461 -3.8814 14.932 14.815 14.700 14.514 14.587 14.463 14.332 14.096 14.193 14.102 14.083 14.033 14.055
    9.786920 1.0000000  3.8447 -3.8871 14.948 14.830 14.714 14.526 14.600 14.475 14.343 14.107 14.204 14.111 14.092 14.042 14.064
    9.788002 1.0000000  3.8432 -3.8928 14.964 14.844 14.728 14.539 14.613 14.487 14.354 14.118 14.215 14.121 14.101 14.050 14.072
    9.789078 1.0000000  3.8418 -3.8986 14.980 14.859 14.742 14.552 14.626 14.500 14.366 14.129 14.226 14.131 14.111 14.059 14.081
    9.790159 1.0000000  3.8404 -3.9044 14.997 14.874 14.756 14.564 14.639 14.512 14.377 14.140 14.237 14.140 14.120 14.067 14.089
    9.791228 1.0000000  3.8389 -3.9102 15.013 14.890 14.770 14.577 14.653 14.525 14.389 14.151 14.248 14.150 14.130 14.076 14.098
    9.792310 1.0000000  3.8375 -3.9161 15.030 14.905 14.784 14.590 14.667 14.537 14.401 14.162 14.259 14.160 14.139 14.085 14.107
    9.793367 1.0000000  3.8360 -3.9220 15.047 14.920 14.799 14.603 14.680 14.550 14.413 14.173 14.270 14.170 14.149 14.093 14.116
    9.794436 1.0000000  3.8345 -3.9279 15.064 14.936 14.813 14.617 14.694 14.563 14.424 14.185 14.281 14.180 14.159 14.102 14.124
    9.795496 1.0000000  3.8330 -3.9339 15.081 14.952 14.828 14.630 14.708 14.576 14.437 14.196 14.293 14.190 14.169 14.111 14.133
    9.796551 1.0000000  3.8315 -3.9399 15.099 14.967 14.843 14.643 14.722 14.589 14.449 14.208 14.304 14.200 14.178 14.120 14.142
    9.797608 1.0000000  3.8300 -3.9460 15.116 14.984 14.858 14.657 14.736 14.602 14.461 14.219 14.316 14.211 14.188 14.129 14.151
    9.798660 1.0000000  3.8285 -3.9521 15.134 15.000 14.873 14.671 14.751 14.615 14.473 14.231 14.328 14.221 14.199 14.138 14.160
    9.799718 1.0000000  3.8269 -3.9583 15.152 15.016 14.889 14.685 14.765 14.629 14.486 14.243 14.340 14.232 14.209 14.147 14.170
    9.800769 1.0000000  3.8254 -3.9645 15.170 15.033 14.904 14.699 14.780 14.642 14.499 14.255 14.352 14.242 14.219 14.156 14.179
    9.801818 1.0000000  3.8238 -3.9710 15.189 15.050 14.920 14.714 14.795 14.656 14.512 14.268 14.364 14.253 14.230 14.166 14.189
    9.802853 1.0000000  3.8222 -3.9774 15.208 15.067 14.936 14.728 14.811 14.670 14.525 14.280 14.377 14.264 14.240 14.176 14.198
    9.803898 1.0000000  3.8205 -3.9839 15.227 15.085 14.953 14.743 14.826 14.685 14.538 14.293 14.390 14.275 14.251 14.185 14.208
    9.804933 1.0000000  3.8189 -3.9904 15.247 15.103 14.969 14.758 14.841 14.699 14.552 14.306 14.402 14.287 14.262 14.195 14.218
    9.805974 1.0000000  3.8173 -3.9970 15.266 15.120 14.986 14.773 14.857 14.714 14.565 14.319 14.415 14.298 14.273 14.205 14.228
    9.807003 1.0000000  3.8156 -4.0036 15.286 15.138 15.003 14.788 14.873 14.728 14.579 14.332 14.428 14.309 14.284 14.215 14.238
    9.808040 1.0000000  3.8140 -4.0102 15.306 15.156 15.019 14.804 14.889 14.743 14.593 14.345 14.441 14.321 14.295 14.225 14.248
    9.809071 1.0000000  3.8123 -4.0168 15.326 15.174 15.036 14.819 14.905 14.758 14.606 14.358 14.454 14.332 14.306 14.235 14.258
    9.810096 1.0000000  3.8106 -4.0236 15.346 15.193 15.054 14.835 14.922 14.773 14.621 14.372 14.468 14.344 14.318 14.245 14.268
    9.811115 1.0000000  3.8089 -4.0303 15.367 15.212 15.071 14.850 14.938 14.788 14.634 14.385 14.481 14.356 14.329 14.255 14.278
    9.812141 1.0000000  3.8072 -4.0371 15.388 15.231 15.089 14.866 14.955 14.803 14.649 14.399 14.494 14.368 14.340 14.266 14.289
    9.813159 1.0000000  3.8055 -4.0440 15.409 15.250 15.107 14.883 14.972 14.819 14.663 14.412 14.508 14.380 14.352 14.276 14.299
    9.814178 1.0000000  3.8038 -4.0511 15.432 15.270 15.126 14.899 14.989 14.835 14.678 14.427 14.522 14.392 14.364 14.287 14.310
    9.815183 1.0000000  3.8020 -4.0581 15.454 15.290 15.144 14.916 15.007 14.851 14.693 14.441 14.536 14.404 14.376 14.298 14.321
    9.816202 1.0000000  3.8002 -4.0652 15.476 15.310 15.163 14.933 15.024 14.868 14.708 14.455 14.551 14.417 14.388 14.309 14.332
    9.817219 1.0000000  3.7985 -4.0722 15.498 15.330 15.182 14.950 15.042 14.884 14.723 14.469 14.565 14.429 14.400 14.319 14.343
    9.818229 1.0000000  3.7968 -4.0791 15.520 15.350 15.200 14.966 15.059 14.900 14.738 14.483 14.579 14.442 14.412 14.330 14.354
    9.819233 1.0000000  3.7950 -4.0860 15.542 15.370 15.219 14.983 15.077 14.916 14.752 14.497 14.593 14.454 14.424 14.341 14.364
    9.820232 1.0000000  3.7933 -4.0930 15.564 15.390 15.238 14.999 15.094 14.932 14.767 14.512 14.607 14.466 14.436 14.352 14.375
    9.821234 1.0000000  3.7915 -4.1000 15.587 15.411 15.257 15.016 15.112 14.949 14.782 14.526 14.621 14.479 14.448 14.362 14.386
    9.822232 1.0000000  3.7897 -4.1073 15.611 15.432 15.277 15.034 15.131 14.966 14.798 14.541 14.636 14.492 14.460 14.374 14.398
    9.823227 1.0000000  3.7879 -4.1145 15.634 15.453 15.296 15.052 15.149 14.983 14.814 14.556 14.651 14.504 14.473 14.385 14.409
    9.824220 1.0000000  3.7861 -4.1218 15.658 15.475 15.316 15.069 15.168 15.000 14.829 14.571 14.666 14.518 14.485 14.397 14.420
    9.825213 1.0000000  3.7842 -4.1293 15.682 15.497 15.337 15.088 15.187 15.018 14.846 14.586 14.682 14.531 14.499 14.408 14.432
    9.826204 1.0000000  3.7824 -4.1368 15.707 15.519 15.357 15.106 15.207 15.035 14.862 14.602 14.697 14.545 14.512 14.420 14.444
    9.827191 1.0000000  3.7805 -4.1443 15.732 15.541 15.378 15.125 15.226 15.053 14.878 14.618 14.713 14.558 14.525 14.432 14.456
    9.828173 1.0000000  3.7786 -4.1519 15.757 15.564 15.399 15.143 15.246 15.072 14.895 14.633 14.728 14.572 14.538 14.444 14.468
    9.829155 1.0000000  3.7767 -4.1594 15.783 15.587 15.421 15.162 15.266 15.090 14.912 14.649 14.744 14.585 14.551 14.456 14.480
    9.830138 1.0000000  3.7748 -4.1669 15.809 15.610 15.442 15.181 15.286 15.108 14.928 14.665 14.760 14.599 14.564 14.468 14.492
    9.831115 1.0000000  3.7729 -4.1745 15.835 15.634 15.464 15.201 15.306 15.126 14.946 14.681 14.776 14.613 14.578 14.480 14.504
    9.832090 1.0000000  3.7711 -4.1820 15.861 15.657 15.485 15.220 15.326 15.145 14.962 14.697 14.792 14.627 14.591 14.492 14.516
    9.833059 1.0000000  3.7691 -4.1900 15.889 15.682 15.509 15.240 15.348 15.165 14.981 14.714 14.809 14.642 14.605 14.504 14.529
    9.834035 1.0000000  3.7670 -4.1981 15.918 15.708 15.532 15.261 15.370 15.185 14.999 14.732 14.827 14.657 14.620 14.517 14.542
    9.835009 1.0000000  3.7650 -4.2062 15.947 15.733 15.556 15.282 15.392 15.205 15.017 14.749 14.844 14.672 14.635 14.530 14.555
    9.835972 1.0000000  3.7630 -4.2144 15.976 15.760 15.580 15.304 15.415 15.225 15.036 14.767 14.862 14.687 14.649 14.544 14.568
    9.836938 1.0000000  3.7610 -4.2224 16.005 15.785 15.604 15.325 15.437 15.245 15.055 14.784 14.879 14.702 14.664 14.556 14.581
    9.837901 1.0000000  3.7590 -4.2305 16.034 15.811 15.628 15.346 15.459 15.266 15.073 14.802 14.897 14.718 14.679 14.569 14.594
    9.838861 1.0000000  3.7569 -4.2386 16.064 15.838 15.652 15.367 15.482 15.286 15.092 14.820 14.915 14.733 14.693 14.583 14.607
    9.839820 1.0000000  3.7549 -4.2469 16.094 15.865 15.677 15.389 15.505 15.307 15.111 14.838 14.933 14.749 14.709 14.596 14.621
    9.840774 1.0000000  3.7528 -4.2551 16.125 15.892 15.702 15.411 15.528 15.328 15.131 14.856 14.951 14.764 14.724 14.609 14.634
    9.841729 1.0000000  3.7507 -4.2635 16.156 15.920 15.728 15.434 15.552 15.350 15.150 14.875 14.970 14.780 14.739 14.623 14.648
    9.842682 1.0000000  3.7486 -4.2718 16.187 15.948 15.753 15.456 15.575 15.371 15.170 14.893 14.988 14.796 14.754 14.637 14.661
    9.843637 1.0000000  3.7465 -4.2803 16.220 15.976 15.780 15.479 15.600 15.393 15.190 14.912 15.007 14.812 14.770 14.650 14.675
    9.844585 1.0000000  3.7444 -4.2888 16.252 16.005 15.806 15.502 15.624 15.415 15.210 14.931 15.026 14.829 14.786 14.664 14.689
    9.845533 1.0000000  3.7422 -4.2974 16.285 16.034 15.833 15.526 15.649 15.437 15.231 14.950 15.045 14.845 14.802 14.678 14.703
    9.846478 1.0000000  3.7401 -4.3060 16.318 16.063 15.860 15.550 15.674 15.460 15.252 14.970 15.065 14.862 14.818 14.693 14.718
    9.847412 1.0000000  3.7379 -4.3148 16.354 16.094 15.889 15.575 15.701 15.484 15.273 14.990 15.085 14.879 14.835 14.708 14.733
    9.848354 1.0000000  3.7357 -4.3236 16.389 16.126 15.918 15.600 15.727 15.508 15.295 15.011 15.106 14.897 14.852 14.723 14.748
    9.849290 1.0000000  3.7335 -4.3325 16.426 16.158 15.947 15.626 15.755 15.532 15.318 15.032 15.127 14.915 14.869 14.738 14.763
    9.850224 1.0000000  3.7312 -4.3414 16.462 16.190 15.977 15.652 15.782 15.557 15.340 15.053 15.148 14.933 14.886 14.753 14.779
    9.851159 1.0000000  3.7290 -4.3505 16.500 16.223 16.007 15.679 15.810 15.582 15.363 15.075 15.170 14.951 14.904 14.769 14.794
    9.852089 1.0000000  3.7267 -4.3596 16.539 16.257 16.038 15.706 15.839 15.608 15.386 15.097 15.192 14.970 14.922 14.785 14.810
    9.853030 1.0000000  3.7244 -4.3688 16.578 16.291 16.070 15.733 15.868 15.634 15.410 15.119 15.214 14.989 14.940 14.801 14.827
    9.853959 1.0000000  3.7221 -4.3780 16.617 16.325 16.102 15.761 15.897 15.660 15.434 15.142 15.237 15.008 14.958 14.817 14.843
    9.854882 1.0000000  3.7198 -4.3873 16.657 16.360 16.134 15.789 15.927 15.687 15.458 15.164 15.259 15.027 14.977 14.834 14.860
    9.855810 1.0000000  3.7174 -4.3967 16.698 16.396 16.167 15.818 15.957 15.714 15.483 15.188 15.283 15.047 14.996 14.850 14.877
    9.856726 1.0000000  3.7151 -4.4063 16.740 16.433 16.201 15.847 15.989 15.742 15.508 15.212 15.307 15.067 15.015 14.868 14.894
    9.857646 1.0000000  3.7126 -4.4161 16.784 16.471 16.236 15.878 16.021 15.770 15.535 15.237 15.332 15.088 15.035 14.885 14.912
    9.858563 1.0000000  3.7101 -4.4261 16.828 16.510 16.272 15.909 16.054 15.800 15.562 15.262 15.357 15.110 15.056 14.903 14.930
    9.859477 1.0000000  3.7076 -4.4360 16.873 16.550 16.309 15.941 16.087 15.829 15.589 15.288 15.382 15.131 15.076 14.922 14.948
    9.860391 1.0000000  3.7052 -4.4458 16.918 16.589 16.345 15.972 16.120 15.859 15.616 15.313 15.408 15.153 15.097 14.940 14.966
    9.861300 1.0000000  3.7027 -4.4556 16.963 16.628 16.381 16.003 16.154 15.888 15.643 15.339 15.433 15.174 15.117 14.958 14.985
    9.862214 1.0000000  3.7002 -4.4655 17.008 16.668 16.418 16.035 16.188 15.919 15.671 15.365 15.459 15.196 15.138 14.976 15.003
    9.863122 1.0000000  3.6977 -4.4755 17.055 16.709 16.456 16.068 16.222 15.949 15.699 15.392 15.486 15.219 15.160 14.995 15.022
    9.864036 1.0000000  3.6952 -4.4856 17.103 16.751 16.495 16.101 16.258 15.981 15.728 15.419 15.513 15.242 15.181 15.014 15.041
    9.864938 1.0000000  3.6927 -4.4958 17.151 16.793 16.534 16.136 16.294 16.013 15.757 15.446 15.540 15.265 15.204 15.034 15.061
    9.865843 1.0000000  3.6901 -4.5061 17.201 16.837 16.574 16.170 16.331 16.046 15.787 15.475 15.568 15.288 15.226 15.054 15.081
    9.866743 1.0000000  3.6875 -4.5165 17.251 16.881 16.615 16.206 16.368 16.079 15.817 15.503 15.597 15.312 15.249 15.074 15.101
    9.867639 1.0000000  3.6849 -4.5269 17.302 16.925 16.656 16.241 16.406 16.112 15.848 15.532 15.626 15.336 15.273 15.094 15.122
    9.868536 1.0000000  3.6823 -4.5375 17.355 16.971 16.699 16.278 16.445 16.147 15.879 15.562 15.655 15.361 15.297 15.115 15.143
    9.869431 1.0000000  3.6796 -4.5481 17.408 17.017 16.742 16.315 16.484 16.182 15.911 15.592 15.685 15.386 15.321 15.136 15.164
    9.870326 1.0000000  3.6769 -4.5589 17.462 17.064 16.786 16.353 16.525 16.217 15.944 15.622 15.716 15.412 15.346 15.158 15.186
    9.871213 1.0000000  3.6742 -4.5697 17.517 17.112 16.830 16.392 16.565 16.253 15.977 15.653 15.747 15.438 15.371 15.180 15.208
    9.872110 1.0000000  3.6715 -4.5806 17.573 17.161 16.875 16.431 16.607 16.290 16.010 15.685 15.778 15.464 15.396 15.202 15.231
    9.873003 1.0000000  3.6687 -4.5916 17.629 17.210 16.922 16.471 16.649 16.327 16.044 15.717 15.810 15.491 15.422 15.225 15.253
    9.873893 1.0000000  3.6660 -4.6026 17.687 17.260 16.968 16.511 16.692 16.365 16.079 15.750 15.843 15.518 15.448 15.248 15.276
    9.874773 1.0000000  3.6632 -4.6138 17.745 17.311 17.016 16.553 16.736 16.403 16.114 15.783 15.876 15.546 15.474 15.271 15.300
    9.875658 1.0000000  3.6604 -4.6250 17.804 17.363 17.065 16.595 16.780 16.442 16.150 15.817 15.910 15.575 15.501 15.294 15.324
    9.876536 1.0000000  3.6576 -4.6363 17.865 17.416 17.114 16.637 16.825 16.482 16.186 15.852 15.944 15.603 15.528 15.318 15.348
    9.877419 1.0000000  3.6547 -4.6478 17.926 17.470 17.164 16.681 16.871 16.523 16.224 15.887 15.979 15.633 15.556 15.343 15.373
    9.878286 1.0000000  3.6518 -4.6594 17.989 17.525 17.216 16.726 16.918 16.564 16.262 15.923 16.015 15.663 15.585 15.368 15.398
    9.879162 1.0000000  3.6489 -4.6711 18.054 17.581 17.269 16.771 16.966 16.606 16.301 15.960 16.051 15.693 15.614 15.394 15.424
    9.880035 1.0000000  3.6459 -4.6829 18.119 17.638 17.323 16.818 17.015 16.649 16.340 15.997 16.089 15.724 15.644 15.420 15.450
    9.880908 1.0000000  3.6429 -4.6948 18.186 17.696 17.377 16.865 17.065 16.693 16.380 16.035 16.127 15.756 15.674 15.446 15.477
    9.881779 1.0000000  3.6399 -4.7069 18.254 17.756 17.434 16.914 17.116 16.737 16.422 16.074 16.165 15.788 15.705 15.473 15.504
    9.882645 1.0000000  3.6369 -4.7190 18.323 17.816 17.490 16.963 17.167 16.783 16.463 16.113 16.205 15.821 15.737 15.501 15.532
    9.883504 1.0000000  3.6339 -4.7311 18.393 17.877 17.548 17.012 17.219 16.828 16.505 16.153 16.244 15.854 15.768 15.529 15.559
    9.884342 1.0000000  3.6308 -4.7432 18.463 17.938 17.606 17.062 17.272 16.874 16.548 16.193 16.284 15.888 15.800 15.557 15.587
    9.885184 1.0000000  3.6278 -4.7553 18.534 18.000 17.664 17.113 17.325 16.921 16.591 16.234 16.325 15.921 15.833 15.585 15.616
    9.886016 1.0000000  3.6248 -4.7674 18.605 18.062 17.723 17.164 17.378 16.967 16.634 16.274 16.366 15.955 15.865 15.613 15.644
    9.886833 1.0000000  3.6218 -4.7795 18.676 18.124 17.783 17.215 17.432 17.014 16.678 16.316 16.407 15.989 15.898 15.642 15.673
    9.887645 1.0000000  3.6188 -4.7916 18.748 18.187 17.842 17.266 17.486 17.062 16.722 16.357 16.448 16.024 15.931 15.670 15.702
    9.888450 1.0000000  3.6157 -4.8037 18.820 18.250 17.903 17.319 17.541 17.109 16.766 16.399 16.490 16.059 15.964 15.699 15.731
    9.889249 1.0000000  3.6127 -4.8158 18.893 18.314 17.963 17.371 17.596 17.158 16.811 16.441 16.532 16.094 15.997 15.728 15.761
    9.890031 1.0000000  3.6097 -4.8279 18.967 18.379 18.025 17.424 17.652 17.206 16.856 16.484 16.575 16.129 16.031 15.758 15.790
    9.890817 1.0000000  3.6067 -4.8400 19.041 18.443 18.087 17.477 17.708 17.255 16.901 16.527 16.618 16.165 16.065 15.787 15.820
    9.891587 1.0000000  3.6037 -4.8520 19.115 18.508 18.149 17.531 17.764 17.304 16.947 16.570 16.661 16.200 16.099 15.817 15.850
    9.892354 1.0000000  3.6006 -4.8642 19.191 18.575 18.212 17.586 17.822 17.354 16.993 16.615 16.705 16.237 16.133 15.847 15.881
    9.893118 1.0000000  3.5976 -4.8762 19.266 18.641 18.276 17.641 17.879 17.404 17.040 16.659 16.749 16.273 16.168 15.878 15.912
    9.893871 1.0000000  3.5946 -4.8883 19.343 18.708 18.340 17.696 17.938 17.455 17.087 16.703 16.793 16.310 16.204 15.908 15.943
    9.894622 1.0000000  3.5916 -4.9004 19.420 18.776 18.405 17.752 17.996 17.506 17.135 16.749 16.838 16.348 16.239 15.939 15.974
    9.895366 1.0000000  3.5886 -4.9125 19.497 18.844 18.470 17.809 18.056 17.557 17.183 16.794 16.884 16.385 16.275 15.971 16.006
    9.896099 1.0000000  3.5855 -4.9245 19.575 18.912 18.536 17.866 18.115 17.609 17.231 16.840 16.930 16.423 16.311 16.002 16.038
    9.896827 1.0000000  3.5825 -4.9366 19.654 18.981 18.603 17.924 18.175 17.661 17.280 16.886 16.976 16.462 16.347 16.034 16.070
    9.897553 1.0000000  3.5795 -4.9486 19.733 19.051 18.670 17.982 18.235 17.713 17.329 16.933 17.022 16.500 16.384 16.066 16.102
    9.898279 1.0000000  3.5765 -4.9606 19.812 19.120 18.737 18.040 18.296 17.766 17.378 16.980 17.069 16.539 16.421 16.098 16.134
    9.898997 1.0000000  3.5735 -4.9726 19.892 19.191 18.805 18.099 18.357 17.819 17.428 17.027 17.116 16.578 16.458 16.130 16.167
    9.899721 1.0000000  3.5705 -4.9846 19.973 19.262 18.873 18.158 18.419 17.873 17.478 17.075 17.164 16.617 16.495 16.163 16.200
    9.900433 1.0000000  3.5675 -4.9967 20.055 19.334 18.943 18.218 18.482 17.927 17.529 17.123 17.212 16.657 16.533 16.196 16.234
    9.901143 1.0000000  3.5644 -5.0089 20.138 19.407 19.014 18.280 18.546 17.983 17.581 17.173 17.262 16.698 16.572 16.230 16.268
    9.901843 1.0000000  3.5614 -5.0210 20.221 19.480 19.084 18.341 18.610 18.038 17.633 17.222 17.311 16.738 16.610 16.263 16.302
    9.902542 1.0000000  3.5584 -5.0330 20.305 19.553 19.155 18.403 18.674 18.093 17.685 17.272 17.360 16.779 16.649 16.297 16.336
    9.903232 1.0000000  3.5554 -5.0450 20.388 19.627 19.226 18.465 18.739 18.149 17.738 17.322 17.410 16.820 16.688 16.331 16.370
    9.903922 1.0000000  3.5524 -5.0570 20.473 19.701 19.298 18.527 18.803 18.205 17.790 17.372 17.460 16.862 16.727 16.365 16.405
