#   log(t)       Mwd   log(Teff)log(L/Lo) F435W F475  F502N  F550M  F555W  F606W  F625W  F658N  F660N  F775W  F814W  F850LP F892N
    5.864200 0.8700000  5.0665  1.3241  3.440  3.950  4.043  4.616  4.563  4.599  4.883  4.890  4.942  5.483  5.808  6.371  5.970
    5.869258 0.8700000  5.0588  1.2891  3.580  4.081  4.184  4.739  4.684  4.722  5.007  5.014  5.069  5.600  5.922  6.473  6.080
    5.874670 0.8700000  5.0510  1.2539  3.722  4.212  4.325  4.863  4.807  4.847  5.131  5.139  5.195  5.718  6.036  6.575  6.192
    5.880375 0.8700000  5.0431  1.2185  3.863  4.344  4.466  4.986  4.929  4.972  5.255  5.264  5.322  5.836  6.149  6.677  6.303
    5.886345 0.8700000  5.0352  1.1833  4.004  4.475  4.606  5.110  5.052  5.096  5.379  5.387  5.447  5.953  6.261  6.777  6.413
    5.892577 0.8700000  5.0274  1.1479  4.145  4.607  4.746  5.233  5.174  5.221  5.502  5.510  5.572  6.069  6.373  6.878  6.522
    5.899042 0.8700000  5.0194  1.1125  4.287  4.740  4.885  5.357  5.297  5.346  5.625  5.633  5.696  6.185  6.484  6.978  6.632
    5.905735 0.8700000  5.0114  1.0770  4.429  4.872  5.025  5.481  5.420  5.471  5.748  5.756  5.821  6.301  6.594  7.077  6.741
    5.912611 0.8700000  5.0034  1.0416  4.571  5.005  5.163  5.604  5.543  5.595  5.871  5.877  5.944  6.415  6.703  7.176  6.849
    5.919715 0.8700000  4.9954  1.0061  4.712  5.137  5.302  5.727  5.666  5.719  5.992  5.998  6.066  6.529  6.812  7.274  6.956
    5.926991 0.8700000  4.9873  0.9706  4.854  5.270  5.439  5.850  5.789  5.844  6.114  6.118  6.188  6.642  6.920  7.372  7.063
    5.934438 0.8700000  4.9791  0.9351  4.995  5.402  5.577  5.973  5.911  5.968  6.235  6.238  6.309  6.755  7.027  7.468  7.169
    5.942082 0.8700000  4.9710  0.8996  5.136  5.534  5.712  6.095  6.033  6.091  6.355  6.356  6.429  6.866  7.132  7.564  7.275
    5.949948 0.8700000  4.9628  0.8642  5.275  5.665  5.847  6.216  6.154  6.213  6.473  6.473  6.548  6.976  7.237  7.659  7.379
    5.958064 0.8700000  4.9546  0.8288  5.413  5.795  5.980  6.336  6.274  6.334  6.591  6.589  6.665  7.085  7.340  7.753  7.482
    5.966409 0.8700000  4.9464  0.7933  5.551  5.924  6.113  6.456  6.393  6.454  6.708  6.704  6.782  7.194  7.443  7.846  7.584
    5.974969 0.8700000  4.9383  0.7579  5.687  6.052  6.244  6.574  6.511  6.573  6.823  6.818  6.897  7.300  7.544  7.938  7.685
    5.983796 0.8700000  4.9301  0.7225  5.822  6.179  6.373  6.691  6.629  6.691  6.938  6.930  7.011  7.406  7.644  8.029  7.784
    5.992824 0.8700000  4.9218  0.6870  5.957  6.305  6.502  6.807  6.745  6.808  7.051  7.042  7.124  7.511  7.743  8.119  7.883
    6.002087 0.8700000  4.9136  0.6516  6.089  6.430  6.629  6.922  6.860  6.924  7.163  7.152  7.235  7.614  7.840  8.208  7.981
    6.011588 0.8700000  4.9054  0.6161  6.221  6.554  6.755  7.037  6.975  7.039  7.274  7.261  7.346  7.717  7.937  8.296  8.078
    6.021309 0.8700000  4.8971  0.5807  6.352  6.677  6.879  7.150  7.088  7.153  7.384  7.369  7.454  7.818  8.032  8.383  8.173
    6.031295 0.8700000  4.8888  0.5452  6.481  6.799  7.003  7.261  7.200  7.265  7.493  7.475  7.562  7.918  8.127  8.469  8.268
    6.041506 0.8700000  4.8805  0.5098  6.609  6.919  7.124  7.372  7.311  7.377  7.600  7.580  7.668  8.016  8.219  8.554  8.361
    6.051977 0.8700000  4.8723  0.4744  6.735  7.038  7.244  7.481  7.421  7.487  7.706  7.684  7.773  8.113  8.311  8.637  8.452
    6.062690 0.8700000  4.8639  0.4390  6.860  7.156  7.363  7.589  7.529  7.595  7.810  7.786  7.876  8.209  8.401  8.720  8.543
    6.073663 0.8700000  4.8556  0.4035  6.984  7.273  7.480  7.696  7.636  7.703  7.914  7.887  7.979  8.304  8.491  8.802  8.633
    6.084897 0.8700000  4.8473  0.3681  7.106  7.388  7.595  7.802  7.742  7.809  8.016  7.987  8.079  8.397  8.579  8.882  8.721
    6.096375 0.8700000  4.8389  0.3327  7.226  7.502  7.709  7.906  7.847  7.914  8.116  8.085  8.178  8.489  8.665  8.962  8.808
    6.108104 0.8700000  4.8306  0.2973  7.345  7.614  7.822  8.008  7.950  8.017  8.215  8.181  8.276  8.580  8.750  9.040  8.893
    6.120124 0.8700000  4.8223  0.2619  7.462  7.725  7.932  8.110  8.052  8.119  8.313  8.277  8.372  8.669  8.834  9.117  8.978
    6.132414 0.8700000  4.8139  0.2265  7.578  7.834  8.041  8.210  8.152  8.219  8.409  8.371  8.467  8.757  8.917  9.193  9.061
    6.144973 0.8700000  4.8055  0.1911  7.692  7.942  8.149  8.308  8.252  8.319  8.504  8.463  8.560  8.844  8.998  9.268  9.142
    6.157772 0.8700000  4.7970  0.1557  7.805  8.048  8.255  8.405  8.349  8.416  8.598  8.554  8.652  8.929  9.078  9.341  9.223
    6.170887 0.8700000  4.7886  0.1204  7.916  8.153  8.359  8.500  8.445  8.512  8.689  8.643  8.742  9.013  9.157  9.413  9.302
    6.184363 0.8700000  4.7802  0.0851  8.025  8.256  8.461  8.594  8.540  8.606  8.779  8.731  8.831  9.095  9.234  9.484  9.379
    6.198224 0.8700000  4.7718  0.0498  8.132  8.357  8.562  8.686  8.633  8.699  8.868  8.817  8.918  9.176  9.310  9.554  9.455
    6.212465 0.8700000  4.7633  0.0145  8.237  8.457  8.660  8.777  8.724  8.790  8.955  8.902  9.003  9.255  9.384  9.623  9.530
    6.227140 0.8700000  4.7549 -0.0208  8.341  8.555  8.757  8.866  8.814  8.880  9.041  8.985  9.087  9.333  9.457  9.690  9.604
    6.242233 0.8700000  4.7465 -0.0560  8.442  8.651  8.852  8.953  8.902  8.967  9.124  9.066  9.169  9.409  9.529  9.756  9.675
    6.257819 0.8700000  4.7381 -0.0912  8.541  8.745  8.946  9.039  8.988  9.053  9.207  9.146  9.250  9.484  9.599  9.821  9.746
    6.273880 0.8700000  4.7297 -0.1264  8.639  8.838  9.037  9.123  9.073  9.138  9.287  9.224  9.329  9.557  9.668  9.885  9.815
    6.290470 0.8700000  4.7213 -0.1616  8.735  8.928  9.127  9.206  9.157  9.221  9.366  9.301  9.406  9.629  9.735  9.947  9.883
    6.307565 0.8700000  4.7129 -0.1967  8.829  9.017  9.214  9.286  9.238  9.302  9.444  9.376  9.482  9.699  9.801 10.008  9.949
    6.325358 0.8700000  4.7045 -0.2318  8.921  9.104  9.300  9.365  9.318  9.381  9.519  9.450  9.556  9.768  9.866 10.068 10.014
    6.343723 0.8700000  4.6961 -0.2669  9.011  9.190  9.384  9.443  9.396  9.459  9.594  9.522  9.628  9.835  9.929 10.127 10.078
    6.362754 0.8700000  4.6878 -0.3018  9.099  9.273  9.466  9.518  9.472  9.535  9.666  9.592  9.699  9.901  9.991 10.184 10.140
    6.382629 0.8700000  4.6794 -0.3369  9.185  9.355  9.547  9.592  9.548  9.609  9.737  9.661  9.768  9.965 10.052 10.240 10.200
    6.403151 0.8700000  4.6711 -0.3718  9.269  9.434  9.625  9.664  9.621  9.682  9.806  9.728  9.836 10.028 10.111 10.295 10.260
    6.424695 0.8700000  4.6627 -0.4068  9.351  9.512  9.702  9.735  9.692  9.753  9.874  9.793  9.902 10.089 10.169 10.349 10.317
    6.447067 0.8700000  4.6544 -0.4416  9.431  9.588  9.776  9.804  9.762  9.822  9.940  9.857  9.966 10.149 10.225 10.401 10.374
    6.470537 0.8700000  4.6460 -0.4764  9.509  9.662  9.849  9.871  9.830  9.889 10.004  9.919 10.029 10.207 10.280 10.452 10.429
    6.495153 0.8700000  4.6377 -0.5112  9.586  9.735  9.920  9.936  9.896  9.955 10.066  9.980 10.090 10.264 10.333 10.501 10.482
    6.520955 0.8700000  4.6293 -0.5459  9.660  9.805  9.989 10.000  9.960 10.019 10.127 10.038 10.149 10.319 10.385 10.550 10.534
    6.548341 0.8700000  4.6211 -0.5804  9.731  9.873 10.056 10.061 10.023 10.080 10.186 10.095 10.206 10.372 10.435 10.596 10.584
    6.577599 0.8700000  4.6128 -0.6146  9.801  9.939 10.120 10.121 10.083 10.140 10.242 10.150 10.261 10.423 10.484 10.641 10.632
    6.609178 0.8700000  4.6046 -0.6489  9.868 10.003 10.183 10.179 10.142 10.198 10.298 10.204 10.315 10.473 10.531 10.686 10.680
    6.643442 0.8700000  4.5964 -0.6829  9.933 10.065 10.243 10.235 10.199 10.254 10.351 10.256 10.367 10.522 10.577 10.728 10.725
    6.680818 0.8700000  4.5883 -0.7169  9.997 10.125 10.302 10.289 10.254 10.309 10.403 10.306 10.418 10.569 10.621 10.770 10.769
    6.721796 0.8700000  4.5802 -0.7507 10.058 10.183 10.359 10.341 10.307 10.361 10.453 10.354 10.467 10.614 10.664 10.810 10.812
    6.766610 0.8700000  4.5721 -0.7845 10.117 10.240 10.414 10.392 10.359 10.412 10.502 10.401 10.514 10.658 10.706 10.849 10.854
    6.815458 0.8700000  4.5640 -0.8182 10.175 10.294 10.467 10.441 10.409 10.462 10.549 10.447 10.560 10.701 10.747 10.887 10.894
    6.868278 0.8700000  4.5560 -0.8519 10.230 10.347 10.519 10.489 10.458 10.509 10.594 10.491 10.604 10.742 10.786 10.924 10.933
    6.925014 0.8700000  4.5479 -0.8856 10.284 10.398 10.569 10.535 10.504 10.555 10.638 10.533 10.647 10.781 10.824 10.959 10.970
    6.985798 0.8700000  4.5398 -0.9192 10.335 10.447 10.616 10.579 10.549 10.600 10.680 10.574 10.687 10.819 10.860 10.994 11.006
    7.050612 0.8700000  4.5317 -0.9528 10.385 10.495 10.662 10.621 10.593 10.642 10.720 10.613 10.727 10.856 10.895 11.026 11.040
    7.119065 0.8700000  4.5236 -0.9864 10.433 10.540 10.706 10.662 10.634 10.683 10.759 10.651 10.764 10.891 10.928 11.058 11.073
    7.189891 0.8700000  4.5154 -1.0203 10.479 10.584 10.749 10.702 10.675 10.723 10.797 10.687 10.801 10.925 10.961 11.089 11.105
    7.261352 0.8700000  4.5072 -1.0545 10.524 10.627 10.791 10.740 10.714 10.761 10.833 10.722 10.836 10.958 10.993 11.118 11.136
    7.331405 0.8700000  4.4988 -1.0891 10.567 10.668 10.831 10.777 10.752 10.798 10.868 10.756 10.871 10.990 11.023 11.147 11.166
    7.398711 0.8700000  4.4904 -1.1238 10.608 10.707 10.869 10.812 10.788 10.833 10.902 10.789 10.903 11.020 11.052 11.175 11.195
    7.462707 0.8700000  4.4820 -1.1588 10.648 10.745 10.905 10.846 10.822 10.867 10.934 10.820 10.934 11.049 11.081 11.201 11.222
    7.522867 0.8700000  4.4735 -1.1939 10.685 10.781 10.940 10.878 10.855 10.899 10.964 10.849 10.964 11.077 11.107 11.227 11.248
    7.579136 0.8700000  4.4649 -1.2292 10.721 10.815 10.973 10.908 10.887 10.929 10.993 10.878 10.992 11.103 11.133 11.251 11.273
    7.631803 0.8700000  4.4564 -1.2646 10.755 10.847 11.004 10.937 10.916 10.958 11.021 10.904 11.019 11.127 11.157 11.274 11.296
    7.681309 0.8700000  4.4478 -1.2999 10.786 10.877 11.033 10.963 10.944 10.985 11.046 10.929 11.043 11.150 11.179 11.295 11.317
    7.728182 0.8700000  4.4392 -1.3353 10.815 10.905 11.060 10.988 10.969 11.010 11.069 10.951 11.066 11.172 11.200 11.315 11.337
    7.772468 0.8700000  4.4305 -1.3708 10.842 10.931 11.085 11.010 10.993 11.032 11.091 10.972 11.087 11.191 11.220 11.334 11.356
    7.814568 0.8700000  4.4219 -1.4062 10.867 10.954 11.108 11.031 11.014 11.053 11.111 10.991 11.106 11.209 11.238 11.351 11.372
    7.854849 0.8700000  4.4132 -1.4416 10.889 10.975 11.128 11.050 11.034 11.071 11.128 11.009 11.123 11.225 11.254 11.366 11.387
    7.893538 0.8700000  4.4045 -1.4770 10.909 10.994 11.146 11.066 11.051 11.088 11.144 11.024 11.139 11.239 11.268 11.380 11.401
    7.930812 0.8700000  4.3959 -1.5124 10.927 11.011 11.163 11.081 11.067 11.103 11.158 11.038 11.153 11.252 11.280 11.392 11.413
    7.966830 0.8700000  4.3872 -1.5478 10.942 11.025 11.177 11.094 11.080 11.117 11.171 11.050 11.166 11.263 11.292 11.403 11.424
    8.001704 0.8700000  4.3786 -1.5832 10.957 11.039 11.191 11.106 11.093 11.129 11.183 11.062 11.178 11.274 11.302 11.413 11.435
    8.035566 0.8700000  4.3700 -1.6187 10.978 11.059 11.211 11.125 11.112 11.148 11.200 11.079 11.195 11.290 11.318 11.428 11.450
    8.068507 0.8700000  4.3613 -1.6541 11.000 11.080 11.231 11.144 11.132 11.167 11.219 11.097 11.212 11.307 11.334 11.444 11.466
    8.100600 0.8700000  4.3501 -1.6895 11.005 11.085 11.233 11.145 11.134 11.168 11.219 11.096 11.211 11.304 11.332 11.440 11.462
    8.131922 0.8700000  4.3441 -1.7250 11.050 11.128 11.276 11.188 11.177 11.210 11.260 11.137 11.252 11.344 11.371 11.480 11.501
    8.162531 0.8700000  4.3355 -1.7604 11.079 11.157 11.303 11.214 11.204 11.236 11.285 11.161 11.275 11.367 11.394 11.501 11.522
    8.192297 0.8700000  4.3268 -1.7957 11.111 11.188 11.332 11.243 11.233 11.264 11.312 11.186 11.300 11.392 11.418 11.525 11.546
    8.221832 0.8700000  4.3178 -1.8313 11.146 11.221 11.362 11.274 11.264 11.294 11.340 11.213 11.326 11.418 11.444 11.549 11.570
    8.250775 0.8700000  4.3093 -1.8667 11.185 11.259 11.397 11.309 11.300 11.329 11.373 11.244 11.357 11.448 11.474 11.578 11.599
    8.279295 0.8700000  4.3006 -1.9021 11.226 11.299 11.434 11.346 11.337 11.365 11.407 11.276 11.389 11.480 11.505 11.608 11.629
    8.307452 0.8700000  4.2917 -1.9376 11.265 11.337 11.469 11.383 11.374 11.401 11.441 11.308 11.420 11.511 11.536 11.638 11.659
    8.335248 0.8700000  4.2832 -1.9729 11.308 11.379 11.506 11.423 11.414 11.440 11.478 11.343 11.454 11.546 11.570 11.671 11.692
    8.362731 0.8700000  4.2746 -2.0083 11.351 11.422 11.545 11.464 11.456 11.479 11.516 11.379 11.489 11.581 11.606 11.705 11.726
    8.389678 0.8700000  4.2656 -2.0434 11.394 11.464 11.581 11.505 11.496 11.518 11.552 11.413 11.522 11.615 11.639 11.738 11.758
    8.416966 0.8700000  4.2565 -2.0794 11.439 11.509 11.621 11.548 11.540 11.560 11.591 11.450 11.558 11.652 11.676 11.773 11.793
    8.443675 0.8700000  4.2484 -2.1146 11.488 11.557 11.664 11.596 11.587 11.606 11.635 11.491 11.599 11.693 11.717 11.813 11.833
    8.470179 0.8700000  4.2394 -2.1501 11.535 11.603 11.704 11.640 11.631 11.648 11.676 11.529 11.636 11.731 11.755 11.850 11.869
    8.496440 0.8700000  4.2306 -2.1855 11.583 11.651 11.746 11.687 11.678 11.694 11.719 11.569 11.676 11.771 11.794 11.888 11.907
    8.522495 0.8700000  4.2220 -2.2209 11.632 11.699 11.789 11.734 11.724 11.738 11.761 11.609 11.715 11.811 11.833 11.926 11.945
    8.548342 0.8700000  4.2134 -2.2563 11.682 11.748 11.833 11.781 11.771 11.784 11.804 11.650 11.756 11.851 11.873 11.964 11.983
    8.573988 0.8700000  4.2047 -2.2917 11.732 11.797 11.876 11.827 11.818 11.829 11.847 11.691 11.796 11.890 11.912 12.001 12.020
    8.599477 0.8700000  4.1959 -2.3272 11.782 11.846 11.920 11.874 11.865 11.874 11.890 11.732 11.836 11.929 11.950 12.038 12.057
    8.624879 0.8700000  4.1872 -2.3626 11.833 11.895 11.964 11.921 11.912 11.919 11.933 11.773 11.876 11.968 11.989 12.075 12.093
    8.650205 0.8700000  4.1785 -2.3978 11.884 11.945 12.008 11.967 11.959 11.964 11.975 11.814 11.916 12.007 12.027 12.111 12.130
    8.675673 0.8700000  4.1696 -2.4333 11.934 11.994 12.052 12.013 12.005 12.008 12.017 11.854 11.956 12.044 12.064 12.145 12.164
    8.701068 0.8700000  4.1609 -2.4686 11.986 12.044 12.097 12.059 12.052 12.052 12.059 11.895 11.996 12.082 12.101 12.180 12.199
    8.726613 0.8700000  4.1521 -2.5038 12.037 12.093 12.140 12.103 12.096 12.095 12.100 11.934 12.035 12.118 12.137 12.214 12.233
    8.752132 0.8700000  4.1434 -2.5394 12.090 12.143 12.186 12.149 12.142 12.140 12.142 11.974 12.075 12.156 12.173 12.248 12.267
    8.777699 0.8700000  4.1346 -2.5747 12.143 12.193 12.231 12.195 12.189 12.184 12.183 12.015 12.115 12.193 12.210 12.282 12.301
    8.803247 0.8700000  4.1258 -2.6101 12.196 12.244 12.277 12.240 12.236 12.228 12.225 12.055 12.155 12.229 12.246 12.315 12.334
    8.828682 0.8700000  4.1171 -2.6456 12.251 12.296 12.323 12.286 12.283 12.273 12.266 12.096 12.196 12.266 12.282 12.349 12.368
    8.853952 0.8700000  4.1083 -2.6811 12.306 12.348 12.370 12.332 12.331 12.319 12.309 12.137 12.237 12.303 12.319 12.383 12.402
    8.879075 0.8700000  4.0995 -2.7166 12.362 12.401 12.419 12.379 12.379 12.364 12.351 12.178 12.278 12.341 12.356 12.418 12.437
    8.904058 0.8700000  4.0908 -2.7518 12.419 12.454 12.467 12.426 12.428 12.410 12.394 12.219 12.319 12.378 12.392 12.452 12.471
    8.929476 0.8700000  4.0820 -2.7872 12.477 12.508 12.517 12.473 12.477 12.456 12.437 12.261 12.361 12.416 12.430 12.486 12.505
    8.954905 0.8700000  4.0733 -2.8226 12.536 12.563 12.567 12.521 12.527 12.504 12.482 12.304 12.404 12.455 12.467 12.521 12.541
    8.980320 0.8700000  4.0645 -2.8580 12.596 12.620 12.619 12.570 12.577 12.552 12.526 12.347 12.447 12.494 12.506 12.557 12.576
    9.005787 0.8700000  4.0558 -2.8934 12.658 12.677 12.673 12.620 12.629 12.601 12.572 12.392 12.491 12.534 12.545 12.593 12.612
    9.031337 0.8700000  4.0471 -2.9287 12.720 12.735 12.726 12.671 12.681 12.650 12.618 12.436 12.536 12.574 12.584 12.629 12.649
    9.056984 0.8700000  4.0383 -2.9641 12.784 12.795 12.782 12.722 12.735 12.701 12.665 12.482 12.581 12.616 12.625 12.666 12.686
    9.082649 0.8700000  4.0295 -2.9997 12.850 12.858 12.840 12.776 12.791 12.754 12.714 12.530 12.629 12.659 12.667 12.706 12.726
    9.108154 0.8700000  4.0207 -3.0349 12.918 12.920 12.898 12.831 12.848 12.808 12.764 12.578 12.677 12.703 12.710 12.745 12.766
    9.133865 0.8700000  4.0119 -3.0704 12.987 12.985 12.959 12.887 12.906 12.863 12.816 12.628 12.727 12.748 12.754 12.787 12.807
    9.159822 0.8700000  4.0031 -3.1058 13.058 13.051 13.021 12.945 12.966 12.920 12.868 12.679 12.778 12.794 12.800 12.829 12.849
    9.187947 0.8700000  3.9943 -3.1411 13.129 13.118 13.083 13.002 13.026 12.976 12.921 12.730 12.828 12.840 12.845 12.870 12.890
    9.218885 0.8700000  3.9862 -3.1739 13.197 13.181 13.142 13.056 13.082 13.030 12.970 12.777 12.876 12.883 12.887 12.909 12.929
    9.248147 0.8700000  3.9824 -3.1898 13.231 13.212 13.171 13.083 13.110 13.056 12.995 12.801 12.899 12.905 12.908 12.928 12.949
    9.276865 0.8700000  3.9788 -3.2047 13.262 13.240 13.199 13.108 13.136 13.081 13.018 12.823 12.921 12.925 12.927 12.946 12.967
    9.303052 0.8700000  3.9752 -3.2192 13.293 13.269 13.226 13.133 13.162 13.105 13.041 12.845 12.943 12.945 12.946 12.963 12.984
    9.327909 0.8700000  3.9718 -3.2334 13.323 13.297 13.252 13.158 13.188 13.129 13.063 12.867 12.965 12.964 12.965 12.981 13.002
    9.351541 0.8700000  3.9684 -3.2473 13.353 13.325 13.279 13.182 13.213 13.153 13.085 12.888 12.986 12.983 12.984 12.998 13.019
    9.373399 0.8700000  3.9650 -3.2610 13.383 13.353 13.305 13.206 13.238 13.176 13.107 12.909 13.007 13.002 13.003 13.015 13.036
    9.393893 0.8700000  3.9617 -3.2745 13.412 13.381 13.330 13.230 13.263 13.200 13.129 12.930 13.028 13.021 13.021 13.032 13.053
    9.413340 0.8700000  3.9584 -3.2880 13.442 13.408 13.356 13.254 13.288 13.223 13.151 12.951 13.049 13.040 13.040 13.049 13.070
    9.432243 0.8700000  3.9551 -3.3014 13.472 13.436 13.382 13.278 13.313 13.247 13.173 12.972 13.071 13.059 13.058 13.067 13.087
    9.449803 0.8700000  3.9518 -3.3150 13.502 13.465 13.409 13.303 13.338 13.271 13.196 12.993 13.092 13.079 13.077 13.084 13.104
    9.464744 0.8700000  3.9484 -3.3287 13.534 13.494 13.437 13.328 13.365 13.296 13.219 13.016 13.114 13.099 13.097 13.102 13.122
    9.480655 0.8700000  3.9450 -3.3427 13.566 13.524 13.465 13.354 13.392 13.321 13.243 13.038 13.137 13.120 13.117 13.121 13.141
    9.495806 0.8700000  3.9414 -3.3572 13.599 13.555 13.494 13.381 13.420 13.348 13.268 13.062 13.161 13.141 13.138 13.140 13.160
    9.510480 0.8700000  3.9378 -3.3717 13.633 13.586 13.524 13.408 13.448 13.375 13.293 13.086 13.185 13.163 13.159 13.160 13.180
    9.525007 0.8700000  3.9342 -3.3865 13.668 13.619 13.554 13.436 13.478 13.402 13.319 13.111 13.210 13.186 13.181 13.180 13.200
    9.538427 0.8700000  3.9304 -3.4020 13.706 13.653 13.587 13.466 13.509 13.431 13.347 13.138 13.236 13.209 13.204 13.201 13.221
    9.551507 0.8700000  3.9264 -3.4179 13.744 13.688 13.620 13.497 13.541 13.461 13.375 13.165 13.263 13.234 13.227 13.223 13.243
    9.564200 0.8700000  3.9224 -3.4342 13.783 13.725 13.654 13.528 13.573 13.492 13.403 13.192 13.290 13.258 13.251 13.245 13.265
    9.576472 0.8700000  3.9182 -3.4510 13.823 13.763 13.690 13.561 13.607 13.524 13.433 13.221 13.319 13.284 13.277 13.268 13.288
    9.588211 0.8700000  3.9140 -3.4682 13.865 13.802 13.726 13.594 13.643 13.557 13.464 13.251 13.348 13.310 13.302 13.292 13.312
    9.599063 0.8700000  3.9097 -3.4855 13.908 13.841 13.763 13.628 13.678 13.590 13.495 13.281 13.378 13.337 13.329 13.315 13.336
    9.609520 0.8700000  3.9052 -3.5034 13.952 13.882 13.802 13.664 13.715 13.625 13.527 13.312 13.409 13.365 13.356 13.340 13.361
    9.619205 0.8700000  3.9007 -3.5216 13.997 13.924 13.842 13.700 13.753 13.661 13.560 13.344 13.441 13.393 13.383 13.365 13.386
    9.628611 0.8700000  3.8961 -3.5401 14.044 13.968 13.883 13.737 13.792 13.697 13.594 13.376 13.473 13.422 13.412 13.391 13.412
    9.637713 0.8700000  3.8914 -3.5588 14.092 14.012 13.924 13.775 13.831 13.734 13.629 13.409 13.506 13.452 13.441 13.417 13.439
    9.646470 0.8700000  3.8867 -3.5777 14.140 14.057 13.966 13.814 13.872 13.772 13.664 13.443 13.540 13.482 13.470 13.444 13.465
    9.654692 0.8700000  3.8819 -3.5970 14.190 14.104 14.010 13.854 13.913 13.811 13.700 13.478 13.574 13.513 13.500 13.471 13.493
    9.662703 0.8700000  3.8772 -3.6159 14.240 14.150 14.053 13.893 13.954 13.849 13.736 13.512 13.609 13.543 13.530 13.498 13.520
    9.670348 0.8700000  3.8721 -3.6360 14.293 14.199 14.099 13.935 13.998 13.890 13.774 13.548 13.645 13.576 13.561 13.527 13.549
    9.677986 0.8700000  3.8670 -3.6567 14.348 14.250 14.147 13.979 14.043 13.932 13.814 13.586 13.683 13.609 13.594 13.556 13.579
    9.685066 0.8700000  3.8619 -3.6769 14.403 14.300 14.194 14.022 14.088 13.974 13.853 13.623 13.720 13.642 13.626 13.586 13.608
    9.692115 0.8700000  3.8569 -3.6970 14.457 14.350 14.241 14.065 14.133 14.016 13.892 13.660 13.757 13.675 13.658 13.615 13.637
    9.698862 0.8700000  3.8518 -3.7176 14.514 14.402 14.290 14.109 14.179 14.059 13.932 13.698 13.795 13.709 13.691 13.645 13.667
    9.705472 0.8700000  3.8467 -3.7381 14.571 14.454 14.339 14.154 14.226 14.103 13.972 13.736 13.833 13.743 13.724 13.675 13.697
    9.711889 0.8700000  3.8415 -3.7592 14.630 14.509 14.390 14.200 14.274 14.148 14.014 13.776 13.873 13.778 13.758 13.706 13.728
    9.718119 0.8700000  3.8361 -3.7805 14.691 14.564 14.442 14.247 14.324 14.194 14.056 13.817 13.914 13.814 13.793 13.738 13.760
    9.724253 0.8700000  3.8308 -3.8021 14.753 14.621 14.495 14.295 14.374 14.240 14.100 13.858 13.955 13.851 13.829 13.770 13.792
    9.730215 0.8700000  3.8253 -3.8239 14.817 14.679 14.550 14.344 14.425 14.288 14.144 13.901 13.997 13.888 13.865 13.802 13.825
    9.736097 0.8700000  3.8197 -3.8465 14.883 14.740 14.606 14.396 14.479 14.337 14.190 13.945 14.041 13.927 13.902 13.836 13.859
    9.741775 0.8700000  3.8141 -3.8692 14.951 14.801 14.664 14.448 14.534 14.388 14.237 13.990 14.086 13.966 13.940 13.870 13.893
    9.747382 0.8700000  3.8084 -3.8921 15.021 14.865 14.723 14.501 14.589 14.439 14.285 14.035 14.131 14.006 13.979 13.905 13.928
    9.752873 0.8700000  3.8025 -3.9157 15.095 14.931 14.785 14.557 14.648 14.493 14.335 14.082 14.178 14.047 14.019 13.941 13.964
    9.758324 0.8700000  3.7967 -3.9391 15.169 14.998 14.848 14.613 14.706 14.547 14.384 14.130 14.225 14.088 14.058 13.977 14.000
    9.763790 0.8700000  3.7909 -3.9622 15.243 15.065 14.910 14.668 14.765 14.600 14.434 14.177 14.272 14.129 14.098 14.013 14.036
    9.769115 0.8700000  3.7850 -3.9860 15.321 15.135 14.975 14.726 14.826 14.656 14.485 14.226 14.321 14.171 14.139 14.050 14.073
    9.774300 0.8700000  3.7789 -4.0102 15.402 15.208 15.042 14.786 14.888 14.714 14.538 14.276 14.371 14.215 14.181 14.088 14.111
    9.779335 0.8700000  3.7730 -4.0341 15.484 15.281 15.110 14.846 14.952 14.772 14.591 14.326 14.421 14.258 14.223 14.125 14.149
    9.784313 0.8700000  3.7667 -4.0592 15.574 15.361 15.183 14.910 15.020 14.834 14.647 14.380 14.475 14.304 14.267 14.165 14.189
    9.789234 0.8700000  3.7603 -4.0847 15.666 15.443 15.259 14.977 15.090 14.897 14.706 14.435 14.530 14.352 14.313 14.205 14.230
    9.794099 0.8700000  3.7540 -4.1100 15.760 15.526 15.335 15.044 15.161 14.961 14.764 14.490 14.585 14.399 14.359 14.246 14.270
    9.798910 0.8700000  3.7476 -4.1357 15.858 15.612 15.415 15.113 15.234 15.027 14.824 14.547 14.641 14.448 14.406 14.287 14.312
    9.803674 0.8700000  3.7411 -4.1616 15.958 15.701 15.496 15.184 15.309 15.095 14.886 14.604 14.699 14.497 14.453 14.329 14.354
    9.808377 0.8700000  3.7345 -4.1880 16.066 15.795 15.583 15.260 15.389 15.166 14.951 14.665 14.760 14.549 14.503 14.373 14.398
    9.813036 0.8700000  3.7279 -4.2147 16.180 15.894 15.673 15.338 15.472 15.240 15.018 14.729 14.824 14.602 14.555 14.419 14.444
    9.817646 0.8700000  3.7211 -4.2418 16.298 15.996 15.767 15.420 15.559 15.317 15.088 14.794 14.889 14.657 14.607 14.465 14.491
    9.822203 0.8700000  3.7142 -4.2694 16.422 16.104 15.866 15.505 15.649 15.398 15.161 14.863 14.958 14.715 14.663 14.514 14.540
    9.826718 0.8700000  3.7070 -4.2983 16.556 16.221 15.974 15.597 15.747 15.484 15.240 14.937 15.031 14.777 14.722 14.566 14.592
    9.831185 0.8700000  3.6999 -4.3266 16.691 16.338 16.082 15.690 15.846 15.571 15.319 15.011 15.105 14.839 14.781 14.617 14.644
    9.835604 0.8700000  3.6928 -4.3553 16.831 16.460 16.195 15.787 15.949 15.662 15.402 15.089 15.182 14.904 14.842 14.671 14.698
    9.839979 0.8700000  3.6854 -4.3846 16.979 16.589 16.313 15.889 16.057 15.757 15.488 15.170 15.263 14.971 14.907 14.728 14.755
    9.844313 0.8700000  3.6780 -4.4144 17.134 16.723 16.437 15.995 16.170 15.857 15.579 15.255 15.348 15.041 14.974 14.786 14.814
    9.848603 0.8700000  3.6704 -4.4447 17.295 16.862 16.567 16.107 16.289 15.960 15.673 15.344 15.436 15.115 15.045 14.847 14.876
    9.852851 0.8700000  3.6628 -4.4753 17.462 17.007 16.702 16.223 16.411 16.067 15.771 15.436 15.528 15.191 15.117 14.911 14.940
    9.857057 0.8700000  3.6550 -4.5066 17.636 17.158 16.844 16.344 16.540 16.180 15.874 15.533 15.625 15.271 15.193 14.977 15.006
    9.861222 0.8700000  3.6469 -4.5387 17.819 17.318 16.995 16.473 16.676 16.298 15.983 15.636 15.727 15.355 15.274 15.046 15.077
    9.865350 0.8700000  3.6387 -4.5716 18.012 17.486 17.153 16.609 16.820 16.423 16.097 15.744 15.835 15.444 15.359 15.120 15.151
    9.869437 0.8700000  3.6303 -4.6052 18.215 17.662 17.320 16.753 16.970 16.554 16.218 15.857 15.948 15.537 15.448 15.198 15.229
    9.873487 0.8700000  3.6217 -4.6396 18.425 17.846 17.494 16.903 17.127 16.691 16.344 15.976 16.067 15.635 15.541 15.279 15.311
    9.877498 0.8700000  3.6129 -4.6748 18.644 18.038 17.678 17.060 17.293 16.834 16.478 16.102 16.192 15.738 15.639 15.364 15.396
    9.881470 0.8700000  3.6039 -4.7108 18.873 18.238 17.870 17.225 17.467 16.985 16.617 16.234 16.324 15.846 15.741 15.452 15.486
    9.885333 0.8700000  3.5949 -4.7471 19.110 18.446 18.069 17.397 17.647 17.140 16.762 16.371 16.461 15.959 15.848 15.545 15.580
    9.889067 0.8700000  3.5858 -4.7834 19.351 18.658 18.273 17.574 17.831 17.300 16.912 16.513 16.602 16.075 15.958 15.640 15.676
    9.892696 0.8700000  3.5768 -4.8196 19.598 18.875 18.483 17.756 18.021 17.463 17.065 16.658 16.747 16.193 16.071 15.738 15.775
    9.896222 0.8700000  3.5677 -4.8559 19.849 19.096 18.698 17.942 18.214 17.631 17.222 16.807 16.896 16.316 16.187 15.838 15.876
    9.899643 0.8700000  3.5586 -4.8922 20.105 19.322 18.917 18.133 18.412 17.801 17.383 16.960 17.048 16.441 16.305 15.941 15.980
