#   log(t)       Mwd   log(Teff)log(L/Lo) F435W F475  F502N  F550M  F555W  F606W  F625W  F658N  F660N  F775W  F814W  F850LP F892N
    6.118775 0.6800000  4.9508  1.3008  6.343  6.665  6.389  6.861  6.853  6.890  6.805  6.677  6.695  6.850  6.936  7.320  7.292
    6.123347 0.6800000  5.0230  1.4718  5.567  6.004  5.519  6.262  6.279  6.273  6.097  5.905  5.941  6.191  6.255  6.784  6.704
    6.124692 0.6800000  5.0161  1.4400  5.629  6.061  5.591  6.322  6.336  6.332  6.162  5.970  6.009  6.262  6.324  6.847  6.767
    6.126673 0.6800000  5.0094  1.4086  5.688  6.116  5.659  6.379  6.392  6.388  6.224  6.033  6.075  6.330  6.391  6.907  6.829
    6.129622 0.6800000  5.0029  1.3768  5.745  6.170  5.725  6.435  6.446  6.443  6.284  6.094  6.139  6.397  6.457  6.967  6.889
    6.133727 0.6800000  4.9963  1.3439  5.802  6.223  5.792  6.492  6.501  6.499  6.345  6.155  6.204  6.465  6.523  7.028  6.951
    6.138790 0.6800000  4.9897  1.3100  5.860  6.278  5.859  6.550  6.557  6.555  6.408  6.218  6.270  6.535  6.591  7.091  7.014
    6.144662 0.6800000  4.9829  1.2751  5.919  6.334  5.929  6.609  6.614  6.613  6.472  6.283  6.337  6.606  6.661  7.155  7.078
    6.150964 0.6800000  4.9761  1.2399  5.981  6.391  6.000  6.669  6.673  6.673  6.537  6.349  6.407  6.678  6.733  7.220  7.144
    6.157577 0.6800000  4.9691  1.2045  6.044  6.451  6.073  6.731  6.733  6.734  6.604  6.417  6.478  6.752  6.806  7.287  7.211
    6.164419 0.6800000  4.9621  1.1691  6.110  6.512  6.149  6.795  6.794  6.796  6.673  6.487  6.551  6.827  6.880  7.354  7.279
    6.171448 0.6800000  4.9550  1.1336  6.177  6.574  6.226  6.859  6.857  6.860  6.743  6.558  6.624  6.902  6.954  7.422  7.348
    6.178644 0.6800000  4.9479  1.0980  6.246  6.638  6.304  6.924  6.920  6.925  6.814  6.631  6.700  6.979  7.030  7.491  7.418
    6.185983 0.6800000  4.9406  1.0624  6.316  6.703  6.384  6.991  6.985  6.991  6.886  6.705  6.776  7.056  7.107  7.560  7.488
    6.193432 0.6800000  4.9332  1.0268  6.389  6.770  6.466  7.058  7.051  7.058  6.960  6.780  6.854  7.134  7.184  7.630  7.559
    6.200965 0.6800000  4.9258  0.9911  6.462  6.838  6.549  7.126  7.118  7.126  7.035  6.857  6.932  7.212  7.262  7.700  7.631
    6.208550 0.6800000  4.9182  0.9554  6.538  6.908  6.634  7.196  7.185  7.196  7.110  6.934  7.012  7.291  7.341  7.770  7.704
    6.216244 0.6800000  4.9106  0.9199  6.614  6.978  6.718  7.265  7.253  7.265  7.186  7.012  7.091  7.369  7.419  7.841  7.775
    6.224132 0.6800000  4.9030  0.8844  6.690  7.048  6.803  7.335  7.321  7.335  7.262  7.090  7.171  7.448  7.497  7.911  7.847
    6.232202 0.6800000  4.8954  0.8489  6.767  7.119  6.889  7.405  7.390  7.405  7.338  7.168  7.251  7.526  7.575  7.981  7.919
    6.240438 0.6800000  4.8877  0.8133  6.845  7.190  6.974  7.475  7.458  7.475  7.414  7.247  7.330  7.604  7.653  8.050  7.991
    6.248835 0.6800000  4.8800  0.7778  6.922  7.262  7.060  7.545  7.527  7.545  7.490  7.325  7.410  7.682  7.731  8.120  8.063
    6.257424 0.6800000  4.8723  0.7423  7.000  7.333  7.145  7.615  7.596  7.615  7.566  7.403  7.490  7.760  7.808  8.189  8.134
    6.266191 0.6800000  4.8645  0.7067  7.079  7.405  7.231  7.685  7.664  7.686  7.642  7.481  7.569  7.837  7.885  8.258  8.205
    6.275086 0.6800000  4.8567  0.6712  7.157  7.477  7.317  7.756  7.733  7.756  7.718  7.559  7.648  7.914  7.962  8.327  8.276
    6.284185 0.6800000  4.8489  0.6357  7.235  7.549  7.402  7.825  7.802  7.826  7.793  7.637  7.727  7.991  8.038  8.395  8.346
    6.293499 0.6800000  4.8411  0.6002  7.314  7.621  7.487  7.895  7.870  7.896  7.869  7.714  7.805  8.066  8.114  8.463  8.416
    6.303000 0.6800000  4.8332  0.5647  7.392  7.693  7.572  7.965  7.939  7.966  7.943  7.791  7.884  8.142  8.189  8.530  8.486
    6.312687 0.6800000  4.8253  0.5292  7.470  7.765  7.656  8.034  8.007  8.036  8.018  7.868  7.961  8.217  8.264  8.597  8.555
    6.322561 0.6800000  4.8174  0.4938  7.548  7.836  7.740  8.103  8.075  8.105  8.092  7.944  8.038  8.291  8.337  8.663  8.623
    6.332656 0.6800000  4.8095  0.4583  7.625  7.908  7.823  8.172  8.143  8.174  8.166  8.020  8.115  8.365  8.411  8.729  8.691
    6.342957 0.6800000  4.8015  0.4228  7.703  7.979  7.906  8.240  8.210  8.242  8.239  8.095  8.191  8.437  8.484  8.794  8.758
    6.353454 0.6800000  4.7936  0.3873  7.776  8.046  7.987  8.304  8.273  8.307  8.310  8.169  8.265  8.509  8.556  8.859  8.824
    6.364165 0.6800000  4.7856  0.3519  7.849  8.113  8.067  8.368  8.336  8.372  8.381  8.243  8.339  8.580  8.628  8.923  8.889
    6.375079 0.6800000  4.7776  0.3164  7.923  8.180  8.148  8.432  8.399  8.436  8.452  8.316  8.412  8.650  8.699  8.986  8.954
    6.386198 0.6800000  4.7695  0.2809  7.997  8.247  8.227  8.496  8.463  8.501  8.522  8.388  8.485  8.720  8.769  9.049  9.018
    6.397516 0.6800000  4.7615  0.2454  8.070  8.314  8.306  8.560  8.526  8.565  8.592  8.460  8.557  8.789  8.838  9.111  9.082
    6.409055 0.6800000  4.7534  0.2099  8.144  8.382  8.385  8.624  8.589  8.630  8.661  8.531  8.629  8.858  8.907  9.172  9.144
    6.420770 0.6800000  4.7453  0.1745  8.217  8.449  8.462  8.688  8.652  8.694  8.729  8.602  8.700  8.925  8.974  9.232  9.207
    6.432673 0.6800000  4.7372  0.1389  8.290  8.516  8.540  8.751  8.715  8.758  8.797  8.671  8.770  8.992  9.041  9.292  9.268
    6.444739 0.6800000  4.7290  0.1034  8.362  8.583  8.616  8.814  8.777  8.821  8.864  8.740  8.839  9.057  9.107  9.351  9.329
    6.457005 0.6800000  4.7208  0.0680  8.434  8.649  8.692  8.877  8.839  8.884  8.931  8.808  8.907  9.122  9.171  9.409  9.389
    6.469528 0.6800000  4.7126  0.0327  8.506  8.715  8.766  8.938  8.901  8.946  8.996  8.874  8.974  9.186  9.234  9.466  9.448
    6.482393 0.6800000  4.7044 -0.0027  8.576  8.780  8.839  9.000  8.962  9.008  9.060  8.940  9.041  9.249  9.297  9.522  9.506
    6.495546 0.6800000  4.6962 -0.0381  8.646  8.845  8.912  9.060  9.022  9.069  9.124  9.005  9.106  9.311  9.358  9.578  9.564
    6.508995 0.6800000  4.6880 -0.0734  8.716  8.908  8.983  9.120  9.082  9.129  9.187  9.069  9.170  9.371  9.419  9.632  9.620
    6.522765 0.6800000  4.6798 -0.1088  8.784  8.972  9.054  9.180  9.141  9.189  9.249  9.132  9.234  9.431  9.478  9.686  9.676
    6.536795 0.6800000  4.6715 -0.1441  8.852  9.035  9.123  9.238  9.200  9.248  9.310  9.194  9.296  9.490  9.536  9.739  9.730
    6.551199 0.6800000  4.6633 -0.1795  8.919  9.097  9.192  9.296  9.258  9.307  9.370  9.255  9.358  9.548  9.594  9.791  9.784
    6.565890 0.6800000  4.6551 -0.2148  8.985  9.158  9.259  9.353  9.315  9.364  9.429  9.315  9.418  9.605  9.650  9.842  9.837
    6.580990 0.6800000  4.6469 -0.2501  9.050  9.219  9.325  9.409  9.371  9.421  9.487  9.373  9.477  9.661  9.705  9.892  9.889
    6.596447 0.6800000  4.6387 -0.2853  9.115  9.278  9.390  9.465  9.427  9.477  9.544  9.431  9.535  9.715  9.759  9.941  9.940
    6.612375 0.6800000  4.6304 -0.3206  9.178  9.337  9.454  9.519  9.482  9.532  9.601  9.487  9.592  9.769  9.812  9.989  9.990
    6.628664 0.6800000  4.6222 -0.3558  9.240  9.395  9.517  9.573  9.535  9.586  9.656  9.543  9.648  9.821  9.864 10.037 10.039
    6.645571 0.6800000  4.6140 -0.3909  9.301  9.452  9.578  9.626  9.588  9.639  9.710  9.597  9.702  9.873  9.914 10.083 10.087
    6.662990 0.6800000  4.6058 -0.4261  9.362  9.508  9.638  9.678  9.641  9.691  9.762  9.650  9.756  9.923  9.964 10.128 10.134
    6.680892 0.6800000  4.5976 -0.4611  9.421  9.563  9.697  9.728  9.692  9.742  9.814  9.702  9.808  9.972 10.012 10.173 10.180
    6.699600 0.6800000  4.5894 -0.4962  9.479  9.617  9.754  9.778  9.742  9.793  9.865  9.752  9.859 10.020 10.059 10.216 10.225
    6.718854 0.6800000  4.5812 -0.5313  9.536  9.671  9.811  9.827  9.792  9.842  9.914  9.802  9.909 10.067 10.106 10.259 10.269
    6.738865 0.6800000  4.5729 -0.5664  9.592  9.723  9.866  9.875  9.840  9.890  9.963  9.850  9.958 10.113 10.151 10.300 10.312
    6.759577 0.6800000  4.5647 -0.6013  9.646  9.773  9.919  9.922  9.887  9.937 10.009  9.897 10.005 10.156 10.194 10.340 10.353
    6.781137 0.6800000  4.5565 -0.6362  9.699  9.823  9.971  9.967  9.933  9.983 10.055  9.942 10.051 10.199 10.236 10.379 10.393
    6.803709 0.6800000  4.5482 -0.6710  9.751  9.872 10.021 10.011  9.978 10.028 10.099  9.987 10.096 10.241 10.277 10.417 10.432
    6.827387 0.6800000  4.5400 -0.7057  9.801  9.919 10.071 10.054 10.022 10.071 10.143 10.029 10.139 10.281 10.317 10.454 10.470
    6.852426 0.6800000  4.5319 -0.7404  9.851  9.965 10.118 10.097 10.065 10.114 10.185 10.071 10.181 10.321 10.355 10.490 10.507
    6.878937 0.6800000  4.5237 -0.7750  9.899 10.010 10.165 10.138 10.107 10.155 10.225 10.112 10.222 10.359 10.393 10.525 10.543
    6.907091 0.6800000  4.5156 -0.8095  9.945 10.054 10.210 10.178 10.147 10.195 10.265 10.151 10.261 10.396 10.429 10.559 10.578
    6.937087 0.6800000  4.5075 -0.8439  9.991 10.097 10.253 10.216 10.187 10.234 10.303 10.189 10.300 10.432 10.464 10.591 10.611
    6.968948 0.6800000  4.4994 -0.8784 10.035 10.139 10.296 10.254 10.226 10.272 10.341 10.226 10.337 10.466 10.499 10.624 10.644
    7.002678 0.6800000  4.4913 -0.9128 10.078 10.179 10.337 10.291 10.263 10.309 10.377 10.261 10.373 10.500 10.531 10.655 10.676
    7.038248 0.6800000  4.4832 -0.9473 10.120 10.219 10.377 10.326 10.300 10.345 10.412 10.296 10.407 10.532 10.563 10.685 10.706
    7.075524 0.6800000  4.4750 -0.9818 10.160 10.257 10.415 10.361 10.335 10.380 10.445 10.329 10.441 10.563 10.594 10.714 10.736
    7.114371 0.6800000  4.4669 -1.0162 10.199 10.294 10.452 10.393 10.369 10.413 10.478 10.360 10.473 10.593 10.623 10.741 10.763
    7.154754 0.6800000  4.4587 -1.0506 10.236 10.329 10.487 10.425 10.402 10.445 10.508 10.391 10.503 10.621 10.651 10.768 10.790
    7.196830 0.6800000  4.4505 -1.0850 10.272 10.363 10.520 10.456 10.433 10.475 10.538 10.420 10.532 10.648 10.678 10.794 10.816
    7.240604 0.6800000  4.4424 -1.1194 10.307 10.396 10.552 10.485 10.463 10.505 10.566 10.447 10.560 10.674 10.703 10.818 10.840
    7.286059 0.6800000  4.4342 -1.1537 10.340 10.427 10.583 10.512 10.492 10.532 10.593 10.473 10.586 10.698 10.727 10.841 10.863
    7.333143 0.6800000  4.4260 -1.1881 10.371 10.457 10.612 10.539 10.520 10.559 10.618 10.498 10.611 10.721 10.750 10.863 10.885
    7.381536 0.6800000  4.4177 -1.2226 10.402 10.486 10.640 10.564 10.546 10.584 10.642 10.521 10.635 10.743 10.772 10.884 10.906
    7.430693 0.6800000  4.4094 -1.2571 10.429 10.512 10.664 10.586 10.570 10.607 10.664 10.542 10.656 10.763 10.791 10.903 10.924
    7.480091 0.6800000  4.4011 -1.2918 10.452 10.534 10.687 10.606 10.591 10.627 10.683 10.561 10.675 10.780 10.809 10.920 10.941
    7.529278 0.6800000  4.3928 -1.3266 10.473 10.554 10.706 10.624 10.609 10.645 10.700 10.578 10.692 10.796 10.824 10.935 10.956
    7.577839 0.6800000  4.3844 -1.3615 10.491 10.572 10.724 10.639 10.626 10.661 10.715 10.593 10.707 10.810 10.838 10.948 10.970
    7.625488 0.6800000  4.3760 -1.3965 10.509 10.589 10.741 10.655 10.642 10.677 10.730 10.608 10.722 10.824 10.851 10.961 10.983
    7.672018 0.6800000  4.3677 -1.4315 10.530 10.608 10.760 10.673 10.660 10.694 10.747 10.624 10.738 10.839 10.867 10.976 10.998
    7.717226 0.6800000  4.3594 -1.4667 10.550 10.628 10.779 10.691 10.679 10.712 10.764 10.641 10.755 10.855 10.883 10.991 11.013
    7.761146 0.6800000  4.3508 -1.5018 10.567 10.644 10.794 10.705 10.694 10.727 10.778 10.654 10.768 10.867 10.895 11.003 11.025
    7.803713 0.6800000  4.3424 -1.5370 10.586 10.662 10.811 10.722 10.710 10.743 10.794 10.670 10.783 10.882 10.909 11.017 11.038
    7.844906 0.6800000  4.3343 -1.5723 10.616 10.692 10.839 10.750 10.739 10.771 10.820 10.695 10.808 10.906 10.933 11.040 11.062
    7.884747 0.6800000  4.3258 -1.6076 10.647 10.721 10.867 10.777 10.766 10.798 10.846 10.719 10.832 10.929 10.956 11.062 11.084
    7.923302 0.6800000  4.3173 -1.6430 10.680 10.754 10.897 10.807 10.797 10.827 10.874 10.746 10.859 10.955 10.982 11.087 11.108
    7.960702 0.6800000  4.3082 -1.6783 10.713 10.785 10.925 10.836 10.826 10.855 10.900 10.770 10.883 10.979 11.005 11.109 11.130
    7.996824 0.6800000  4.2996 -1.7138 10.752 10.823 10.960 10.872 10.862 10.890 10.933 10.802 10.914 11.009 11.034 11.137 11.158
    8.031822 0.6800000  4.2917 -1.7492 10.795 10.866 10.999 10.912 10.902 10.929 10.970 10.837 10.949 11.044 11.069 11.171 11.192
    8.065813 0.6800000  4.2824 -1.7846 10.831 10.901 11.030 10.945 10.936 10.961 11.000 10.865 10.976 11.071 11.096 11.197 11.218
    8.098843 0.6800000  4.2742 -1.8200 10.876 10.945 11.069 10.987 10.978 11.002 11.039 10.902 11.012 11.107 11.132 11.232 11.252
    8.130770 0.6800000  4.2651 -1.8554 10.917 10.985 11.105 11.026 11.017 11.039 11.074 10.935 11.044 11.140 11.164 11.263 11.283
    8.162257 0.6800000  4.2570 -1.8910 10.966 11.034 11.148 11.073 11.064 11.085 11.117 10.976 11.085 11.181 11.205 11.302 11.323
    8.192712 0.6800000  4.2485 -1.9264 11.013 11.081 11.190 11.118 11.110 11.128 11.159 11.015 11.123 11.219 11.243 11.339 11.360
    8.222545 0.6800000  4.2393 -1.9619 11.058 11.125 11.228 11.161 11.152 11.169 11.197 11.051 11.158 11.255 11.278 11.373 11.393
    8.251810 0.6800000  4.2310 -1.9973 11.108 11.174 11.272 11.209 11.200 11.216 11.241 11.093 11.200 11.296 11.319 11.414 11.433
    8.280557 0.6800000  4.2222 -2.0327 11.156 11.221 11.313 11.255 11.246 11.260 11.283 11.132 11.238 11.335 11.357 11.450 11.469
    8.308861 0.6800000  4.2134 -2.0681 11.205 11.269 11.356 11.301 11.292 11.304 11.325 11.172 11.277 11.373 11.395 11.487 11.505
    8.336747 0.6800000  4.2047 -2.1035 11.255 11.318 11.399 11.348 11.339 11.349 11.368 11.213 11.317 11.413 11.434 11.524 11.542
    8.364210 0.6800000  4.1965 -2.1389 11.308 11.370 11.446 11.397 11.389 11.397 11.414 11.257 11.361 11.455 11.476 11.564 11.583
    8.391318 0.6800000  4.1876 -2.1743 11.358 11.419 11.490 11.444 11.435 11.442 11.456 11.297 11.400 11.493 11.514 11.600 11.619
    8.418132 0.6800000  4.1788 -2.2097 11.410 11.470 11.535 11.492 11.484 11.488 11.500 11.340 11.442 11.533 11.553 11.637 11.656
    8.444714 0.6800000  4.1702 -2.2452 11.463 11.521 11.581 11.539 11.532 11.534 11.544 11.382 11.483 11.573 11.592 11.674 11.693
    8.470979 0.6800000  4.1615 -2.2806 11.515 11.571 11.626 11.586 11.579 11.579 11.586 11.423 11.524 11.611 11.630 11.710 11.729
    8.496872 0.6800000  4.1524 -2.3160 11.566 11.620 11.669 11.630 11.624 11.623 11.627 11.462 11.563 11.647 11.665 11.742 11.761
    8.522536 0.6800000  4.1437 -2.3515 11.619 11.671 11.716 11.677 11.671 11.668 11.670 11.503 11.604 11.685 11.703 11.777 11.796
    8.547952 0.6800000  4.1350 -2.3869 11.673 11.723 11.762 11.723 11.719 11.713 11.712 11.544 11.645 11.723 11.740 11.812 11.831
    8.573108 0.6800000  4.1263 -2.4224 11.727 11.774 11.809 11.769 11.766 11.759 11.755 11.585 11.686 11.761 11.777 11.847 11.866
    8.598065 0.6800000  4.1176 -2.4578 11.782 11.826 11.856 11.816 11.814 11.804 11.797 11.627 11.727 11.798 11.814 11.881 11.900
    8.622923 0.6800000  4.1089 -2.4932 11.837 11.879 11.903 11.863 11.862 11.850 11.840 11.668 11.768 11.836 11.851 11.916 11.935
    8.647721 0.6800000  4.1002 -2.5285 11.894 11.932 11.951 11.910 11.911 11.896 11.883 11.710 11.810 11.873 11.888 11.950 11.969
    8.672464 0.6800000  4.0915 -2.5639 11.951 11.986 12.001 11.957 11.960 11.942 11.926 11.752 11.852 11.911 11.926 11.985 12.004
    8.697190 0.6800000  4.0828 -2.5992 12.009 12.040 12.050 12.005 12.009 11.989 11.970 11.794 11.894 11.949 11.963 12.020 12.039
    8.721964 0.6800000  4.0741 -2.6346 12.068 12.095 12.101 12.053 12.059 12.037 12.014 11.837 11.937 11.988 12.001 12.055 12.074
    8.746752 0.6800000  4.0654 -2.6699 12.128 12.152 12.153 12.103 12.110 12.085 12.059 11.880 11.980 12.028 12.040 12.091 12.110
    8.771471 0.6800000  4.0567 -2.7054 12.190 12.210 12.206 12.153 12.162 12.134 12.105 11.925 12.025 12.068 12.079 12.127 12.147
    8.796050 0.6800000  4.0480 -2.7409 12.252 12.268 12.260 12.204 12.215 12.184 12.151 11.970 12.069 12.109 12.119 12.164 12.184
    8.820294 0.6800000  4.0393 -2.7763 12.316 12.328 12.315 12.256 12.268 12.234 12.199 12.016 12.115 12.150 12.159 12.201 12.221
    8.844389 0.6800000  4.0305 -2.8118 12.382 12.390 12.373 12.309 12.324 12.287 12.248 12.063 12.163 12.193 12.202 12.240 12.260
    8.868175 0.6800000  4.0218 -2.8472 12.450 12.453 12.431 12.364 12.381 12.341 12.298 12.112 12.211 12.237 12.245 12.280 12.301
    8.892094 0.6800000  4.0131 -2.8826 12.518 12.517 12.492 12.420 12.439 12.396 12.349 12.162 12.261 12.283 12.289 12.322 12.342
    8.915955 0.6800000  4.0044 -2.9180 12.589 12.583 12.553 12.477 12.498 12.453 12.402 12.213 12.312 12.329 12.334 12.364 12.384
    8.939718 0.6800000  3.9956 -2.9535 12.661 12.650 12.616 12.535 12.558 12.510 12.455 12.264 12.363 12.375 12.380 12.406 12.426
    8.963801 0.6800000  3.9869 -2.9889 12.733 12.717 12.678 12.593 12.619 12.566 12.507 12.315 12.413 12.421 12.424 12.447 12.467
    8.993922 0.6800000  3.9798 -3.0195 12.798 12.777 12.735 12.645 12.673 12.617 12.555 12.361 12.459 12.463 12.465 12.484 12.505
    9.031385 0.6800000  3.9715 -3.0537 12.870 12.844 12.798 12.703 12.734 12.674 12.608 12.412 12.510 12.509 12.510 12.526 12.547
    9.070724 0.6800000  3.9630 -3.0885 12.946 12.914 12.864 12.764 12.797 12.734 12.664 12.465 12.563 12.557 12.557 12.569 12.590
    9.110185 0.6800000  3.9545 -3.1235 13.023 12.986 12.932 12.826 12.862 12.795 12.721 12.519 12.618 12.607 12.606 12.614 12.634
    9.149254 0.6800000  3.9459 -3.1587 13.102 13.060 13.002 12.890 12.929 12.858 12.780 12.576 12.674 12.658 12.655 12.660 12.679
    9.186903 0.6800000  3.9372 -3.1943 13.185 13.137 13.074 12.957 12.998 12.924 12.841 12.635 12.733 12.710 12.707 12.707 12.727
    9.222791 0.6800000  3.9284 -3.2300 13.270 13.216 13.148 13.025 13.069 12.990 12.904 12.695 12.793 12.765 12.759 12.756 12.775
    9.256805 0.6800000  3.9196 -3.2659 13.356 13.296 13.223 13.094 13.141 13.058 12.968 12.756 12.854 12.819 12.813 12.805 12.825
    9.291981 0.6800000  3.9107 -3.3019 13.444 13.378 13.300 13.165 13.215 13.127 13.032 12.818 12.916 12.875 12.867 12.854 12.875
    9.329531 0.6800000  3.9016 -3.3386 13.535 13.463 13.380 13.238 13.291 13.199 13.099 12.882 12.980 12.933 12.924 12.906 12.927
    9.363326 0.6800000  3.8927 -3.3747 13.627 13.548 13.460 13.312 13.367 13.271 13.166 12.947 13.044 12.990 12.979 12.957 12.978
    9.393779 0.6800000  3.8837 -3.4109 13.720 13.634 13.541 13.386 13.445 13.344 13.234 13.012 13.109 13.048 13.036 13.009 13.030
    9.421903 0.6800000  3.8748 -3.4467 13.814 13.722 13.623 13.461 13.523 13.417 13.303 13.077 13.174 13.107 13.093 13.060 13.082
    9.448380 0.6800000  3.8659 -3.4830 13.911 13.811 13.707 13.538 13.603 13.491 13.372 13.143 13.240 13.166 13.151 13.113 13.135
    9.471139 0.6800000  3.8570 -3.5189 14.008 13.901 13.791 13.615 13.683 13.566 13.442 13.210 13.307 13.225 13.208 13.165 13.187
    9.493998 0.6800000  3.8481 -3.5550 14.108 13.992 13.877 13.693 13.764 13.642 13.512 13.277 13.374 13.285 13.266 13.218 13.240
    9.515590 0.6800000  3.8392 -3.5909 14.209 14.084 13.964 13.772 13.846 13.719 13.583 13.345 13.442 13.345 13.325 13.271 13.293
    9.536151 0.6800000  3.8303 -3.6269 14.312 14.179 14.053 13.852 13.930 13.797 13.656 13.415 13.511 13.406 13.384 13.325 13.347
    9.554941 0.6800000  3.8213 -3.6632 14.419 14.276 14.143 13.934 14.016 13.876 13.730 13.485 13.582 13.468 13.444 13.380 13.402
    9.571952 0.6800000  3.8124 -3.6991 14.527 14.374 14.235 14.017 14.103 13.956 13.804 13.556 13.652 13.531 13.504 13.434 13.457
    9.588261 0.6800000  3.8034 -3.7353 14.640 14.476 14.329 14.101 14.192 14.038 13.880 13.628 13.724 13.593 13.565 13.489 13.512
    9.603597 0.6800000  3.7945 -3.7710 14.754 14.579 14.425 14.187 14.282 14.120 13.955 13.700 13.796 13.656 13.626 13.543 13.567
    9.618207 0.6800000  3.7855 -3.8071 14.872 14.685 14.523 14.274 14.374 14.204 14.033 13.773 13.869 13.720 13.688 13.599 13.622
    9.632100 0.6800000  3.7765 -3.8430 14.994 14.793 14.623 14.363 14.467 14.289 14.111 13.848 13.943 13.784 13.750 13.655 13.678
    9.645561 0.6800000  3.7675 -3.8791 15.122 14.907 14.728 14.455 14.565 14.378 14.192 13.924 14.019 13.850 13.813 13.711 13.735
    9.658049 0.6800000  3.7586 -3.9149 15.255 15.024 14.835 14.549 14.664 14.467 14.273 14.001 14.096 13.916 13.877 13.767 13.791
    9.670453 0.6800000  3.7496 -3.9508 15.392 15.144 14.946 14.645 14.766 14.559 14.357 14.079 14.174 13.982 13.941 13.824 13.848
    9.681907 0.6800000  3.7407 -3.9867 15.534 15.268 15.059 14.743 14.870 14.652 14.441 14.158 14.253 14.050 14.006 13.881 13.906
    9.693092 0.6800000  3.7317 -4.0227 15.687 15.401 15.180 14.847 14.981 14.751 14.530 14.242 14.337 14.120 14.073 13.940 13.966
    9.704052 0.6800000  3.7228 -4.0587 15.848 15.540 15.307 14.956 15.096 14.853 14.622 14.328 14.423 14.191 14.142 14.001 14.026
    9.714594 0.6800000  3.7137 -4.0948 16.018 15.686 15.440 15.069 15.217 14.959 14.718 14.417 14.512 14.265 14.213 14.062 14.089
    9.724610 0.6800000  3.7048 -4.1306 16.193 15.837 15.578 15.186 15.342 15.069 14.817 14.509 14.604 14.342 14.285 14.125 14.152
    9.734615 0.6800000  3.6959 -4.1665 16.377 15.995 15.723 15.309 15.473 15.183 14.920 14.606 14.699 14.420 14.360 14.190 14.217
    9.744403 0.6800000  3.6869 -4.2024 16.568 16.159 15.875 15.437 15.610 15.302 15.027 14.706 14.799 14.502 14.438 14.257 14.285
    9.753979 0.6800000  3.6778 -4.2387 16.769 16.332 16.034 15.572 15.755 15.427 15.140 14.811 14.904 14.588 14.519 14.327 14.355
    9.763051 0.6800000  3.6690 -4.2743 16.971 16.506 16.197 15.710 15.901 15.553 15.255 14.919 15.011 14.675 14.602 14.399 14.427
    9.772004 0.6800000  3.6600 -4.3103 17.181 16.688 16.367 15.855 16.055 15.686 15.375 15.031 15.123 14.766 14.689 14.473 14.503
    9.780799 0.6800000  3.6510 -4.3463 17.398 16.875 16.544 16.004 16.213 15.822 15.500 15.148 15.240 14.861 14.779 14.550 14.580
    9.789436 0.6800000  3.6420 -4.3823 17.619 17.068 16.726 16.160 16.377 15.964 15.629 15.270 15.361 14.959 14.872 14.630 14.661
    9.797877 0.6800000  3.6330 -4.4183 17.847 17.266 16.914 16.320 16.546 16.109 15.763 15.395 15.486 15.060 14.968 14.713 14.744
    9.806128 0.6800000  3.6240 -4.4544 18.080 17.469 17.108 16.486 16.720 16.259 15.901 15.525 15.615 15.165 15.068 14.798 14.830
    9.814191 0.6800000  3.6150 -4.4904 18.317 17.677 17.307 16.657 16.899 16.413 16.044 15.659 15.749 15.273 15.170 14.886 14.919
    9.822086 0.6800000  3.6060 -4.5264 18.557 17.888 17.510 16.832 17.082 16.571 16.190 15.798 15.887 15.385 15.275 14.976 15.010
    9.829842 0.6800000  3.5970 -4.5625 18.804 18.105 17.719 17.012 17.271 16.733 16.342 15.941 16.030 15.500 15.384 15.069 15.104
    9.837399 0.6800000  3.5880 -4.5986 19.055 18.326 17.933 17.198 17.464 16.899 16.497 16.088 16.177 15.619 15.497 15.166 15.202
    9.844771 0.6800000  3.5790 -4.6347 19.310 18.552 18.152 17.388 17.662 17.069 16.657 16.240 16.329 15.742 15.613 15.265 15.303
    9.851991 0.6800000  3.5700 -4.6707 19.569 18.781 18.376 17.583 17.864 17.243 16.821 16.396 16.484 15.868 15.731 15.367 15.406
    9.859068 0.6800000  3.5610 -4.7067 19.832 19.014 18.603 17.781 18.070 17.420 16.989 16.556 16.643 15.997 15.853 15.471 15.511
