#   log(t)       Mwd   log(Teff)log(L/Lo) F435W F475  F502N  F550M  F555W  F606W  F625W  F658N  F660N  F775W  F814W  F850LP F892N
    5.996718 0.7700000  5.0605  1.4671  4.440  4.975  4.546  5.412  5.421  5.394  5.306  5.121  5.187  5.615  5.731  6.362  6.144
    5.999260 0.7700000  5.0533  1.4342  4.521  5.047  4.644  5.484  5.489  5.466  5.392  5.213  5.279  5.705  5.824  6.442  6.225
    6.002510 0.7700000  5.0462  1.4008  4.601  5.118  4.741  5.555  5.558  5.537  5.478  5.305  5.371  5.795  5.917  6.523  6.306
    6.006482 0.7700000  5.0390  1.3668  4.681  5.189  4.838  5.626  5.626  5.609  5.564  5.397  5.464  5.886  6.010  6.605  6.388
    6.011073 0.7700000  5.0317  1.3322  4.763  5.262  4.937  5.699  5.696  5.682  5.651  5.491  5.558  5.977  6.105  6.688  6.471
    6.016199 0.7700000  5.0244  1.2976  4.846  5.337  5.037  5.773  5.767  5.757  5.739  5.585  5.652  6.069  6.200  6.771  6.555
    6.021772 0.7700000  5.0170  1.2625  4.932  5.413  5.138  5.849  5.840  5.833  5.828  5.680  5.747  6.162  6.296  6.854  6.639
    6.027674 0.7700000  5.0095  1.2272  5.020  5.492  5.241  5.927  5.916  5.912  5.919  5.777  5.844  6.256  6.392  6.939  6.725
    6.033825 0.7700000  5.0020  1.1918  5.109  5.572  5.344  6.007  5.993  5.992  6.011  5.873  5.941  6.350  6.488  7.023  6.810
    6.040217 0.7700000  4.9945  1.1564  5.201  5.655  5.449  6.088  6.072  6.074  6.103  5.971  6.039  6.445  6.584  7.108  6.897
    6.046821 0.7700000  4.9869  1.1209  5.295  5.741  5.555  6.171  6.153  6.158  6.197  6.069  6.137  6.540  6.680  7.192  6.984
    6.053616 0.7700000  4.9792  1.0854  5.391  5.828  5.662  6.256  6.235  6.243  6.291  6.167  6.236  6.635  6.776  7.277  7.072
    6.060568 0.7700000  4.9715  1.0498  5.489  5.917  5.770  6.342  6.319  6.330  6.386  6.266  6.336  6.730  6.872  7.362  7.159
    6.067674 0.7700000  4.9638  1.0143  5.588  6.007  5.878  6.430  6.405  6.418  6.481  6.365  6.436  6.825  6.968  7.446  7.247
    6.074950 0.7700000  4.9559  0.9787  5.690  6.100  5.988  6.519  6.493  6.508  6.578  6.465  6.536  6.921  7.063  7.531  7.336
    6.082310 0.7700000  4.9480  0.9431  5.793  6.195  6.098  6.610  6.582  6.599  6.675  6.565  6.637  7.017  7.158  7.615  7.424
    6.089852 0.7700000  4.9401  0.9077  5.897  6.290  6.208  6.700  6.671  6.691  6.771  6.664  6.737  7.111  7.252  7.698  7.512
    6.097590 0.7700000  4.9322  0.8722  6.000  6.385  6.317  6.791  6.760  6.782  6.867  6.762  6.836  7.206  7.345  7.781  7.600
    6.105536 0.7700000  4.9242  0.8367  6.104  6.481  6.426  6.882  6.850  6.874  6.964  6.861  6.936  7.299  7.438  7.864  7.687
    6.113680 0.7700000  4.9162  0.8012  6.208  6.576  6.535  6.973  6.939  6.965  7.059  6.958  7.034  7.393  7.530  7.946  7.774
    6.122016 0.7700000  4.9082  0.7657  6.312  6.673  6.643  7.064  7.029  7.057  7.155  7.056  7.132  7.485  7.621  8.027  7.860
    6.130516 0.7700000  4.9002  0.7302  6.416  6.769  6.751  7.155  7.119  7.149  7.249  7.152  7.230  7.577  7.711  8.108  7.945
    6.139247 0.7700000  4.8921  0.6948  6.520  6.864  6.858  7.245  7.209  7.240  7.344  7.248  7.326  7.668  7.800  8.188  8.030
    6.148201 0.7700000  4.8841  0.6592  6.624  6.961  6.964  7.336  7.299  7.332  7.438  7.343  7.423  7.759  7.889  8.267  8.115
    6.157318 0.7700000  4.8760  0.6238  6.727  7.056  7.070  7.426  7.388  7.423  7.531  7.437  7.518  7.848  7.977  8.345  8.198
    6.166660 0.7700000  4.8679  0.5883  6.830  7.152  7.175  7.516  7.477  7.513  7.623  7.531  7.612  7.937  8.063  8.423  8.281
    6.176198 0.7700000  4.8598  0.5528  6.933  7.247  7.279  7.605  7.566  7.604  7.715  7.623  7.706  8.025  8.149  8.500  8.364
    6.185974 0.7700000  4.8517  0.5174  7.035  7.342  7.383  7.694  7.654  7.693  7.806  7.715  7.799  8.112  8.234  8.576  8.445
    6.195969 0.7700000  4.8435  0.4819  7.137  7.436  7.485  7.783  7.742  7.782  7.896  7.806  7.890  8.198  8.318  8.652  8.526
    6.206198 0.7700000  4.8354  0.4464  7.238  7.530  7.587  7.870  7.829  7.871  7.985  7.896  7.981  8.283  8.401  8.726  8.605
    6.216643 0.7700000  4.8272  0.4110  7.338  7.623  7.687  7.957  7.916  7.958  8.074  7.984  8.071  8.368  8.482  8.800  8.684
    6.227339 0.7700000  4.8190  0.3756  7.437  7.715  7.787  8.044  8.001  8.045  8.161  8.072  8.160  8.451  8.563  8.873  8.762
    6.238273 0.7700000  4.8109  0.3401  7.535  7.807  7.885  8.129  8.087  8.132  8.248  8.159  8.248  8.533  8.643  8.945  8.839
    6.249429 0.7700000  4.8026  0.3046  7.633  7.898  7.982  8.214  8.171  8.217  8.334  8.245  8.334  8.614  8.721  9.016  8.915
    6.260801 0.7700000  4.7944  0.2692  7.730  7.988  8.079  8.298  8.255  8.302  8.418  8.329  8.420  8.694  8.799  9.085  8.990
    6.272412 0.7700000  4.7862  0.2338  7.826  8.078  8.174  8.381  8.338  8.386  8.502  8.413  8.504  8.773  8.875  9.154  9.064
    6.284246 0.7700000  4.7779  0.1983  7.921  8.166  8.268  8.464  8.420  8.469  8.585  8.495  8.588  8.851  8.950  9.223  9.137
    6.296309 0.7700000  4.7696  0.1629  8.015  8.254  8.360  8.545  8.502  8.551  8.666  8.577  8.670  8.928  9.024  9.290  9.209
    6.308565 0.7700000  4.7612  0.1274  8.108  8.341  8.452  8.626  8.582  8.632  8.747  8.657  8.751  9.003  9.097  9.356  9.280
    6.321070 0.7700000  4.7529  0.0921  8.200  8.427  8.542  8.705  8.662  8.712  8.825  8.735  8.831  9.077  9.169  9.421  9.350
    6.333914 0.7700000  4.7446  0.0567  8.290  8.511  8.630  8.783  8.740  8.791  8.903  8.813  8.909  9.150  9.239  9.484  9.419
    6.347101 0.7700000  4.7363  0.0214  8.379  8.594  8.717  8.860  8.817  8.868  8.980  8.889  8.986  9.222  9.308  9.547  9.486
    6.360654 0.7700000  4.7279 -0.0139  8.467  8.676  8.803  8.936  8.893  8.945  9.055  8.964  9.061  9.292  9.376  9.609  9.552
    6.374536 0.7700000  4.7196 -0.0492  8.553  8.757  8.887  9.010  8.968  9.020  9.129  9.037  9.136  9.362  9.443  9.669  9.617
    6.388809 0.7700000  4.7113 -0.0845  8.638  8.837  8.970  9.084  9.041  9.094  9.202  9.109  9.209  9.430  9.508  9.729  9.681
    6.403426 0.7700000  4.7029 -0.1198  8.721  8.915  9.051  9.156  9.114  9.166  9.273  9.180  9.280  9.496  9.572  9.788  9.744
    6.418453 0.7700000  4.6946 -0.1551  8.804  8.992  9.131  9.227  9.185  9.238  9.344  9.250  9.351  9.562  9.635  9.845  9.805
    6.433895 0.7700000  4.6863 -0.1903  8.884  9.068  9.209  9.296  9.255  9.308  9.412  9.318  9.419  9.626  9.697  9.902  9.866
    6.449803 0.7700000  4.6780 -0.2256  8.964  9.142  9.286  9.365  9.324  9.377  9.480  9.385  9.487  9.689  9.758  9.957  9.925
    6.466143 0.7700000  4.6697 -0.2607  9.041  9.215  9.361  9.432  9.391  9.444  9.546  9.450  9.553  9.750  9.817 10.011  9.983
    6.483178 0.7700000  4.6614 -0.2958  9.117  9.287  9.435  9.497  9.457  9.511  9.611  9.514  9.618  9.810  9.875 10.064 10.039
    6.500707 0.7700000  4.6531 -0.3310  9.192  9.357  9.507  9.562  9.522  9.576  9.674  9.577  9.681  9.869  9.931 10.116 10.095
    6.518787 0.7700000  4.6448 -0.3660  9.265  9.425  9.577  9.625  9.585  9.639  9.736  9.638  9.743  9.927  9.987 10.167 10.149
    6.537613 0.7700000  4.6365 -0.4012  9.337  9.493  9.646  9.687  9.648  9.701  9.797  9.698  9.803  9.983 10.041 10.217 10.202
    6.556966 0.7700000  4.6282 -0.4361  9.407  9.559  9.713  9.747  9.709  9.762  9.856  9.756  9.862 10.038 10.094 10.265 10.254
    6.577213 0.7700000  4.6199 -0.4711  9.476  9.623  9.779  9.806  9.768  9.821  9.914  9.813  9.920 10.091 10.145 10.313 10.304
    6.598226 0.7700000  4.6117 -0.5060  9.542  9.686  9.843  9.863  9.826  9.879  9.970  9.868  9.976 10.144 10.195 10.359 10.353
    6.620156 0.7700000  4.6033 -0.5410  9.608  9.748  9.906  9.920  9.883  9.936 10.025  9.922 10.030 10.194 10.244 10.404 10.401
    6.642956 0.7700000  4.5950 -0.5759  9.671  9.808  9.966  9.974  9.938  9.991 10.078  9.975 10.083 10.243 10.292 10.448 10.447
    6.666856 0.7700000  4.5867 -0.6106  9.733  9.866 10.025 10.027  9.992 10.044 10.130 10.026 10.134 10.291 10.338 10.490 10.492
    6.692106 0.7700000  4.5785 -0.6452  9.793  9.922 10.082 10.078 10.044 10.096 10.180 10.075 10.184 10.337 10.382 10.531 10.536
    6.718904 0.7700000  4.5702 -0.6797  9.851  9.977 10.138 10.128 10.095 10.146 10.229 10.123 10.232 10.382 10.425 10.572 10.578
    6.747600 0.7700000  4.5621 -0.7141  9.908 10.030 10.191 10.177 10.144 10.195 10.276 10.169 10.279 10.426 10.467 10.610 10.619
    6.778415 0.7700000  4.5539 -0.7484  9.962 10.082 10.243 10.224 10.191 10.242 10.322 10.214 10.324 10.468 10.508 10.648 10.659
    6.811513 0.7700000  4.5458 -0.7827 10.016 10.132 10.294 10.269 10.238 10.288 10.366 10.257 10.368 10.508 10.547 10.685 10.697
    6.847115 0.7700000  4.5376 -0.8169 10.067 10.181 10.342 10.313 10.283 10.332 10.409 10.299 10.411 10.548 10.586 10.721 10.734
    6.885339 0.7700000  4.5295 -0.8510 10.117 10.228 10.390 10.356 10.326 10.375 10.450 10.340 10.451 10.586 10.622 10.755 10.770
    6.926151 0.7700000  4.5214 -0.8852 10.165 10.274 10.435 10.397 10.368 10.417 10.490 10.379 10.491 10.623 10.658 10.788 10.805
    6.969331 0.7700000  4.5133 -0.9194 10.212 10.318 10.479 10.437 10.409 10.457 10.529 10.417 10.529 10.658 10.692 10.821 10.838
    7.014916 0.7700000  4.5051 -0.9536 10.257 10.361 10.521 10.476 10.448 10.495 10.566 10.453 10.566 10.692 10.726 10.852 10.871
    7.063018 0.7700000  4.4970 -0.9876 10.300 10.401 10.562 10.512 10.486 10.532 10.601 10.488 10.601 10.724 10.757 10.881 10.901
    7.113728 0.7700000  4.4888 -1.0217 10.341 10.441 10.601 10.547 10.522 10.567 10.636 10.521 10.634 10.756 10.788 10.910 10.930
    7.167090 0.7700000  4.4806 -1.0557 10.381 10.478 10.637 10.581 10.556 10.601 10.668 10.553 10.666 10.785 10.816 10.937 10.958
    7.222878 0.7700000  4.4725 -1.0897 10.418 10.514 10.673 10.613 10.589 10.633 10.699 10.583 10.696 10.813 10.844 10.963 10.985
    7.280587 0.7700000  4.4642 -1.1238 10.454 10.548 10.706 10.644 10.621 10.664 10.728 10.611 10.725 10.840 10.870 10.988 11.010
    7.339310 0.7700000  4.4560 -1.1582 10.489 10.581 10.739 10.673 10.651 10.694 10.756 10.639 10.753 10.866 10.895 11.012 11.034
    7.397924 0.7700000  4.4477 -1.1927 10.522 10.613 10.769 10.701 10.680 10.722 10.783 10.665 10.779 10.890 10.919 11.035 11.057
    7.455773 0.7700000  4.4393 -1.2275 10.554 10.643 10.799 10.728 10.708 10.749 10.809 10.690 10.804 10.913 10.942 11.057 11.079
    7.511961 0.7700000  4.4309 -1.2624 10.584 10.671 10.826 10.753 10.734 10.774 10.833 10.714 10.828 10.935 10.964 11.078 11.100
    7.566001 0.7700000  4.4224 -1.2975 10.612 10.698 10.852 10.777 10.759 10.798 10.856 10.736 10.850 10.956 10.985 11.098 11.119
    7.617735 0.7700000  4.4140 -1.3326 10.638 10.723 10.876 10.798 10.782 10.820 10.877 10.756 10.870 10.975 11.004 11.116 11.137
    7.667216 0.7700000  4.4055 -1.3678 10.661 10.745 10.897 10.817 10.802 10.839 10.895 10.774 10.888 10.991 11.020 11.132 11.153
    7.714693 0.7700000  4.3969 -1.4030 10.681 10.763 10.916 10.834 10.819 10.856 10.911 10.790 10.904 11.006 11.034 11.146 11.167
    7.759974 0.7700000  4.3883 -1.4383 10.698 10.780 10.932 10.848 10.834 10.870 10.925 10.803 10.918 11.019 11.047 11.157 11.179
    7.803310 0.7700000  4.3798 -1.4737 10.713 10.794 10.946 10.861 10.848 10.883 10.937 10.816 10.931 11.030 11.058 11.168 11.190
    7.844886 0.7700000  4.3713 -1.5090 10.733 10.813 10.965 10.879 10.866 10.901 10.954 10.832 10.947 11.045 11.073 11.183 11.205
    7.884854 0.7700000  4.3628 -1.5444 10.755 10.834 10.985 10.898 10.885 10.920 10.972 10.850 10.964 11.062 11.090 11.199 11.221
    7.923367 0.7700000  4.3541 -1.5798 10.775 10.853 11.003 10.915 10.903 10.937 10.988 10.865 10.980 11.076 11.104 11.213 11.234
    7.960530 0.7700000  4.3456 -1.6152 10.797 10.875 11.023 10.934 10.923 10.956 11.007 10.883 10.998 11.093 11.121 11.229 11.250
    7.996295 0.7700000  4.3373 -1.6506 10.825 10.902 11.049 10.960 10.949 10.981 11.031 10.906 11.020 11.115 11.142 11.250 11.271
    8.030975 0.7700000  4.3283 -1.6860 10.853 10.928 11.073 10.984 10.974 11.005 11.053 10.927 11.041 11.136 11.162 11.269 11.290
    8.064647 0.7700000  4.3201 -1.7215 10.889 10.964 11.107 11.017 11.007 11.038 11.084 10.957 11.071 11.165 11.191 11.297 11.318
    8.097380 0.7700000  4.3110 -1.7569 10.923 10.996 11.136 11.047 11.038 11.067 11.112 10.983 11.096 11.190 11.215 11.320 11.341
    8.129245 0.7700000  4.3023 -1.7924 10.963 11.035 11.172 11.083 11.074 11.102 11.145 11.014 11.127 11.220 11.246 11.349 11.370
    8.160323 0.7700000  4.2936 -1.8278 11.002 11.073 11.206 11.119 11.110 11.137 11.178 11.045 11.157 11.251 11.276 11.378 11.399
    8.190608 0.7700000  4.2854 -1.8633 11.045 11.115 11.245 11.160 11.151 11.177 11.216 11.081 11.193 11.286 11.311 11.412 11.433
    8.220297 0.7700000  4.2766 -1.8987 11.086 11.156 11.281 11.199 11.190 11.214 11.251 11.115 11.225 11.319 11.344 11.444 11.464
    8.249431 0.7700000  4.2679 -1.9342 11.130 11.199 11.319 11.240 11.232 11.254 11.289 11.150 11.260 11.354 11.379 11.477 11.498
    8.278122 0.7700000  4.2588 -1.9695 11.173 11.242 11.357 11.281 11.273 11.293 11.326 11.185 11.294 11.389 11.413 11.510 11.531
    8.306376 0.7700000  4.2501 -2.0050 11.220 11.288 11.397 11.326 11.317 11.336 11.367 11.223 11.331 11.427 11.450 11.547 11.567
    8.334251 0.7700000  4.2417 -2.0404 11.268 11.336 11.440 11.373 11.364 11.381 11.409 11.264 11.371 11.467 11.490 11.586 11.605
    8.361766 0.7700000  4.2331 -2.0758 11.317 11.384 11.482 11.420 11.410 11.427 11.452 11.304 11.411 11.507 11.530 11.624 11.644
    8.388975 0.7700000  4.2242 -2.1112 11.365 11.431 11.523 11.465 11.456 11.471 11.494 11.343 11.450 11.545 11.568 11.661 11.680
    8.415929 0.7700000  4.2156 -2.1466 11.414 11.479 11.566 11.512 11.503 11.516 11.537 11.384 11.490 11.585 11.607 11.699 11.718
    8.442571 0.7700000  4.2069 -2.1820 11.464 11.528 11.610 11.559 11.550 11.561 11.580 11.425 11.530 11.625 11.646 11.737 11.755
    8.468987 0.7700000  4.1982 -2.2174 11.515 11.578 11.654 11.606 11.597 11.606 11.623 11.466 11.570 11.664 11.685 11.774 11.792
    8.495117 0.7700000  4.1894 -2.2529 11.565 11.627 11.698 11.653 11.644 11.652 11.666 11.507 11.611 11.703 11.724 11.810 11.829
    8.520972 0.7700000  4.1808 -2.2883 11.617 11.678 11.744 11.701 11.693 11.698 11.710 11.549 11.652 11.743 11.763 11.848 11.867
    8.546350 0.7700000  4.1720 -2.3237 11.669 11.728 11.788 11.747 11.740 11.743 11.753 11.591 11.692 11.782 11.802 11.884 11.903
    8.564734 0.7700000  4.1656 -2.3492 11.706 11.764 11.820 11.780 11.773 11.775 11.783 11.619 11.721 11.809 11.828 11.909 11.928
    8.585997 0.7700000  4.1585 -2.3785 11.749 11.805 11.858 11.818 11.812 11.812 11.818 11.653 11.755 11.840 11.859 11.938 11.957
    8.611316 0.7700000  4.1496 -2.4140 11.801 11.855 11.902 11.864 11.857 11.856 11.859 11.693 11.794 11.877 11.896 11.972 11.991
    8.636566 0.7700000  4.1409 -2.4494 11.854 11.906 11.948 11.910 11.904 11.900 11.901 11.734 11.835 11.915 11.932 12.006 12.025
    8.661712 0.7700000  4.1322 -2.4847 11.907 11.957 11.994 11.956 11.951 11.945 11.944 11.775 11.875 11.952 11.969 12.040 12.059
    8.686894 0.7700000  4.1235 -2.5200 11.961 12.008 12.040 12.002 11.998 11.990 11.985 11.816 11.916 11.989 12.006 12.074 12.093
    8.712074 0.7700000  4.1148 -2.5554 12.016 12.060 12.087 12.048 12.046 12.035 12.027 11.857 11.957 12.027 12.043 12.109 12.128
    8.737239 0.7700000  4.1061 -2.5908 12.072 12.112 12.134 12.094 12.094 12.081 12.070 11.898 11.998 12.064 12.079 12.143 12.162
    8.762338 0.7700000  4.0973 -2.6262 12.128 12.166 12.183 12.142 12.143 12.127 12.113 11.940 12.039 12.102 12.116 12.178 12.197
    8.787346 0.7700000  4.0886 -2.6616 12.185 12.219 12.232 12.189 12.192 12.173 12.156 11.981 12.081 12.140 12.154 12.212 12.231
    8.812191 0.7700000  4.0798 -2.6971 12.244 12.274 12.282 12.237 12.241 12.220 12.200 12.023 12.123 12.178 12.191 12.247 12.266
    8.836805 0.7700000  4.0711 -2.7325 12.303 12.329 12.333 12.285 12.291 12.268 12.245 12.066 12.166 12.217 12.229 12.282 12.301
    8.861219 0.7700000  4.0623 -2.7681 12.364 12.386 12.386 12.335 12.343 12.317 12.290 12.111 12.210 12.256 12.268 12.318 12.338
    8.885423 0.7700000  4.0536 -2.8034 12.426 12.444 12.439 12.385 12.394 12.366 12.335 12.155 12.254 12.296 12.307 12.354 12.374
    8.909833 0.7700000  4.0448 -2.8388 12.488 12.503 12.493 12.436 12.447 12.415 12.382 12.200 12.299 12.337 12.346 12.390 12.410
    8.934185 0.7700000  4.0361 -2.8742 12.553 12.563 12.549 12.488 12.501 12.467 12.429 12.246 12.345 12.379 12.387 12.428 12.448
    8.958512 0.7700000  4.0273 -2.9097 12.620 12.626 12.607 12.542 12.557 12.520 12.479 12.294 12.393 12.422 12.430 12.468 12.488
    8.982872 0.7700000  4.0186 -2.9450 12.687 12.689 12.666 12.597 12.614 12.574 12.529 12.343 12.442 12.467 12.474 12.508 12.528
    9.007309 0.7700000  4.0099 -2.9804 12.757 12.754 12.727 12.654 12.673 12.630 12.581 12.393 12.492 12.512 12.518 12.550 12.570
    9.031828 0.7700000  4.0011 -3.0158 12.828 12.820 12.789 12.711 12.733 12.687 12.634 12.444 12.543 12.559 12.564 12.592 12.612
    9.056430 0.7700000  3.9923 -3.0511 12.900 12.887 12.851 12.769 12.793 12.743 12.686 12.495 12.593 12.604 12.608 12.633 12.653
    9.083075 0.7700000  3.9848 -3.0824 12.965 12.947 12.908 12.821 12.847 12.794 12.734 12.541 12.639 12.646 12.649 12.670 12.691
    9.121244 0.7700000  3.9773 -3.1134 13.030 13.007 12.964 12.873 12.902 12.845 12.782 12.587 12.685 12.687 12.689 12.707 12.728
    9.157443 0.7700000  3.9704 -3.1419 13.091 13.064 13.018 12.922 12.953 12.893 12.827 12.630 12.728 12.726 12.728 12.742 12.763
    9.190911 0.7700000  3.9639 -3.1684 13.148 13.117 13.068 12.969 13.001 12.939 12.869 12.671 12.769 12.763 12.764 12.776 12.796
    9.222024 0.7700000  3.9577 -3.1939 13.204 13.170 13.117 13.014 13.048 12.983 12.911 12.710 12.809 12.799 12.799 12.808 12.828
    9.252149 0.7700000  3.9516 -3.2188 13.260 13.222 13.166 13.059 13.095 13.027 12.952 12.749 12.848 12.835 12.833 12.840 12.860
    9.286820 0.7700000  3.9455 -3.2432 13.315 13.273 13.214 13.103 13.141 13.071 12.993 12.789 12.887 12.870 12.868 12.872 12.892
    9.319864 0.7700000  3.9395 -3.2676 13.372 13.326 13.264 13.149 13.189 13.116 13.035 12.829 12.927 12.906 12.903 12.904 12.924
    9.351357 0.7700000  3.9336 -3.2917 13.429 13.378 13.313 13.195 13.236 13.160 13.077 12.869 12.967 12.943 12.938 12.937 12.957
    9.380244 0.7700000  3.9275 -3.3163 13.488 13.433 13.365 13.242 13.286 13.207 13.120 12.911 13.009 12.980 12.974 12.970 12.990
    9.406657 0.7700000  3.9213 -3.3413 13.548 13.489 13.417 13.290 13.336 13.254 13.165 12.953 13.051 13.018 13.012 13.004 13.025
    9.432144 0.7700000  3.9150 -3.3669 13.610 13.547 13.472 13.340 13.388 13.303 13.210 12.997 13.095 13.058 13.050 13.040 13.060
    9.455334 0.7700000  3.9085 -3.3931 13.674 13.606 13.528 13.392 13.442 13.354 13.258 13.043 13.140 13.098 13.090 13.076 13.097
    9.475605 0.7700000  3.9018 -3.4204 13.742 13.670 13.588 13.446 13.499 13.407 13.307 13.091 13.188 13.141 13.132 13.114 13.135
    9.497024 0.7700000  3.8950 -3.4480 13.812 13.734 13.648 13.502 13.557 13.462 13.358 13.140 13.237 13.185 13.174 13.153 13.174
    9.516443 0.7700000  3.8881 -3.4760 13.884 13.801 13.711 13.559 13.616 13.518 13.411 13.190 13.287 13.230 13.218 13.193 13.214
    9.534448 0.7700000  3.8811 -3.5044 13.957 13.870 13.775 13.618 13.678 13.575 13.464 13.241 13.338 13.276 13.263 13.234 13.255
    9.551724 0.7700000  3.8741 -3.5326 14.032 13.938 13.839 13.677 13.739 13.632 13.518 13.292 13.389 13.322 13.307 13.274 13.296
    9.568170 0.7700000  3.8666 -3.5626 14.112 14.012 13.909 13.741 13.805 13.694 13.575 13.347 13.444 13.370 13.355 13.317 13.340
    9.583242 0.7700000  3.8594 -3.5918 14.190 14.085 13.977 13.803 13.870 13.755 13.632 13.401 13.498 13.418 13.402 13.360 13.382
    9.597728 0.7700000  3.8521 -3.6212 14.271 14.159 14.047 13.866 13.936 13.816 13.689 13.455 13.552 13.467 13.449 13.403 13.425
    9.611632 0.7700000  3.8447 -3.6507 14.353 14.234 14.117 13.930 14.003 13.879 13.747 13.511 13.608 13.515 13.496 13.446 13.468
    9.624283 0.7700000  3.8373 -3.6807 14.438 14.312 14.190 13.996 14.072 13.943 13.807 13.568 13.664 13.566 13.545 13.490 13.513
    9.636610 0.7700000  3.8297 -3.7108 14.525 14.391 14.265 14.064 14.142 14.008 13.867 13.625 13.722 13.617 13.594 13.535 13.557
    9.648385 0.7700000  3.8221 -3.7416 14.615 14.474 14.342 14.133 14.215 14.076 13.930 13.685 13.782 13.669 13.645 13.581 13.603
    9.659488 0.7700000  3.8143 -3.7728 14.708 14.558 14.421 14.205 14.290 14.144 13.994 13.747 13.843 13.723 13.697 13.628 13.651
    9.670275 0.7700000  3.8065 -3.8038 14.804 14.645 14.501 14.277 14.366 14.214 14.059 13.808 13.904 13.777 13.749 13.674 13.698
    9.680449 0.7700000  3.7987 -3.8355 14.904 14.735 14.585 14.352 14.445 14.287 14.125 13.872 13.967 13.832 13.803 13.723 13.746
    9.690361 0.7700000  3.7910 -3.8662 15.003 14.824 14.668 14.426 14.522 14.358 14.191 13.934 14.030 13.887 13.856 13.770 13.794
    9.700010 0.7700000  3.7833 -3.8975 15.106 14.916 14.753 14.502 14.603 14.432 14.259 13.998 14.094 13.942 13.910 13.819 13.843
    9.709160 0.7700000  3.7755 -3.9287 15.211 15.011 14.841 14.579 14.684 14.506 14.327 14.063 14.159 13.999 13.964 13.868 13.892
    9.717808 0.7700000  3.7677 -3.9601 15.323 15.110 14.932 14.660 14.769 14.583 14.397 14.130 14.225 14.056 14.019 13.917 13.941
    9.726554 0.7700000  3.7597 -3.9921 15.440 15.213 15.027 14.743 14.857 14.663 14.470 14.199 14.294 14.115 14.076 13.968 13.992
    9.734989 0.7700000  3.7518 -4.0240 15.560 15.319 15.124 14.828 14.947 14.744 14.544 14.268 14.363 14.175 14.134 14.019 14.043
    9.743224 0.7700000  3.7438 -4.0561 15.685 15.428 15.225 14.916 15.039 14.827 14.620 14.339 14.434 14.235 14.192 14.070 14.095
    9.751263 0.7700000  3.7357 -4.0883 15.816 15.543 15.330 15.007 15.136 14.913 14.698 14.413 14.508 14.297 14.252 14.123 14.148
    9.759076 0.7700000  3.7277 -4.1206 15.955 15.663 15.440 15.102 15.237 15.003 14.779 14.489 14.584 14.361 14.313 14.177 14.202
    9.766752 0.7700000  3.7196 -4.1529 16.099 15.788 15.554 15.200 15.341 15.095 14.862 14.567 14.662 14.426 14.376 14.232 14.258
    9.774126 0.7700000  3.7113 -4.1860 16.253 15.921 15.676 15.304 15.452 15.193 14.951 14.650 14.745 14.496 14.442 14.290 14.316
    9.781371 0.7700000  3.7031 -4.2192 16.413 16.060 15.803 15.412 15.568 15.295 15.043 14.736 14.830 14.567 14.510 14.349 14.376
    9.788497 0.7700000  3.6948 -4.2521 16.578 16.202 15.934 15.524 15.687 15.399 15.138 14.824 14.918 14.640 14.579 14.409 14.437
    9.795511 0.7700000  3.6866 -4.2852 16.749 16.350 16.071 15.640 15.811 15.507 15.236 14.917 15.010 14.716 14.652 14.472 14.500
    9.802411 0.7700000  3.6782 -4.3186 16.928 16.504 16.214 15.762 15.941 15.620 15.339 15.012 15.105 14.794 14.727 14.537 14.565
    9.809205 0.7700000  3.6698 -4.3525 17.114 16.665 16.363 15.890 16.076 15.738 15.446 15.113 15.205 14.877 14.806 14.606 14.634
    9.815894 0.7700000  3.6613 -4.3864 17.306 16.831 16.518 16.022 16.216 15.860 15.557 15.217 15.309 14.962 14.887 14.675 14.705
    9.822479 0.7700000  3.6528 -4.4207 17.504 17.003 16.680 16.160 16.363 15.987 15.672 15.326 15.418 15.051 14.971 14.748 14.778
    9.828967 0.7700000  3.6441 -4.4554 17.711 17.183 16.849 16.305 16.515 16.119 15.793 15.440 15.531 15.144 15.059 14.825 14.855
    9.835361 0.7700000  3.6353 -4.4904 17.925 17.369 17.025 16.455 16.674 16.256 15.920 15.558 15.650 15.240 15.151 14.904 14.935
    9.841662 0.7700000  3.6265 -4.5260 18.147 17.563 17.210 16.613 16.840 16.400 16.052 15.683 15.773 15.342 15.248 14.987 15.019
    9.847851 0.7700000  3.6174 -4.5622 18.377 17.764 17.402 16.778 17.013 16.549 16.190 15.813 15.903 15.448 15.348 15.074 15.106
    9.853845 0.7700000  3.6084 -4.5983 18.612 17.969 17.598 16.947 17.190 16.702 16.332 15.947 16.037 15.556 15.452 15.163 15.196
    9.859684 0.7700000  3.5993 -4.6345 18.851 18.179 17.800 17.121 17.372 16.860 16.479 16.086 16.175 15.669 15.558 15.254 15.289
    9.865363 0.7700000  3.5903 -4.6707 19.096 18.394 18.008 17.301 17.560 17.021 16.630 16.228 16.318 15.785 15.668 15.349 15.385
    9.870893 0.7700000  3.5812 -4.7069 19.345 18.615 18.221 17.485 17.752 17.187 16.785 16.376 16.465 15.905 15.781 15.447 15.484
    9.876253 0.7700000  3.5722 -4.7431 19.600 18.839 18.439 17.675 17.949 17.356 16.944 16.527 16.616 16.028 15.898 15.547 15.585
    9.881449 0.7700000  3.5631 -4.7793 19.858 19.068 18.661 17.868 18.150 17.529 17.107 16.682 16.770 16.154 16.017 15.650 15.689
