#     log(t)    Mwd   log(Teff)log(L/Lo) F435W F475W  F502N  F550M  F555W  F606W  F625W  F658N  F660N  F775W  F814W  F850LP F892N
  6.11877489 0.6800000  4.9508  1.3008  7.618  7.787  7.911  8.016  7.951  8.016  8.111  8.043  8.123  8.291  8.333  8.490  8.505
  6.12347412 0.6800000  4.9863  1.4665  7.482  7.653  7.779  7.885  7.818  7.884  7.981  7.910  7.992  8.163  8.204  8.362  8.377
  6.12489271 0.6800000  4.9801  1.4348  7.513  7.683  7.808  7.914  7.848  7.914  8.010  7.940  8.021  8.192  8.233  8.391  8.406
  6.12699938 0.6800000  4.9740  1.4035  7.544  7.713  7.839  7.944  7.878  7.944  8.040  7.970  8.052  8.222  8.263  8.421  8.436
  6.13013078 0.6800000  4.9681  1.3716  7.577  7.746  7.871  7.977  7.911  7.977  8.073  8.003  8.084  8.254  8.295  8.453  8.468
  6.13443138 0.6800000  4.9621  1.3385  7.613  7.782  7.906  8.012  7.946  8.012  8.107  8.038  8.120  8.288  8.329  8.487  8.502
  6.13969614 0.6800000  4.9560  1.3043  7.651  7.819  7.944  8.049  7.984  8.049  8.144  8.076  8.157  8.325  8.366  8.524  8.539
  6.14560321 0.6800000  4.9498  1.2696  7.689  7.858  7.981  8.087  8.022  8.087  8.182  8.114  8.195  8.362  8.403  8.561  8.576
  6.15203146 0.6800000  4.9435  1.2343  7.728  7.896  8.019  8.125  8.060  8.125  8.220  8.152  8.233  8.400  8.441  8.599  8.613
  6.15872340 0.6800000  4.9371  1.1989  7.767  7.934  8.057  8.162  8.097  8.163  8.257  8.190  8.271  8.437  8.478  8.636  8.650
  6.16563231 0.6800000  4.9307  1.1634  7.804  7.972  8.094  8.199  8.134  8.200  8.294  8.228  8.308  8.474  8.515  8.672  8.687
  6.17272289 0.6800000  4.9241  1.1278  7.842  8.009  8.131  8.235  8.171  8.237  8.330  8.265  8.345  8.510  8.551  8.708  8.723
  6.17996749 0.6800000  4.9174  1.0923  7.878  8.045  8.167  8.271  8.207  8.272  8.366  8.301  8.381  8.545  8.586  8.743  8.758
  6.18736897 0.6800000  4.9107  1.0567  7.915  8.081  8.203  8.306  8.242  8.308  8.401  8.337  8.416  8.580  8.621  8.778  8.793
  6.19488919 0.6800000  4.9038  1.0211  7.950  8.116  8.237  8.341  8.277  8.342  8.435  8.372  8.450  8.614  8.655  8.812  8.826
  6.20249667 0.6800000  4.8968  0.9854  7.985  8.151  8.271  8.374  8.311  8.375  8.469  8.406  8.484  8.647  8.688  8.845  8.859
  6.21014039 0.6800000  4.8898  0.9497  8.018  8.184  8.304  8.407  8.344  8.408  8.501  8.439  8.517  8.679  8.720  8.877  8.891
  6.21793670 0.6800000  4.8826  0.9142  8.051  8.216  8.335  8.438  8.376  8.440  8.533  8.472  8.549  8.711  8.752  8.908  8.923
  6.22590563 0.6800000  4.8755  0.8788  8.084  8.249  8.367  8.470  8.407  8.471  8.565  8.504  8.581  8.742  8.783  8.939  8.954
  6.23407864 0.6800000  4.8683  0.8432  8.116  8.280  8.398  8.501  8.439  8.503  8.596  8.536  8.613  8.773  8.813  8.969  8.984
  6.24239376 0.6800000  4.8610  0.8077  8.148  8.312  8.429  8.532  8.469  8.533  8.626  8.567  8.644  8.803  8.844  8.999  9.014
  6.25090772 0.6800000  4.8538  0.7722  8.179  8.343  8.460  8.562  8.500  8.564  8.656  8.598  8.674  8.833  8.873  9.029  9.044
  6.25960622 0.6800000  4.8464  0.7366  8.210  8.373  8.490  8.592  8.530  8.594  8.686  8.629  8.705  8.862  8.903  9.059  9.073
  6.26845826 0.6800000  4.8391  0.7011  8.241  8.404  8.520  8.622  8.560  8.624  8.716  8.659  8.735  8.891  8.932  9.088  9.102
  6.27749723 0.6800000  4.8317  0.6656  8.272  8.434  8.550  8.651  8.590  8.653  8.745  8.689  8.765  8.920  8.961  9.117  9.131
  6.28671550 0.6800000  4.8242  0.6301  8.302  8.464  8.579  8.680  8.619  8.683  8.774  8.719  8.794  8.949  8.990  9.145  9.159
  6.29612879 0.6800000  4.8168  0.5946  8.333  8.494  8.608  8.709  8.649  8.712  8.803  8.749  8.824  8.977  9.018  9.174  9.188
  6.30572806 0.6800000  4.8093  0.5591  8.363  8.523  8.637  8.738  8.678  8.740  8.832  8.779  8.853  9.005  9.047  9.202  9.215
  6.31552808 0.6800000  4.8017  0.5237  8.392  8.553  8.665  8.766  8.706  8.769  8.860  8.808  8.882  9.033  9.074  9.229  9.243
  6.32555175 0.6800000  4.7942  0.4882  8.422  8.582  8.694  8.795  8.735  8.798  8.888  8.838  8.911  9.061  9.102  9.257  9.271
  6.33577283 0.6800000  4.7866  0.4527  8.452  8.611  8.722  8.823  8.763  8.826  8.917  8.867  8.939  9.089  9.130  9.285  9.298
  6.34621422 0.6800000  4.7790  0.4172  8.481  8.640  8.751  8.851  8.792  8.855  8.945  8.896  8.968  9.117  9.157  9.312  9.326
  6.35688117 0.6800000  4.7714  0.3818  8.510  8.669  8.779  8.879  8.820  8.883  8.973  8.925  8.996  9.144  9.184  9.339  9.353
  6.36776890 0.6800000  4.7637  0.3463  8.540  8.698  8.807  8.907  8.848  8.911  9.000  8.954  9.025  9.172  9.212  9.367  9.380
  6.37887455 0.6800000  4.7560  0.3109  8.569  8.726  8.835  8.934  8.876  8.939  9.028  8.982  9.053  9.199  9.239  9.394  9.407
  6.39020719 0.6800000  4.7483  0.2754  8.598  8.755  8.863  8.962  8.903  8.966  9.055  9.011  9.082  9.226  9.266  9.421  9.434
  6.40175204 0.6800000  4.7405  0.2399  8.627  8.784  8.890  8.989  8.931  8.994  9.082  9.040  9.110  9.252  9.293  9.447  9.461
  6.41350290 0.6800000  4.7328  0.2045  8.656  8.812  8.918  9.016  8.959  9.021  9.109  9.068  9.138  9.279  9.320  9.474  9.488
  6.42547311 0.6800000  4.7250  0.1690  8.684  8.840  8.945  9.043  8.986  9.049  9.136  9.097  9.166  9.305  9.346  9.500  9.514
  6.43765315 0.6800000  4.7171  0.1335  8.713  8.868  8.972  9.070  9.013  9.075  9.163  9.124  9.193  9.332  9.372  9.526  9.540
  6.45003826 0.6800000  4.7092  0.0981  8.741  8.895  8.998  9.096  9.040  9.102  9.189  9.152  9.220  9.357  9.398  9.551  9.565
  6.46272999 0.6800000  4.7013  0.0628  8.769  8.922  9.025  9.122  9.067  9.128  9.215  9.180  9.247  9.383  9.423  9.576  9.590
  6.47574886 0.6800000  4.6934  0.0275  8.798  8.950  9.052  9.149  9.094  9.155  9.241  9.208  9.274  9.409  9.449  9.602  9.616
  6.48913301 0.6800000  4.6855 -0.0079  8.827  8.978  9.079  9.176  9.121  9.182  9.268  9.236  9.302  9.436  9.476  9.629  9.642
  6.50283524 0.6800000  4.6775 -0.0432  8.856  9.007  9.107  9.203  9.149  9.209  9.295  9.265  9.330  9.462  9.502  9.655  9.668
  6.51692518 0.6800000  4.6696 -0.0785  8.885  9.035  9.134  9.230  9.176  9.237  9.323  9.294  9.358  9.489  9.529  9.682  9.694
  6.53138089 0.6800000  4.6617 -0.1138  8.914  9.064  9.162  9.258  9.204  9.264  9.350  9.323  9.386  9.516  9.555  9.708  9.721
  6.54624005 0.6800000  4.6537 -0.1490  8.944  9.093  9.190  9.285  9.232  9.292  9.377  9.353  9.415  9.543  9.582  9.735  9.747
  6.56156465 0.6800000  4.6458 -0.1842  8.974  9.122  9.219  9.313  9.261  9.320  9.405  9.383  9.444  9.571  9.610  9.763  9.774
  6.57735947 0.6800000  4.6379 -0.2194  9.005  9.152  9.247  9.342  9.290  9.349  9.434  9.413  9.473  9.599  9.637  9.790  9.802
  6.59371082 0.6800000  4.6299 -0.2546  9.036  9.183  9.276  9.371  9.319  9.378  9.462  9.444  9.503  9.626  9.665  9.818  9.829
  6.61058915 0.6800000  4.6220 -0.2896  9.068  9.213  9.306  9.399  9.348  9.407  9.491  9.475  9.533  9.654  9.693  9.846  9.857
  6.62819617 0.6800000  4.6140 -0.3247  9.099  9.244  9.335  9.429  9.378  9.437  9.520  9.506  9.564  9.683  9.722  9.874  9.885
  6.64651234 0.6800000  4.6061 -0.3597  9.131  9.275  9.365  9.458  9.408  9.467  9.550  9.538  9.594  9.711  9.750  9.902  9.913
  6.66559203 0.6800000  4.5982 -0.3947  9.165  9.307  9.395  9.488  9.438  9.497  9.580  9.571  9.626  9.741  9.780  9.932  9.942
  6.68551298 0.6800000  4.5903 -0.4296  9.199  9.340  9.427  9.519  9.470  9.529  9.611  9.604  9.658  9.771  9.810  9.961  9.972
  6.70629094 0.6800000  4.5823 -0.4645  9.233  9.373  9.459  9.551  9.502  9.561  9.642  9.639  9.691  9.801  9.840  9.992 10.002
  6.72804274 0.6800000  4.5744 -0.4994  9.269  9.407  9.491  9.583  9.535  9.593  9.674  9.674  9.725  9.832  9.871 10.023 10.033
  6.75068877 0.6800000  4.5664 -0.5344  9.305  9.442  9.524  9.615  9.568  9.626  9.706  9.710  9.759  9.864  9.903 10.054 10.064
  6.77418566 0.6800000  4.5584 -0.5692  9.341  9.477  9.557  9.647  9.601  9.659  9.739  9.746  9.793  9.895  9.934 10.085 10.095
  6.79881526 0.6800000  4.5504 -0.6039  9.378  9.512  9.591  9.680  9.635  9.693  9.772  9.782  9.828  9.927  9.966 10.116 10.126
  6.82469108 0.6800000  4.5424 -0.6387  9.416  9.549  9.626  9.715  9.670  9.728  9.806  9.821  9.864  9.961 10.000 10.149 10.159
  6.85190088 0.6800000  4.5344 -0.6733  9.458  9.589  9.663  9.752  9.708  9.766  9.843  9.862  9.904  9.996 10.035 10.185 10.194
  6.88051239 0.6800000  4.5264 -0.7080  9.501  9.630  9.702  9.790  9.747  9.805  9.881  9.905  9.945 10.034 10.072 10.221 10.230
  6.91050705 0.6800000  4.5185 -0.7426  9.546  9.673  9.742  9.829  9.787  9.845  9.920  9.949  9.987 10.072 10.110 10.259 10.267
  6.94188248 0.6800000  4.5105 -0.7772  9.592  9.716  9.784  9.870  9.829  9.886  9.961  9.995 10.030 10.111 10.150 10.297 10.305
  6.97455096 0.6800000  4.5025 -0.8119  9.639  9.762  9.826  9.912  9.872  9.928 10.003 10.042 10.076 10.152 10.190 10.337 10.345
  7.00840905 0.6800000  4.4945 -0.8466  9.688  9.809  9.870  9.954  9.916  9.972 10.046 10.091 10.122 10.193 10.232 10.378 10.385
  7.04337667 0.6800000  4.4864 -0.8813  9.739  9.857  9.915  9.999  9.962 10.017 10.090 10.141 10.170 10.236 10.274 10.420 10.427
  7.07949204 0.6800000  4.4784 -0.9159  9.791  9.906  9.961 10.044 10.008 10.063 10.135 10.192 10.219 10.280 10.318 10.463 10.470
  7.11684818 0.6800000  4.4703 -0.9505  9.840  9.953 10.004 10.086 10.052 10.106 10.177 10.239 10.264 10.321 10.359 10.503 10.509
  7.15553626 0.6800000  4.4623 -0.9850  9.889  9.999 10.047 10.128 10.095 10.149 10.219 10.285 10.309 10.360 10.398 10.542 10.548
  7.19570128 0.6800000  4.4542 -1.0195  9.938 10.045 10.091 10.170 10.138 10.192 10.261 10.331 10.353 10.400 10.438 10.580 10.586
  7.23737428 0.6800000  4.4461 -1.0539  9.988 10.092 10.134 10.213 10.182 10.235 10.303 10.377 10.398 10.440 10.477 10.619 10.624
  7.28054958 0.6800000  4.4380 -1.0883 10.037 10.139 10.178 10.255 10.225 10.278 10.345 10.423 10.442 10.480 10.517 10.657 10.662
  7.32515941 0.6800000  4.4299 -1.1228 10.088 10.186 10.222 10.298 10.269 10.321 10.387 10.468 10.487 10.520 10.556 10.696 10.701
  7.37084232 0.6800000  4.4217 -1.1574 10.139 10.234 10.267 10.341 10.314 10.365 10.430 10.514 10.533 10.560 10.596 10.734 10.739
  7.41727212 0.6800000  4.4135 -1.1920 10.191 10.282 10.312 10.384 10.359 10.409 10.472 10.560 10.578 10.600 10.636 10.773 10.778
  7.46407346 0.6800000  4.4053 -1.2267 10.243 10.331 10.357 10.428 10.404 10.454 10.515 10.606 10.623 10.641 10.676 10.812 10.817
  7.51077950 0.6800000  4.3971 -1.2615 10.295 10.380 10.403 10.472 10.449 10.498 10.558 10.652 10.669 10.681 10.716 10.851 10.855
  7.55699017 0.6800000  4.3888 -1.2964 10.343 10.425 10.444 10.512 10.490 10.539 10.598 10.694 10.711 10.718 10.753 10.886 10.891
  7.60242500 0.6800000  4.3805 -1.3315 10.391 10.469 10.486 10.552 10.531 10.579 10.637 10.737 10.753 10.755 10.789 10.921 10.925
  7.64670404 0.6800000  4.3722 -1.3666 10.438 10.513 10.526 10.591 10.572 10.619 10.675 10.778 10.793 10.791 10.824 10.955 10.960
  7.68967810 0.6800000  4.3638 -1.4018 10.484 10.556 10.567 10.629 10.612 10.658 10.713 10.818 10.834 10.826 10.859 10.989 10.993
  7.73131335 0.6800000  4.3553 -1.4371 10.531 10.599 10.606 10.667 10.651 10.697 10.750 10.858 10.874 10.861 10.894 11.022 11.026
  7.77154027 0.6800000  4.3469 -1.4724 10.576 10.641 10.646 10.705 10.690 10.735 10.787 10.898 10.913 10.895 10.927 11.055 11.058
  7.81039469 0.6800000  4.3385 -1.5078 10.621 10.683 10.684 10.742 10.728 10.772 10.823 10.936 10.951 10.929 10.961 11.087 11.090
  7.84792053 0.6800000  4.3300 -1.5432 10.666 10.724 10.722 10.778 10.766 10.809 10.859 10.974 10.989 10.962 10.993 11.118 11.121
  7.88417083 0.6800000  4.3215 -1.5785 10.709 10.765 10.760 10.814 10.803 10.845 10.893 11.011 11.027 10.994 11.025 11.148 11.151
  7.91921753 0.6800000  4.3130 -1.6140 10.753 10.805 10.797 10.849 10.840 10.881 10.928 11.048 11.063 11.026 11.056 11.178 11.181
  7.95300417 0.6800000  4.3045 -1.6495 10.795 10.844 10.834 10.884 10.876 10.916 10.961 11.083 11.100 11.057 11.087 11.208 11.210
  7.98570436 0.6800000  4.2960 -1.6850 10.839 10.885 10.871 10.919 10.913 10.952 10.996 11.121 11.137 11.089 11.119 11.237 11.239
  8.01739889 0.6800000  4.2875 -1.7205 10.884 10.926 10.909 10.955 10.950 10.989 11.031 11.159 11.175 11.121 11.151 11.268 11.270
  8.04823188 0.6800000  4.2789 -1.7560 10.929 10.967 10.947 10.991 10.988 11.026 11.066 11.198 11.214 11.154 11.183 11.297 11.300
  8.07829969 0.6800000  4.2703 -1.7914 10.974 11.008 10.984 11.026 11.025 11.062 11.101 11.236 11.251 11.186 11.214 11.327 11.329
  8.10763410 0.6800000  4.2618 -1.8269 11.018 11.049 11.021 11.062 11.062 11.098 11.135 11.274 11.290 11.218 11.245 11.356 11.359
  8.13637631 0.6800000  4.2532 -1.8623 11.063 11.090 11.058 11.096 11.098 11.134 11.169 11.312 11.327 11.249 11.276 11.384 11.388
  8.16456176 0.6800000  4.2446 -1.8978 11.107 11.131 11.095 11.131 11.135 11.169 11.204 11.351 11.365 11.280 11.307 11.413 11.416
  8.19224021 0.6800000  4.2361 -1.9332 11.151 11.171 11.132 11.165 11.171 11.205 11.237 11.389 11.403 11.311 11.338 11.441 11.445
  8.21945094 0.6800000  4.2275 -1.9687 11.196 11.212 11.169 11.200 11.208 11.240 11.271 11.427 11.441 11.343 11.368 11.470 11.474
  8.24623888 0.6800000  4.2189 -2.0041 11.240 11.252 11.206 11.234 11.244 11.275 11.306 11.466 11.479 11.373 11.399 11.500 11.502
  8.27261273 0.6800000  4.2103 -2.0396 11.285 11.294 11.243 11.268 11.280 11.311 11.339 11.504 11.516 11.404 11.429 11.529 11.531
  8.29856645 0.6800000  4.2017 -2.0751 11.331 11.335 11.280 11.303 11.317 11.346 11.373 11.542 11.554 11.435 11.460 11.557 11.560
  8.32425914 0.6800000  4.1931 -2.1105 11.377 11.377 11.318 11.337 11.354 11.382 11.407 11.580 11.592 11.465 11.490 11.585 11.588
  8.34965005 0.6800000  4.1845 -2.1459 11.424 11.419 11.356 11.372 11.391 11.418 11.441 11.619 11.629 11.495 11.520 11.614 11.617
  8.37474034 0.6800000  4.1759 -2.1814 11.471 11.463 11.396 11.408 11.429 11.455 11.476 11.658 11.667 11.527 11.550 11.644 11.645
  8.39953222 0.6800000  4.1673 -2.2169 11.519 11.507 11.436 11.443 11.467 11.492 11.510 11.696 11.705 11.557 11.580 11.672 11.674
  8.42405945 0.6800000  4.1587 -2.2523 11.566 11.551 11.476 11.479 11.506 11.529 11.545 11.734 11.742 11.588 11.610 11.699 11.702
  8.44836571 0.6800000  4.1501 -2.2877 11.614 11.594 11.516 11.516 11.544 11.566 11.579 11.770 11.778 11.617 11.639 11.726 11.729
  8.47257383 0.6800000  4.1415 -2.3231 11.661 11.637 11.556 11.552 11.581 11.602 11.613 11.806 11.813 11.646 11.667 11.753 11.756
  8.49663880 0.6800000  4.1329 -2.3585 11.706 11.679 11.596 11.587 11.619 11.637 11.646 11.841 11.847 11.674 11.694 11.778 11.782
  8.52062576 0.6800000  4.1243 -2.3939 11.751 11.721 11.634 11.621 11.656 11.672 11.678 11.875 11.879 11.701 11.721 11.803 11.807
  8.54455514 0.6800000  4.1157 -2.4293 11.793 11.760 11.672 11.655 11.691 11.705 11.708 11.907 11.910 11.726 11.746 11.826 11.831
  8.56844559 0.6800000  4.1071 -2.4646 11.834 11.799 11.709 11.689 11.726 11.737 11.738 11.935 11.940 11.751 11.770 11.849 11.853
  8.59232255 0.6800000  4.0985 -2.5000 11.874 11.838 11.747 11.723 11.761 11.770 11.768 11.958 11.968 11.776 11.795 11.872 11.875
  8.61622962 0.6800000  4.0899 -2.5353 11.915 11.878 11.785 11.758 11.797 11.804 11.799 11.988 11.997 11.802 11.820 11.895 11.898
  8.64021558 0.6800000  4.0813 -2.5706 11.959 11.920 11.825 11.795 11.835 11.839 11.832 12.027 12.026 11.827 11.845 11.917 11.921
  8.66425611 0.6800000  4.0727 -2.6060 12.007 11.967 11.871 11.837 11.878 11.880 11.868 12.065 12.058 11.857 11.874 11.943 11.948
  8.68824540 0.6800000  4.0641 -2.6413 12.060 12.018 11.922 11.884 11.926 11.924 11.909 12.100 12.092 11.891 11.907 11.972 11.978
  8.71190525 0.6800000  4.0554 -2.6770 12.118 12.074 11.977 11.935 11.978 11.973 11.954 12.137 12.129 11.929 11.943 12.004 12.011
  8.73530664 0.6800000  4.0468 -2.7125 12.178 12.133 12.036 11.989 12.034 12.024 12.001 12.176 12.166 11.968 11.981 12.039 12.046
  8.75841252 0.6800000  4.0381 -2.7478 12.240 12.195 12.097 12.047 12.092 12.078 12.052 12.216 12.205 12.010 12.022 12.076 12.084
  8.78170645 0.6800000  4.0296 -2.7832 12.307 12.259 12.162 12.107 12.153 12.136 12.105 12.258 12.245 12.054 12.065 12.114 12.123
  8.80490161 0.6800000  4.0209 -2.8186 12.376 12.327 12.229 12.171 12.217 12.196 12.160 12.300 12.285 12.101 12.111 12.155 12.163
  8.82800837 0.6800000  4.0123 -2.8540 12.448 12.398 12.301 12.238 12.284 12.259 12.218 12.344 12.328 12.151 12.159 12.198 12.208
  8.85111194 0.6800000  4.0036 -2.8894 12.522 12.472 12.375 12.308 12.355 12.325 12.280 12.390 12.372 12.203 12.209 12.243 12.255
  8.87417120 0.6800000  3.9950 -2.9248 12.599 12.548 12.453 12.381 12.428 12.393 12.343 12.437 12.417 12.257 12.261 12.290 12.304
  8.89723988 0.6800000  3.9863 -2.9602 12.679 12.627 12.532 12.455 12.503 12.463 12.408 12.486 12.465 12.312 12.315 12.337 12.353
  8.92032249 0.6800000  3.9777 -2.9956 12.760 12.707 12.613 12.532 12.580 12.534 12.476 12.537 12.515 12.369 12.371 12.386 12.403
  8.94343050 0.6800000  3.9690 -3.0309 12.842 12.788 12.694 12.608 12.656 12.606 12.543 12.589 12.568 12.427 12.427 12.436 12.453
  8.96657984 0.6800000  3.9604 -3.0663 12.926 12.870 12.777 12.685 12.735 12.679 12.612 12.643 12.623 12.486 12.484 12.487 12.505
  8.98982449 0.6800000  3.9517 -3.1016 13.011 12.953 12.861 12.763 12.813 12.753 12.681 12.698 12.680 12.546 12.541 12.538 12.557
  9.01313483 0.6800000  3.9430 -3.1370 13.097 13.037 12.944 12.840 12.892 12.827 12.750 12.755 12.738 12.605 12.599 12.590 12.610
  9.03649475 0.6800000  3.9344 -3.1723 13.183 13.121 13.028 12.918 12.971 12.901 12.819 12.814 12.798 12.664 12.656 12.642 12.662
  9.05988500 0.6800000  3.9257 -3.2077 13.271 13.206 13.112 12.996 13.050 12.976 12.889 12.873 12.860 12.724 12.714 12.694 12.714
  9.08327910 0.6800000  3.9171 -3.2431 13.359 13.291 13.196 13.073 13.129 13.050 12.959 12.932 12.921 12.784 12.772 12.746 12.767
  9.10665100 0.6800000  3.9084 -3.2785 13.449 13.377 13.281 13.151 13.209 13.125 13.029 12.992 12.983 12.844 12.830 12.799 12.820
  9.12993204 0.6800000  3.8997 -3.3139 13.540 13.464 13.365 13.228 13.289 13.199 13.099 13.052 13.045 12.903 12.888 12.851 12.872
  9.15308043 0.6800000  3.8910 -3.3494 13.632 13.551 13.450 13.306 13.369 13.274 13.170 13.113 13.107 12.963 12.947 12.903 12.925
  9.17620569 0.6800000  3.8823 -3.3847 13.724 13.639 13.534 13.383 13.448 13.349 13.240 13.173 13.169 13.023 13.004 12.955 12.978
  9.19938801 0.6800000  3.8736 -3.4201 13.818 13.728 13.620 13.461 13.528 13.424 13.310 13.234 13.231 13.082 13.062 13.008 13.031
  9.22263002 0.6800000  3.8649 -3.4554 13.913 13.817 13.705 13.539 13.609 13.498 13.380 13.294 13.293 13.141 13.120 13.059 13.083
  9.24595382 0.6800000  3.8561 -3.4908 14.010 13.907 13.792 13.618 13.690 13.574 13.450 13.355 13.356 13.201 13.177 13.111 13.135
  9.26964344 0.6800000  3.8474 -3.5261 14.108 13.998 13.878 13.696 13.771 13.649 13.519 13.416 13.419 13.260 13.234 13.163 13.187
  9.29874027 0.6800000  3.8386 -3.5619 14.209 14.091 13.967 13.776 13.855 13.726 13.591 13.477 13.483 13.321 13.292 13.216 13.240
  9.32760843 0.6800000  3.8298 -3.5970 14.310 14.185 14.056 13.856 13.938 13.803 13.662 13.538 13.547 13.380 13.350 13.267 13.292
  9.35866352 0.6800000  3.8212 -3.6322 14.414 14.280 14.145 13.937 14.022 13.881 13.733 13.598 13.611 13.440 13.408 13.320 13.344
  9.38898405 0.6800000  3.8125 -3.6676 14.520 14.377 14.236 14.018 14.108 13.959 13.806 13.660 13.676 13.500 13.467 13.372 13.398
  9.41849518 0.6800000  3.8038 -3.7029 14.629 14.476 14.330 14.103 14.196 14.040 13.880 13.723 13.744 13.563 13.528 13.427 13.453
  9.44715864 0.6800000  3.7951 -3.7385 14.742 14.579 14.427 14.190 14.287 14.123 13.957 13.788 13.814 13.627 13.590 13.484 13.509
  9.47500179 0.6800000  3.7863 -3.7740 14.856 14.683 14.526 14.278 14.379 14.208 14.036 13.854 13.886 13.693 13.654 13.541 13.567
  9.50236762 0.6800000  3.7776 -3.8096 14.974 14.790 14.626 14.369 14.473 14.294 14.115 13.921 13.959 13.760 13.719 13.599 13.625
  9.52988484 0.6800000  3.7689 -3.8449 15.094 14.899 14.730 14.462 14.570 14.383 14.198 13.991 14.035 13.829 13.786 13.660 13.686
  9.55608517 0.6800000  3.7606 -3.8786 15.211 15.006 14.831 14.553 14.665 14.470 14.278 14.059 14.109 13.897 13.851 13.719 13.746
  9.58007766 0.6800000  3.7531 -3.9094 15.319 15.105 14.924 14.638 14.753 14.551 14.354 14.123 14.179 13.960 13.913 13.775 13.802
  9.59960711 0.6800000  3.7489 -3.9277 15.383 15.164 14.980 14.688 14.805 14.600 14.399 14.162 14.221 13.999 13.950 13.810 13.837
  9.61690436 0.6800000  3.7398 -3.9636 15.516 15.285 15.094 14.791 14.912 14.697 14.490 14.239 14.306 14.075 14.024 13.876 13.903
  9.63425114 0.6800000  3.7353 -3.9825 15.585 15.348 15.154 14.845 14.969 14.749 14.538 14.282 14.351 14.116 14.063 13.912 13.939
  9.65351500 0.6800000  3.7298 -4.0051 15.669 15.425 15.227 14.911 15.037 14.812 14.597 14.333 14.406 14.165 14.111 13.955 13.982
  9.67317119 0.6800000  3.7233 -4.0316 15.769 15.516 15.314 14.989 15.119 14.887 14.667 14.394 14.472 14.224 14.168 14.006 14.033
  9.69082927 0.6800000  3.7188 -4.0500 15.839 15.580 15.374 15.044 15.176 14.939 14.716 14.438 14.518 14.265 14.207 14.041 14.069
  9.70768530 0.6800000  3.7146 -4.0671 15.905 15.640 15.431 15.095 15.229 14.987 14.761 14.478 14.561 14.303 14.244 14.075 14.103
  9.72492803 0.6800000  3.7103 -4.0848 15.973 15.702 15.489 15.148 15.284 15.038 14.808 14.521 14.606 14.343 14.283 14.109 14.138
  9.73977315 0.6800000  3.7064 -4.1006 16.033 15.757 15.542 15.195 15.334 15.084 14.851 14.560 14.646 14.378 14.317 14.140 14.169
  9.75531903 0.6800000  3.7033 -4.1140 16.085 15.805 15.587 15.236 15.376 15.122 14.887 14.594 14.681 14.409 14.346 14.167 14.196
  9.76960314 0.6800000  3.7002 -4.1266 16.134 15.849 15.629 15.274 15.416 15.159 14.921 14.625 14.713 14.437 14.374 14.192 14.222
  9.78340046 0.6800000  3.6971 -4.1394 16.183 15.894 15.672 15.313 15.456 15.196 14.956 14.657 14.746 14.466 14.402 14.218 14.247
  9.79674504 0.6800000  3.6940 -4.1523 16.233 15.940 15.715 15.352 15.497 15.233 14.990 14.690 14.779 14.495 14.430 14.243 14.273
  9.80964548 0.6800000  3.6910 -4.1648 16.281 15.984 15.756 15.390 15.536 15.269 15.024 14.721 14.811 14.524 14.458 14.268 14.298
  9.82155888 0.6800000  3.6883 -4.1760 16.324 16.023 15.794 15.424 15.571 15.301 15.055 14.749 14.840 14.549 14.482 14.290 14.320
  9.83368715 0.6800000  3.6857 -4.1866 16.365 16.060 15.829 15.456 15.604 15.331 15.083 14.776 14.867 14.573 14.505 14.311 14.342
  9.84487910 0.6800000  3.6831 -4.1969 16.404 16.096 15.864 15.487 15.637 15.361 15.111 14.803 14.894 14.597 14.528 14.332 14.362
  9.85576751 0.6800000  3.6808 -4.2065 16.441 16.130 15.896 15.516 15.667 15.389 15.137 14.827 14.919 14.618 14.549 14.351 14.381
  9.86635075 0.6800000  3.6789 -4.2145 16.472 16.158 15.923 15.540 15.692 15.412 15.159 14.848 14.939 14.637 14.567 14.367 14.397
  9.87663951 0.6800000  3.6769 -4.2226 16.503 16.186 15.950 15.565 15.717 15.435 15.181 14.869 14.960 14.655 14.584 14.383 14.414
  9.88666030 0.6800000  3.6749 -4.2308 16.534 16.215 15.977 15.589 15.743 15.458 15.203 14.889 14.981 14.673 14.602 14.399 14.430
  9.89641487 0.6800000  3.6729 -4.2392 16.565 16.243 16.004 15.614 15.768 15.482 15.225 14.910 15.002 14.692 14.620 14.416 14.446
  9.90557911 0.6800000  3.6691 -4.2544 16.621 16.295 16.053 15.658 15.814 15.524 15.264 14.948 15.040 14.725 14.652 14.445 14.475
  9.91466956 0.6800000  3.6645 -4.2730 16.690 16.358 16.113 15.712 15.870 15.575 15.312 14.994 15.086 14.766 14.691 14.481 14.511
  9.92333708 0.6800000  3.6610 -4.2870 16.741 16.404 16.157 15.752 15.912 15.613 15.348 15.028 15.120 14.796 14.721 14.507 14.537
  9.93183348 0.6800000  3.6582 -4.2984 16.782 16.442 16.193 15.785 15.946 15.644 15.377 15.056 15.148 14.820 14.744 14.529 14.559
  9.94015771 0.6800000  3.6555 -4.3097 16.822 16.479 16.228 15.816 15.979 15.675 15.406 15.083 15.175 14.845 14.768 14.550 14.580
  9.94831064 0.6800000  3.6527 -4.3211 16.863 16.516 16.263 15.848 16.012 15.705 15.434 15.111 15.203 14.869 14.791 14.572 14.602
  9.95629214 0.6800000  3.6498 -4.3326 16.902 16.552 16.298 15.880 16.045 15.735 15.462 15.138 15.230 14.892 14.814 14.593 14.623
  9.96389529 0.6800000  3.6470 -4.3442 16.942 16.588 16.332 15.911 16.077 15.764 15.490 15.164 15.256 14.916 14.837 14.615 14.644
  9.97159510 0.6800000  3.6441 -4.3558 16.981 16.624 16.366 15.942 16.109 15.794 15.518 15.191 15.283 14.939 14.860 14.636 14.665
  9.97868679 0.6800000  3.6412 -4.3677 17.020 16.660 16.400 15.973 16.141 15.823 15.546 15.217 15.310 14.963 14.883 14.658 14.687
  9.98549203 0.6800000  3.6383 -4.3797 17.060 16.696 16.435 16.004 16.173 15.853 15.574 15.244 15.337 14.987 14.906 14.679 14.708
  9.99225375 0.6800000  3.6353 -4.3919 17.099 16.731 16.469 16.035 16.206 15.883 15.602 15.271 15.364 15.010 14.929 14.701 14.730
  9.99936918 0.6800000  3.6322 -4.4044 17.139 16.768 16.504 16.066 16.238 15.912 15.630 15.298 15.391 15.034 14.953 14.724 14.751
 10.00604260 0.6800000  3.6290 -4.4173 17.179 16.805 16.539 16.098 16.271 15.943 15.658 15.325 15.418 15.059 14.976 14.746 14.774
 10.01242859 0.6800000  3.6257 -4.4304 17.220 16.841 16.574 16.130 16.304 15.973 15.687 15.353 15.446 15.083 15.000 14.770 14.796
 10.01891534 0.6800000  3.6224 -4.4437 17.259 16.878 16.609 16.162 16.337 16.003 15.715 15.380 15.473 15.107 15.024 14.793 14.819
 10.02511096 0.6800000  3.6191 -4.4574 17.299 16.914 16.644 16.193 16.370 16.033 15.744 15.407 15.500 15.132 15.049 14.818 14.843
 10.03141018 0.6800000  3.6156 -4.4712 17.339 16.950 16.678 16.225 16.402 16.063 15.772 15.434 15.527 15.157 15.073 14.842 14.866
 10.03743100 0.6800000  3.6099 -4.4882 17.389 16.995 16.720 16.261 16.441 16.096 15.803 15.464 15.556 15.182 15.098 14.867 14.889
 10.04336831 0.6800000  3.6067 -4.5009 17.423 17.026 16.750 16.289 16.469 16.122 15.827 15.488 15.580 15.203 15.119 14.889 14.910
 10.04918308 0.6800000  3.6046 -4.5132 17.455 17.056 16.779 16.316 16.497 16.148 15.852 15.512 15.604 15.227 15.142 14.913 14.933
 10.05486679 0.6800000  3.6020 -4.5264 17.488 17.087 16.809 16.344 16.526 16.175 15.879 15.538 15.629 15.251 15.166 14.938 14.957
 10.06057772 0.6800000  3.5991 -4.5407 17.525 17.121 16.842 16.374 16.557 16.204 15.907 15.565 15.656 15.277 15.192 14.966 14.983
 10.06612304 0.6800000  3.5960 -4.5553 17.562 17.155 16.875 16.404 16.588 16.233 15.934 15.592 15.683 15.302 15.218 14.994 15.010
 10.07149977 0.6800000  3.5927 -4.5703 17.599 17.190 16.908 16.435 16.619 16.262 15.962 15.619 15.710 15.328 15.245 15.023 15.036
 10.07682088 0.6800000  3.5896 -4.5839 17.632 17.220 16.937 16.462 16.647 16.288 15.987 15.643 15.734 15.351 15.268 15.049 15.060
 10.08206865 0.6800000  3.5868 -4.5963 17.662 17.248 16.964 16.486 16.672 16.311 16.009 15.664 15.755 15.372 15.289 15.073 15.082
 10.08725969 0.6800000  3.5838 -4.6090 17.692 17.275 16.990 16.510 16.697 16.334 16.031 15.685 15.776 15.393 15.311 15.097 15.104
 10.09238557 0.6800000  3.5807 -4.6220 17.722 17.303 17.017 16.534 16.722 16.357 16.053 15.706 15.797 15.414 15.332 15.122 15.127
 10.09745364 0.6800000  3.5758 -4.6422 17.767 17.344 17.057 16.571 16.760 16.392 16.086 15.738 15.829 15.445 15.365 15.162 15.162
 10.10246196 0.6800000  3.5701 -4.6652 17.819 17.391 17.102 16.611 16.802 16.431 16.123 15.773 15.865 15.482 15.404 15.209 15.204
 10.10741232 0.6800000  3.5654 -4.6845 17.861 17.430 17.139 16.645 16.837 16.464 16.153 15.803 15.895 15.514 15.438 15.250 15.242
 10.11230931 0.6800000  3.5611 -4.7020 17.899 17.464 17.172 16.675 16.868 16.492 16.181 15.830 15.921 15.543 15.468 15.288 15.276
 10.11715191 0.6800000  3.5567 -4.7197 17.937 17.498 17.205 16.705 16.898 16.521 16.208 15.856 15.947 15.572 15.500 15.328 15.312
 10.12194288 0.6800000  3.5523 -4.7377 17.974 17.532 17.237 16.735 16.929 16.549 16.235 15.882 15.973 15.602 15.532 15.369 15.350
