#     log(t)    Mwd   log(Teff)log(L/Lo) F435W F475W  F502N  F550M  F555W  F606W  F625W  F658N  F660N  F775W  F814W  F850LP F892N
  5.78856651 1.1000000  4.9408  0.5067  9.548  9.717  9.836  9.940  9.878  9.944 10.037  9.984 10.065 10.215 10.256 10.413 10.429
  5.79374101 1.1000000  4.9341  0.4783  9.566  9.735  9.853  9.956  9.895  9.961 10.054 10.002 10.082 10.231 10.272 10.429 10.446
  5.79926293 1.1000000  4.9258  0.4435  9.588  9.756  9.874  9.976  9.915  9.981 10.074 10.023 10.102 10.251 10.292 10.449 10.465
  5.80550667 1.1000000  4.9177  0.4093  9.609  9.777  9.894  9.996  9.935 10.001 10.093 10.044 10.123 10.271 10.312 10.468 10.484
  5.81268591 1.1000000  4.9096  0.3751  9.630  9.797  9.914 10.016  9.955 10.020 10.113 10.064 10.143 10.290 10.331 10.487 10.503
  5.82085555 1.1000000  4.9014  0.3408  9.651  9.818  9.934 10.036  9.975 10.040 10.133 10.084 10.164 10.309 10.350 10.506 10.523
  5.83002849 1.1000000  4.8932  0.3063  9.672  9.839  9.954 10.056  9.995 10.060 10.153 10.105 10.184 10.329 10.370 10.525 10.542
  5.84017092 1.1000000  4.8850  0.2716  9.693  9.860  9.975 10.076 10.016 10.081 10.173 10.126 10.205 10.348 10.389 10.545 10.562
  5.85126001 1.1000000  4.8768  0.2369  9.715  9.881  9.995 10.096 10.037 10.101 10.192 10.147 10.225 10.368 10.409 10.565 10.581
  5.86325192 1.1000000  4.8685  0.2021  9.736  9.902 10.016 10.116 10.057 10.122 10.212 10.168 10.246 10.387 10.428 10.584 10.600
  5.87610473 1.1000000  4.8602  0.1672  9.758  9.922 10.036 10.136 10.077 10.142 10.232 10.189 10.266 10.407 10.448 10.603 10.620
  5.88974127 1.1000000  4.8519  0.1323  9.779  9.943 10.056 10.156 10.097 10.162 10.252 10.210 10.287 10.427 10.467 10.622 10.639
  5.90418017 1.1000000  4.8435  0.0972  9.801  9.964 10.076 10.177 10.118 10.182 10.272 10.231 10.308 10.447 10.487 10.642 10.659
  5.91935095 1.1000000  4.8352  0.0623  9.823  9.985 10.097 10.196 10.138 10.202 10.292 10.253 10.329 10.466 10.506 10.661 10.678
  5.93527713 1.1000000  4.8269  0.0273  9.844 10.007 10.117 10.217 10.159 10.223 10.313 10.274 10.350 10.486 10.526 10.681 10.698
  5.95205221 1.1000000  4.8186 -0.0077  9.866 10.028 10.138 10.237 10.179 10.243 10.333 10.296 10.371 10.506 10.546 10.701 10.717
  5.96961871 1.1000000  4.8102 -0.0426  9.888 10.050 10.159 10.257 10.200 10.264 10.353 10.317 10.392 10.526 10.566 10.720 10.737
  5.98809696 1.1000000  4.8019 -0.0775  9.910 10.071 10.179 10.277 10.221 10.285 10.374 10.338 10.413 10.545 10.586 10.740 10.757
  6.00756529 1.1000000  4.7936 -0.1124  9.931 10.092 10.200 10.297 10.241 10.305 10.394 10.360 10.434 10.565 10.605 10.760 10.776
  6.02803650 1.1000000  4.7853 -0.1471  9.953 10.114 10.220 10.317 10.262 10.325 10.414 10.381 10.455 10.585 10.625 10.779 10.796
  6.04975631 1.1000000  4.7770 -0.1819  9.975 10.135 10.241 10.338 10.283 10.346 10.434 10.403 10.476 10.605 10.645 10.799 10.815
  6.07274944 1.1000000  4.7687 -0.2166  9.997 10.156 10.262 10.358 10.304 10.367 10.454 10.424 10.497 10.625 10.665 10.818 10.835
  6.09719639 1.1000000  4.7605 -0.2512 10.019 10.178 10.282 10.378 10.324 10.387 10.474 10.446 10.519 10.645 10.685 10.838 10.854
  6.12316214 1.1000000  4.7522 -0.2857 10.041 10.199 10.303 10.399 10.345 10.408 10.495 10.468 10.540 10.665 10.705 10.858 10.874
  6.15091394 1.1000000  4.7440 -0.3202 10.064 10.221 10.323 10.419 10.365 10.428 10.515 10.490 10.561 10.685 10.725 10.877 10.893
  6.18049233 1.1000000  4.7358 -0.3546 10.086 10.243 10.344 10.440 10.386 10.449 10.536 10.512 10.583 10.705 10.745 10.897 10.913
  6.21229996 1.1000000  4.7276 -0.3888 10.109 10.265 10.365 10.461 10.408 10.470 10.557 10.534 10.605 10.725 10.765 10.918 10.933
  6.24690102 1.1000000  4.7195 -0.4228 10.132 10.287 10.386 10.481 10.429 10.491 10.577 10.557 10.627 10.745 10.785 10.937 10.953
  6.28478786 1.1000000  4.7114 -0.4566 10.154 10.309 10.408 10.502 10.450 10.512 10.598 10.579 10.649 10.765 10.805 10.957 10.973
  6.32690582 1.1000000  4.7033 -0.4902 10.177 10.332 10.429 10.523 10.471 10.533 10.619 10.602 10.671 10.785 10.825 10.977 10.993
  6.37428483 1.1000000  4.6954 -0.5234 10.200 10.354 10.450 10.544 10.492 10.554 10.640 10.624 10.693 10.806 10.845 10.997 11.013
  6.42854125 1.1000000  4.6875 -0.5563 10.223 10.376 10.471 10.565 10.513 10.575 10.660 10.647 10.715 10.826 10.865 11.017 11.033
  6.49141444 1.1000000  4.6797 -0.5888 10.246 10.398 10.492 10.585 10.535 10.596 10.681 10.670 10.737 10.846 10.885 11.037 11.053
  6.56509512 1.1000000  4.6721 -0.6210 10.269 10.420 10.513 10.606 10.556 10.618 10.702 10.692 10.759 10.866 10.905 11.057 11.073
  6.65117333 1.1000000  4.6644 -0.6531 10.292 10.443 10.535 10.627 10.578 10.639 10.723 10.715 10.781 10.887 10.926 11.078 11.093
  6.74965272 1.1000000  4.6568 -0.6852 10.315 10.465 10.556 10.649 10.599 10.661 10.744 10.739 10.804 10.907 10.946 11.098 11.114
  6.85678744 1.1000000  4.6490 -0.7180 10.340 10.489 10.579 10.671 10.622 10.683 10.766 10.763 10.828 10.929 10.968 11.120 11.136
  6.96521676 1.1000000  4.6410 -0.7515 10.366 10.514 10.603 10.694 10.646 10.707 10.790 10.789 10.853 10.952 10.991 11.142 11.158
  7.06806524 1.1000000  4.6329 -0.7857 10.393 10.540 10.627 10.718 10.671 10.731 10.814 10.815 10.878 10.975 11.014 11.165 11.181
  7.16251941 1.1000000  4.6246 -0.8203 10.420 10.566 10.652 10.743 10.696 10.756 10.838 10.843 10.904 10.999 11.038 11.189 11.204
  7.24874768 1.1000000  4.6163 -0.8551 10.448 10.593 10.677 10.767 10.722 10.781 10.863 10.870 10.931 11.023 11.062 11.212 11.228
  7.32715148 1.1000000  4.6079 -0.8901 10.475 10.620 10.703 10.792 10.747 10.807 10.888 10.898 10.958 11.047 11.086 11.236 11.252
  7.39861387 1.1000000  4.5994 -0.9253 10.504 10.648 10.730 10.818 10.774 10.833 10.913 10.927 10.986 11.072 11.111 11.261 11.276
  7.46376534 1.1000000  4.5908 -0.9606 10.535 10.678 10.757 10.844 10.801 10.861 10.940 10.957 11.015 11.098 11.137 11.287 11.302
  7.52340168 1.1000000  4.5823 -0.9960 10.567 10.708 10.786 10.872 10.830 10.889 10.968 10.989 11.045 11.125 11.164 11.313 11.328
  7.57820287 1.1000000  4.5737 -1.0316 10.599 10.739 10.815 10.901 10.859 10.918 10.996 11.021 11.076 11.152 11.191 11.341 11.355
  7.62864461 1.1000000  4.5651 -1.0671 10.632 10.771 10.844 10.929 10.889 10.947 11.025 11.055 11.107 11.180 11.219 11.368 11.383
  7.67545703 1.1000000  4.5564 -1.1027 10.666 10.803 10.875 10.959 10.920 10.978 11.055 11.089 11.140 11.209 11.247 11.396 11.411
  7.71906620 1.1000000  4.5478 -1.1383 10.701 10.836 10.906 10.990 10.951 11.009 11.086 11.124 11.173 11.238 11.277 11.425 11.440
  7.75996055 1.1000000  4.5392 -1.1739 10.739 10.872 10.939 11.022 10.984 11.042 11.118 11.161 11.209 11.270 11.308 11.456 11.470
  7.79857908 1.1000000  4.5305 -1.2095 10.779 10.910 10.974 11.057 11.020 11.077 11.153 11.202 11.247 11.303 11.341 11.489 11.503
  7.83532626 1.1000000  4.5218 -1.2450 10.821 10.950 11.011 11.092 11.057 11.114 11.188 11.244 11.287 11.337 11.375 11.523 11.536
  7.87065577 1.1000000  4.5133 -1.2804 10.865 10.991 11.049 11.129 11.095 11.152 11.226 11.287 11.328 11.373 11.411 11.558 11.571
  7.90495641 1.1000000  4.5046 -1.3159 10.910 11.034 11.089 11.168 11.135 11.192 11.264 11.333 11.371 11.410 11.448 11.595 11.608
  7.93821199 1.1000000  4.4960 -1.3513 10.957 11.078 11.129 11.207 11.176 11.233 11.304 11.380 11.415 11.448 11.486 11.632 11.645
  7.97055836 1.1000000  4.4874 -1.3868 11.006 11.125 11.172 11.248 11.219 11.275 11.346 11.428 11.462 11.488 11.526 11.671 11.684
  8.00211237 1.1000000  4.4788 -1.4222 11.056 11.172 11.215 11.290 11.263 11.319 11.388 11.479 11.509 11.529 11.567 11.711 11.723
  8.03296939 1.1000000  4.4702 -1.4576 11.105 11.218 11.257 11.331 11.305 11.361 11.429 11.526 11.554 11.568 11.605 11.749 11.761
  8.06318015 1.1000000  4.4615 -1.4930 11.153 11.263 11.299 11.371 11.347 11.402 11.469 11.572 11.598 11.606 11.643 11.786 11.798
  8.09278689 1.1000000  4.4529 -1.5286 11.203 11.310 11.342 11.412 11.390 11.444 11.510 11.618 11.643 11.645 11.681 11.823 11.835
  8.12175588 1.1000000  4.4442 -1.5640 11.253 11.357 11.385 11.453 11.433 11.487 11.551 11.664 11.687 11.683 11.720 11.861 11.872
  8.15031441 1.1000000  4.4355 -1.5994 11.304 11.404 11.429 11.495 11.476 11.529 11.592 11.710 11.732 11.722 11.758 11.898 11.910
  8.17851716 1.1000000  4.4269 -1.6347 11.355 11.452 11.473 11.537 11.519 11.572 11.634 11.756 11.777 11.761 11.797 11.936 11.947
  8.20639953 1.1000000  4.4182 -1.6701 11.407 11.500 11.517 11.579 11.564 11.616 11.676 11.803 11.823 11.801 11.836 11.973 11.985
  8.23398332 1.1000000  4.4095 -1.7055 11.460 11.549 11.563 11.622 11.609 11.660 11.719 11.849 11.868 11.840 11.876 12.011 12.023
  8.26130652 1.1000000  4.4009 -1.7409 11.514 11.599 11.609 11.666 11.654 11.704 11.762 11.896 11.914 11.881 11.915 12.050 12.061
  8.28846020 1.1000000  4.3922 -1.7763 11.565 11.646 11.651 11.706 11.696 11.746 11.802 11.940 11.958 11.918 11.952 12.086 12.097
  8.31544274 1.1000000  4.3836 -1.8116 11.612 11.690 11.692 11.745 11.736 11.785 11.840 11.982 11.999 11.953 11.987 12.119 12.130
  8.34225025 1.1000000  4.3749 -1.8470 11.659 11.734 11.732 11.783 11.776 11.824 11.877 12.023 12.039 11.988 12.022 12.152 12.163
  8.36892542 1.1000000  4.3663 -1.8823 11.706 11.777 11.771 11.820 11.815 11.862 11.914 12.063 12.079 12.022 12.055 12.185 12.195
  8.39550871 1.1000000  4.3576 -1.9177 11.752 11.819 11.810 11.857 11.853 11.900 11.950 12.102 12.118 12.056 12.088 12.217 12.227
  8.42202348 1.1000000  4.3489 -1.9530 11.797 11.861 11.849 11.893 11.891 11.936 11.985 12.140 12.156 12.088 12.121 12.248 12.258
  8.44849356 1.1000000  4.3403 -1.9883 11.842 11.902 11.887 11.928 11.928 11.973 12.020 12.178 12.194 12.120 12.152 12.278 12.288
  8.47486844 1.1000000  4.3316 -2.0237 11.886 11.942 11.924 11.963 11.964 12.008 12.054 12.214 12.231 12.152 12.183 12.308 12.318
  8.50113455 1.1000000  4.3229 -2.0591 11.930 11.983 11.961 11.997 12.000 12.043 12.087 12.250 12.267 12.182 12.214 12.337 12.347
  8.52740830 1.1000000  4.3142 -2.0944 11.972 12.022 11.996 12.031 12.036 12.078 12.120 12.285 12.303 12.212 12.243 12.365 12.375
  8.55370057 1.1000000  4.3055 -2.1297 12.015 12.060 12.032 12.064 12.070 12.111 12.152 12.319 12.337 12.242 12.272 12.393 12.402
  8.58001313 1.1000000  4.2968 -2.1650 12.058 12.100 12.068 12.097 12.105 12.145 12.185 12.355 12.373 12.271 12.301 12.420 12.430
  8.60634609 1.1000000  4.2881 -2.2004 12.102 12.141 12.105 12.131 12.142 12.181 12.219 12.392 12.410 12.302 12.332 12.449 12.459
  8.63269629 1.1000000  4.2795 -2.2357 12.147 12.181 12.142 12.165 12.177 12.216 12.252 12.429 12.447 12.333 12.362 12.477 12.487
  8.65905997 1.1000000  4.2708 -2.2709 12.191 12.221 12.178 12.199 12.213 12.250 12.285 12.465 12.483 12.363 12.391 12.505 12.516
  8.68555299 1.1000000  4.2621 -2.3063 12.235 12.262 12.215 12.233 12.249 12.285 12.318 12.502 12.520 12.393 12.421 12.532 12.544
  8.71199315 1.1000000  4.2534 -2.3417 12.279 12.302 12.252 12.266 12.284 12.320 12.351 12.539 12.557 12.423 12.450 12.560 12.572
  8.73834683 1.1000000  4.2447 -2.3770 12.323 12.342 12.288 12.299 12.320 12.354 12.384 12.576 12.593 12.452 12.479 12.587 12.599
  8.76466267 1.1000000  4.2361 -2.4124 12.367 12.382 12.324 12.333 12.355 12.388 12.416 12.612 12.629 12.481 12.508 12.613 12.626
  8.79100528 1.1000000  4.2274 -2.4477 12.412 12.422 12.361 12.366 12.390 12.422 12.449 12.649 12.665 12.510 12.536 12.640 12.653
  8.81704683 1.1000000  4.2188 -2.4826 12.456 12.463 12.398 12.399 12.426 12.457 12.481 12.684 12.700 12.539 12.564 12.666 12.680
  8.84182616 1.1000000  4.2105 -2.5161 12.498 12.502 12.434 12.431 12.459 12.490 12.512 12.718 12.732 12.566 12.591 12.691 12.705
  8.86537306 1.1000000  4.2025 -2.5482 12.538 12.538 12.468 12.461 12.491 12.521 12.541 12.749 12.763 12.591 12.616 12.714 12.727
  8.88780355 1.1000000  4.1949 -2.5787 12.576 12.573 12.501 12.489 12.522 12.550 12.568 12.778 12.791 12.614 12.639 12.735 12.749
  8.90921803 1.1000000  4.1879 -2.6070 12.611 12.605 12.531 12.516 12.550 12.577 12.594 12.805 12.817 12.636 12.660 12.755 12.768
  8.92984429 1.1000000  4.1813 -2.6340 12.644 12.636 12.560 12.541 12.577 12.602 12.618 12.831 12.841 12.657 12.680 12.774 12.787
  8.95131635 1.1000000  4.1750 -2.6599 12.675 12.665 12.587 12.566 12.603 12.627 12.640 12.855 12.864 12.676 12.699 12.791 12.804
  8.97659755 1.1000000  4.1688 -2.6849 12.704 12.693 12.613 12.589 12.628 12.650 12.662 12.878 12.886 12.694 12.717 12.808 12.821
  9.00006290 1.1000000  4.1630 -2.7088 12.733 12.719 12.638 12.611 12.652 12.672 12.682 12.899 12.907 12.712 12.734 12.823 12.837
  9.02371099 1.1000000  4.1572 -2.7323 12.759 12.744 12.662 12.633 12.674 12.693 12.702 12.920 12.926 12.728 12.750 12.838 12.851
  9.04664349 1.1000000  4.1514 -2.7554 12.784 12.768 12.684 12.653 12.695 12.713 12.720 12.939 12.944 12.743 12.764 12.851 12.865
  9.06958167 1.1000000  4.1459 -2.7778 12.808 12.790 12.705 12.673 12.715 12.732 12.737 12.957 12.962 12.757 12.778 12.865 12.878
  9.09036414 1.1000000  4.1404 -2.8000 12.831 12.812 12.726 12.692 12.735 12.751 12.755 12.975 12.979 12.771 12.792 12.877 12.890
  9.11109044 1.1000000  4.1351 -2.8216 12.853 12.834 12.747 12.711 12.754 12.770 12.771 12.992 12.995 12.785 12.805 12.889 12.902
  9.12997134 1.1000000  4.1299 -2.8427 12.874 12.854 12.767 12.729 12.773 12.788 12.788 13.009 13.011 12.799 12.819 12.901 12.914
  9.14815571 1.1000000  4.1248 -2.8634 12.897 12.875 12.787 12.748 12.793 12.806 12.805 13.025 13.027 12.812 12.832 12.913 12.927
  9.16599354 1.1000000  4.1198 -2.8837 12.919 12.896 12.807 12.767 12.812 12.824 12.821 13.042 13.043 12.826 12.845 12.926 12.939
  9.18370418 1.1000000  4.1149 -2.9036 12.941 12.917 12.828 12.786 12.832 12.841 12.838 13.059 13.059 12.839 12.859 12.939 12.952
  9.19922645 1.1000000  4.1101 -2.9231 12.964 12.939 12.849 12.806 12.852 12.860 12.855 13.072 13.075 12.854 12.873 12.952 12.965
  9.21546405 1.1000000  4.1054 -2.9420 12.987 12.962 12.871 12.827 12.873 12.880 12.873 13.084 13.090 12.869 12.888 12.966 12.978
  9.22968190 1.1000000  4.1008 -2.9606 13.011 12.985 12.894 12.848 12.894 12.900 12.892 13.095 13.106 12.885 12.904 12.979 12.992
  9.24526360 1.1000000  4.0963 -2.9789 13.036 13.008 12.917 12.870 12.917 12.921 12.911 13.105 13.123 12.902 12.920 12.994 13.006
  9.26005619 1.1000000  4.0916 -2.9975 13.062 13.033 12.941 12.893 12.940 12.943 12.931 13.125 13.140 12.919 12.936 13.008 13.021
  9.27392973 1.1000000  4.0871 -3.0155 13.088 13.059 12.966 12.917 12.964 12.966 12.952 13.148 13.158 12.936 12.952 13.023 13.036
  9.28762595 1.1000000  4.0828 -3.0327 13.115 13.085 12.991 12.940 12.988 12.988 12.973 13.174 13.176 12.953 12.969 13.038 13.050
  9.30042013 1.1000000  4.0787 -3.0492 13.142 13.111 13.016 12.964 13.012 13.011 12.994 13.200 13.194 12.970 12.985 13.052 13.066
  9.31266364 1.1000000  4.0747 -3.0654 13.168 13.136 13.040 12.987 13.036 13.033 13.014 13.220 13.211 12.987 13.002 13.067 13.081
  9.32556366 1.1000000  4.0709 -3.0811 13.193 13.161 13.064 13.010 13.059 13.055 13.034 13.238 13.228 13.004 13.019 13.082 13.096
  9.33609255 1.1000000  4.0671 -3.0964 13.218 13.185 13.088 13.033 13.082 13.076 13.055 13.254 13.244 13.022 13.036 13.097 13.111
  9.34763531 1.1000000  4.0635 -3.1115 13.243 13.210 13.113 13.057 13.105 13.098 13.075 13.270 13.261 13.039 13.053 13.113 13.127
  9.35896626 1.1000000  4.0598 -3.1263 13.268 13.234 13.137 13.080 13.128 13.120 13.096 13.285 13.277 13.057 13.070 13.128 13.142
  9.37005040 1.1000000  4.0561 -3.1412 13.294 13.259 13.162 13.103 13.152 13.142 13.116 13.302 13.293 13.074 13.087 13.143 13.158
  9.38093096 1.1000000  4.0526 -3.1557 13.319 13.284 13.187 13.127 13.176 13.165 13.137 13.319 13.309 13.092 13.104 13.159 13.173
  9.39181906 1.1000000  4.0491 -3.1700 13.345 13.309 13.212 13.151 13.200 13.187 13.158 13.336 13.326 13.110 13.122 13.175 13.189
  9.40198356 1.1000000  4.0456 -3.1839 13.370 13.334 13.236 13.175 13.224 13.209 13.179 13.353 13.342 13.127 13.139 13.190 13.204
  9.41074141 1.1000000  4.0423 -3.1976 13.395 13.359 13.261 13.198 13.248 13.232 13.200 13.370 13.358 13.145 13.156 13.206 13.220
  9.42063687 1.1000000  4.0390 -3.2111 13.421 13.384 13.286 13.222 13.272 13.254 13.221 13.386 13.374 13.163 13.173 13.222 13.235
  9.42955291 1.1000000  4.0357 -3.2244 13.446 13.408 13.311 13.246 13.296 13.276 13.242 13.403 13.390 13.181 13.191 13.238 13.251
  9.43829638 1.1000000  4.0324 -3.2377 13.471 13.434 13.336 13.270 13.320 13.299 13.263 13.419 13.405 13.199 13.208 13.253 13.267
  9.44672436 1.1000000  4.0291 -3.2509 13.497 13.459 13.361 13.295 13.345 13.322 13.284 13.436 13.421 13.218 13.226 13.269 13.283
  9.45393598 1.1000000  4.0259 -3.2638 13.523 13.484 13.386 13.319 13.369 13.344 13.306 13.452 13.437 13.236 13.244 13.285 13.299
  9.46117996 1.1000000  4.0227 -3.2765 13.548 13.509 13.412 13.344 13.393 13.367 13.327 13.469 13.452 13.254 13.262 13.301 13.316
  9.46937900 1.1000000  4.0197 -3.2890 13.573 13.534 13.437 13.368 13.418 13.390 13.348 13.485 13.468 13.273 13.280 13.317 13.332
  9.47742699 1.1000000  4.0166 -3.3014 13.599 13.559 13.463 13.392 13.442 13.413 13.369 13.502 13.484 13.291 13.298 13.333 13.348
  9.48533138 1.1000000  4.0136 -3.3136 13.624 13.584 13.488 13.416 13.466 13.435 13.391 13.519 13.500 13.310 13.315 13.349 13.364
  9.49308752 1.1000000  4.0106 -3.3257 13.650 13.610 13.514 13.441 13.490 13.458 13.412 13.535 13.517 13.328 13.333 13.365 13.381
  9.50071247 1.1000000  4.0076 -3.3376 13.675 13.635 13.539 13.465 13.515 13.481 13.433 13.552 13.533 13.347 13.351 13.381 13.397
  9.50808173 1.1000000  4.0047 -3.3494 13.701 13.660 13.565 13.490 13.539 13.504 13.455 13.569 13.550 13.365 13.369 13.397 13.413
  9.51443623 1.1000000  4.0018 -3.3611 13.726 13.685 13.590 13.514 13.563 13.527 13.476 13.586 13.567 13.384 13.387 13.413 13.430
  9.52169728 1.1000000  3.9990 -3.3726 13.751 13.710 13.616 13.538 13.587 13.550 13.498 13.602 13.583 13.402 13.405 13.429 13.446
  9.52872580 1.1000000  3.9961 -3.3841 13.776 13.735 13.641 13.562 13.611 13.572 13.519 13.619 13.600 13.420 13.423 13.445 13.462
  9.53477744 1.1000000  3.9933 -3.3954 13.801 13.759 13.665 13.585 13.635 13.594 13.539 13.636 13.616 13.438 13.440 13.461 13.478
  9.54162557 1.1000000  3.9906 -3.4066 13.826 13.784 13.690 13.609 13.658 13.616 13.560 13.652 13.633 13.456 13.457 13.476 13.494
  9.54738809 1.1000000  3.9878 -3.4177 13.850 13.808 13.714 13.632 13.681 13.638 13.581 13.669 13.649 13.473 13.475 13.492 13.509
  9.55306969 1.1000000  3.9851 -3.4287 13.875 13.832 13.739 13.655 13.704 13.660 13.601 13.685 13.666 13.491 13.492 13.507 13.525
  9.55878352 1.1000000  3.9824 -3.4395 13.899 13.856 13.763 13.677 13.727 13.681 13.621 13.701 13.682 13.509 13.509 13.522 13.541
  9.56529021 1.1000000  3.9798 -3.4502 13.923 13.879 13.787 13.700 13.750 13.702 13.641 13.718 13.698 13.526 13.525 13.537 13.556
  9.57073471 1.1000000  3.9771 -3.4609 13.947 13.903 13.811 13.723 13.773 13.724 13.662 13.734 13.715 13.543 13.542 13.552 13.571
  9.57610908 1.1000000  3.9745 -3.4714 13.971 13.926 13.834 13.745 13.795 13.745 13.681 13.750 13.731 13.560 13.559 13.567 13.586
  9.58150950 1.1000000  3.9719 -3.4819 13.995 13.950 13.858 13.767 13.818 13.766 13.701 13.766 13.747 13.577 13.575 13.582 13.601
  9.58770713 1.1000000  3.9693 -3.4923 14.019 13.973 13.881 13.789 13.840 13.786 13.721 13.782 13.764 13.594 13.592 13.596 13.616
  9.59285564 1.1000000  3.9668 -3.5025 14.042 13.996 13.904 13.811 13.862 13.807 13.740 13.798 13.780 13.611 13.608 13.611 13.631
  9.59793756 1.1000000  3.9642 -3.5126 14.065 14.019 13.927 13.832 13.883 13.827 13.760 13.814 13.796 13.628 13.624 13.626 13.645
  9.60270185 1.1000000  3.9618 -3.5226 14.089 14.041 13.950 13.853 13.905 13.848 13.779 13.829 13.812 13.644 13.640 13.640 13.660
  9.60720467 1.1000000  3.9593 -3.5324 14.111 14.063 13.972 13.874 13.926 13.868 13.797 13.845 13.828 13.660 13.656 13.654 13.674
  9.61214638 1.1000000  3.9569 -3.5422 14.134 14.086 13.994 13.895 13.947 13.888 13.816 13.860 13.844 13.677 13.672 13.668 13.688
  9.61702680 1.1000000  3.9545 -3.5519 14.157 14.108 14.017 13.916 13.968 13.907 13.835 13.876 13.860 13.693 13.687 13.683 13.703
  9.62183527 1.1000000  3.9521 -3.5615 14.180 14.130 14.038 13.936 13.989 13.927 13.853 13.891 13.876 13.709 13.703 13.696 13.717
  9.62660322 1.1000000  3.9497 -3.5710 14.202 14.152 14.060 13.956 14.009 13.946 13.871 13.905 13.891 13.724 13.718 13.710 13.730
  9.63130607 1.1000000  3.9474 -3.5804 14.224 14.173 14.081 13.976 14.029 13.965 13.889 13.920 13.906 13.740 13.733 13.724 13.744
  9.63593465 1.1000000  3.9451 -3.5897 14.246 14.194 14.103 13.996 14.049 13.984 13.907 13.935 13.921 13.755 13.748 13.737 13.757
  9.64006437 1.1000000  3.9428 -3.5990 14.268 14.216 14.124 14.015 14.069 14.003 13.924 13.950 13.936 13.770 13.762 13.750 13.771
  9.64461087 1.1000000  3.9405 -3.6082 14.290 14.237 14.145 14.035 14.089 14.021 13.942 13.964 13.950 13.785 13.777 13.763 13.784
  9.64909392 1.1000000  3.9383 -3.6172 14.311 14.257 14.165 14.054 14.108 14.039 13.959 13.978 13.965 13.799 13.791 13.776 13.797
  9.65308980 1.1000000  3.9360 -3.6263 14.333 14.278 14.186 14.073 14.128 14.058 13.976 13.993 13.979 13.814 13.806 13.789 13.810
  9.65750580 1.1000000  3.9338 -3.6352 14.354 14.299 14.206 14.092 14.147 14.076 13.993 14.007 13.994 13.829 13.820 13.802 13.823
  9.66164005 1.1000000  3.9316 -3.6441 14.375 14.320 14.226 14.110 14.166 14.094 14.010 14.021 14.008 13.843 13.834 13.814 13.835
  9.66596205 1.1000000  3.9294 -3.6529 14.396 14.340 14.246 14.129 14.185 14.112 14.026 14.035 14.022 13.857 13.848 13.827 13.848
  9.67019309 1.1000000  3.9273 -3.6617 14.417 14.360 14.266 14.147 14.204 14.129 14.043 14.049 14.036 13.872 13.862 13.840 13.861
  9.67352506 1.1000000  3.9251 -3.6703 14.438 14.380 14.286 14.166 14.222 14.147 14.059 14.063 14.050 13.886 13.875 13.852 13.873
  9.67768560 1.1000000  3.9230 -3.6789 14.459 14.400 14.306 14.184 14.241 14.164 14.076 14.076 14.064 13.900 13.889 13.864 13.885
  9.68092486 1.1000000  3.9209 -3.6874 14.480 14.420 14.325 14.202 14.259 14.181 14.092 14.090 14.077 13.913 13.902 13.876 13.898
  9.68504805 1.1000000  3.9188 -3.6958 14.500 14.439 14.344 14.219 14.277 14.198 14.108 14.103 14.091 13.927 13.916 13.888 13.910
  9.68909616 1.1000000  3.9167 -3.7042 14.521 14.459 14.364 14.237 14.295 14.215 14.124 14.117 14.104 13.941 13.929 13.900 13.922
  9.69224856 1.1000000  3.9146 -3.7125 14.541 14.478 14.383 14.254 14.313 14.232 14.139 14.130 14.118 13.954 13.942 13.912 13.934
  9.69623982 1.1000000  3.9126 -3.7208 14.562 14.498 14.402 14.272 14.331 14.249 14.155 14.143 14.131 13.968 13.955 13.924 13.946
  9.69931881 1.1000000  3.9105 -3.7291 14.582 14.517 14.421 14.289 14.349 14.265 14.171 14.157 14.144 13.981 13.968 13.935 13.958
  9.70325936 1.1000000  3.9085 -3.7373 14.603 14.536 14.439 14.306 14.367 14.282 14.186 14.170 14.158 13.994 13.981 13.947 13.969
  9.70714664 1.1000000  3.9064 -3.7454 14.623 14.555 14.458 14.323 14.384 14.298 14.202 14.183 14.171 14.008 13.994 13.959 13.981
  9.71013264 1.1000000  3.9044 -3.7535 14.643 14.574 14.477 14.340 14.402 14.315 14.217 14.196 14.184 14.021 14.006 13.970 13.993
  9.71395783 1.1000000  3.9024 -3.7615 14.663 14.593 14.495 14.357 14.419 14.331 14.232 14.208 14.197 14.034 14.019 13.982 14.004
  9.71688366 1.1000000  3.9004 -3.7695 14.683 14.612 14.514 14.374 14.437 14.347 14.247 14.221 14.210 14.047 14.031 13.993 14.015
  9.72064661 1.1000000  3.8985 -3.7774 14.703 14.631 14.532 14.391 14.454 14.363 14.262 14.234 14.223 14.059 14.044 14.004 14.027
  9.72351598 1.1000000  3.8965 -3.7853 14.723 14.650 14.550 14.408 14.471 14.379 14.277 14.247 14.235 14.072 14.056 14.015 14.038
  9.72721977 1.1000000  3.8946 -3.7931 14.743 14.668 14.568 14.424 14.488 14.395 14.292 14.259 14.248 14.085 14.068 14.026 14.049
  9.73003611 1.1000000  3.8926 -3.8009 14.762 14.687 14.586 14.441 14.505 14.411 14.307 14.271 14.261 14.097 14.081 14.037 14.060
  9.73283283 1.1000000  3.8907 -3.8087 14.782 14.706 14.604 14.457 14.522 14.426 14.322 14.284 14.274 14.110 14.093 14.048 14.071
  9.73648679 1.1000000  3.8888 -3.8164 14.802 14.724 14.622 14.473 14.538 14.442 14.336 14.296 14.286 14.122 14.105 14.059 14.082
  9.73923342 1.1000000  3.8869 -3.8240 14.821 14.742 14.639 14.489 14.555 14.457 14.351 14.308 14.299 14.135 14.117 14.070 14.093
  9.74283509 1.1000000  3.8850 -3.8317 14.841 14.761 14.657 14.506 14.571 14.473 14.365 14.321 14.311 14.147 14.129 14.081 14.104
  9.74553137 1.1000000  3.8831 -3.8393 14.861 14.779 14.675 14.522 14.588 14.488 14.380 14.333 14.324 14.159 14.141 14.091 14.114
  9.74821228 1.1000000  3.8812 -3.8468 14.880 14.797 14.692 14.538 14.604 14.504 14.394 14.345 14.336 14.171 14.152 14.102 14.125
  9.75153522 1.1000000  3.8793 -3.8543 14.899 14.815 14.710 14.554 14.621 14.519 14.408 14.357 14.349 14.183 14.164 14.112 14.135
  9.75417788 1.1000000  3.8775 -3.8618 14.919 14.834 14.727 14.569 14.637 14.534 14.422 14.369 14.361 14.195 14.176 14.123 14.146
  9.75725191 1.1000000  3.8756 -3.8693 14.938 14.852 14.744 14.585 14.653 14.549 14.436 14.381 14.373 14.207 14.187 14.134 14.157
  9.76029553 1.1000000  3.8738 -3.8767 14.958 14.870 14.762 14.601 14.669 14.565 14.450 14.393 14.386 14.219 14.199 14.144 14.167
  9.76331659 1.1000000  3.8720 -3.8840 14.977 14.888 14.779 14.617 14.685 14.579 14.464 14.404 14.398 14.231 14.210 14.154 14.177
  9.76588796 1.1000000  3.8701 -3.8913 14.996 14.906 14.796 14.632 14.702 14.594 14.478 14.416 14.410 14.242 14.221 14.164 14.187
  9.76876892 1.1000000  3.8683 -3.8986 15.016 14.924 14.813 14.648 14.718 14.609 14.492 14.427 14.422 14.254 14.233 14.175 14.198
  9.77153154 1.1000000  3.8665 -3.9059 15.035 14.942 14.830 14.663 14.734 14.624 14.506 14.439 14.434 14.266 14.244 14.185 14.208
  9.77426680 1.1000000  3.8647 -3.9131 15.054 14.959 14.847 14.679 14.750 14.639 14.519 14.450 14.446 14.278 14.255 14.195 14.218
  9.77721408 1.1000000  3.8629 -3.9202 15.073 14.977 14.864 14.694 14.766 14.654 14.533 14.461 14.457 14.289 14.266 14.205 14.228
  9.77993141 1.1000000  3.8612 -3.9274 15.093 14.995 14.881 14.709 14.782 14.668 14.547 14.473 14.469 14.301 14.278 14.215 14.239
  9.78261772 1.1000000  3.8594 -3.9344 15.111 15.012 14.898 14.724 14.797 14.683 14.560 14.484 14.481 14.312 14.289 14.225 14.248
  9.78530194 1.1000000  3.8577 -3.9415 15.131 15.030 14.915 14.740 14.813 14.697 14.573 14.495 14.493 14.323 14.300 14.235 14.258
  9.78795770 1.1000000  3.8559 -3.9485 15.150 15.047 14.931 14.755 14.829 14.712 14.587 14.506 14.504 14.334 14.311 14.245 14.268
  9.79060340 1.1000000  3.8542 -3.9554 15.168 15.065 14.948 14.769 14.844 14.726 14.600 14.517 14.516 14.345 14.321 14.254 14.278
  9.79324254 1.1000000  3.8525 -3.9623 15.187 15.082 14.964 14.784 14.859 14.740 14.613 14.528 14.527 14.356 14.332 14.264 14.288
  9.79585662 1.1000000  3.8507 -3.9692 15.206 15.099 14.981 14.799 14.875 14.755 14.626 14.539 14.539 14.368 14.343 14.274 14.297
  9.79846496 1.1000000  3.8490 -3.9761 15.225 15.117 14.997 14.814 14.890 14.769 14.639 14.550 14.550 14.379 14.354 14.283 14.307
  9.80105521 1.1000000  3.8473 -3.9828 15.244 15.134 15.013 14.828 14.905 14.783 14.652 14.560 14.561 14.389 14.364 14.293 14.317
  9.80363351 1.1000000  3.8456 -3.9896 15.262 15.151 15.030 14.843 14.921 14.797 14.665 14.571 14.573 14.400 14.375 14.302 14.326
  9.80614336 1.1000000  3.8440 -3.9963 15.281 15.168 15.046 14.858 14.936 14.811 14.678 14.581 14.584 14.411 14.385 14.312 14.336
  9.80869323 1.1000000  3.8423 -4.0031 15.300 15.186 15.063 14.873 14.952 14.825 14.691 14.592 14.596 14.423 14.396 14.322 14.346
  9.81122753 1.1000000  3.8406 -4.0097 15.319 15.203 15.079 14.887 14.967 14.839 14.704 14.603 14.607 14.433 14.407 14.331 14.355
  9.81375330 1.1000000  3.8390 -4.0164 15.338 15.220 15.095 14.902 14.982 14.853 14.717 14.614 14.619 14.445 14.417 14.341 14.365
  9.81615298 1.1000000  3.8373 -4.0230 15.357 15.237 15.112 14.917 14.998 14.868 14.730 14.624 14.630 14.455 14.428 14.350 14.375
  9.81865008 1.1000000  3.8357 -4.0295 15.375 15.254 15.128 14.931 15.013 14.881 14.743 14.635 14.641 14.466 14.438 14.360 14.384
  9.82113061 1.1000000  3.8341 -4.0361 15.394 15.272 15.144 14.946 15.028 14.896 14.756 14.645 14.653 14.477 14.449 14.370 14.394
  9.82349280 1.1000000  3.8325 -4.0426 15.413 15.289 15.160 14.961 15.043 14.910 14.769 14.656 14.664 14.488 14.460 14.379 14.403
  9.82594982 1.1000000  3.8308 -4.0491 15.432 15.306 15.177 14.975 15.059 14.924 14.782 14.666 14.675 14.499 14.470 14.389 14.413
  9.82829012 1.1000000  3.8292 -4.0555 15.451 15.323 15.193 14.990 15.074 14.937 14.795 14.676 14.686 14.510 14.481 14.398 14.422
  9.83072000 1.1000000  3.8276 -4.0620 15.470 15.341 15.209 15.005 15.089 14.952 14.808 14.687 14.698 14.521 14.491 14.408 14.432
  9.83303479 1.1000000  3.8260 -4.0684 15.488 15.358 15.225 15.019 15.104 14.965 14.821 14.697 14.709 14.532 14.502 14.417 14.442
  9.83544629 1.1000000  3.8245 -4.0747 15.507 15.375 15.241 15.033 15.119 14.979 14.833 14.707 14.720 14.542 14.512 14.426 14.451
  9.83773106 1.1000000  3.8229 -4.0811 15.526 15.392 15.258 15.048 15.134 14.993 14.846 14.718 14.732 14.553 14.523 14.436 14.461
  9.84001140 1.1000000  3.8213 -4.0874 15.545 15.409 15.274 15.063 15.149 15.007 14.859 14.728 14.743 14.564 14.533 14.445 14.470
  9.84238408 1.1000000  3.8198 -4.0936 15.563 15.426 15.290 15.077 15.164 15.021 14.871 14.738 14.754 14.575 14.543 14.454 14.479
  9.84464048 1.1000000  3.8182 -4.0999 15.582 15.443 15.306 15.091 15.179 15.034 14.884 14.748 14.765 14.585 14.554 14.464 14.489
  9.84687910 1.1000000  3.8167 -4.1061 15.601 15.460 15.322 15.106 15.194 15.048 14.897 14.758 14.776 14.596 14.564 14.473 14.498
  9.84911589 1.1000000  3.8151 -4.1123 15.619 15.477 15.338 15.120 15.209 15.062 14.909 14.769 14.787 14.607 14.574 14.483 14.508
  9.85133573 1.1000000  3.8136 -4.1184 15.638 15.493 15.354 15.134 15.224 15.075 14.922 14.778 14.798 14.617 14.584 14.492 14.517
  9.85365514 1.1000000  3.8121 -4.1246 15.657 15.511 15.370 15.149 15.239 15.089 14.935 14.789 14.810 14.628 14.595 14.501 14.526
  9.85585353 1.1000000  3.8106 -4.1307 15.675 15.528 15.386 15.163 15.254 15.103 14.948 14.799 14.821 14.639 14.605 14.511 14.536
  9.85804471 1.1000000  3.8091 -4.1367 15.694 15.545 15.402 15.178 15.269 15.117 14.960 14.809 14.832 14.650 14.616 14.520 14.545
  9.86022510 1.1000000  3.8075 -4.1428 15.713 15.562 15.418 15.192 15.285 15.131 14.973 14.820 14.844 14.661 14.626 14.530 14.555
  9.86238756 1.1000000  3.8060 -4.1488 15.731 15.579 15.434 15.207 15.300 15.145 14.986 14.830 14.855 14.671 14.637 14.539 14.564
  9.86454989 1.1000000  3.8045 -4.1548 15.750 15.596 15.451 15.222 15.315 15.159 14.999 14.840 14.867 14.682 14.647 14.549 14.574
  9.86669783 1.1000000  3.8031 -4.1608 15.769 15.613 15.467 15.236 15.330 15.173 15.012 14.851 14.879 14.693 14.658 14.558 14.584
  9.86883313 1.1000000  3.8016 -4.1667 15.787 15.630 15.483 15.251 15.345 15.187 15.025 14.861 14.890 14.704 14.668 14.568 14.593
  9.87093080 1.1000000  3.8001 -4.1726 15.806 15.647 15.499 15.265 15.360 15.201 15.037 14.871 14.901 14.715 14.679 14.577 14.603
  9.87304702 1.1000000  3.7987 -4.1785 15.825 15.664 15.515 15.280 15.376 15.215 15.050 14.882 14.913 14.726 14.690 14.587 14.612
  9.87516038 1.1000000  3.7972 -4.1843 15.843 15.681 15.531 15.294 15.391 15.228 15.063 14.892 14.924 14.737 14.700 14.596 14.622
  9.87726104 1.1000000  3.7958 -4.1901 15.862 15.698 15.547 15.309 15.406 15.242 15.076 14.902 14.936 14.747 14.710 14.606 14.631
  9.87929095 1.1000000  3.7943 -4.1959 15.880 15.715 15.563 15.323 15.421 15.256 15.089 14.912 14.947 14.758 14.721 14.615 14.641
  9.88137689 1.1000000  3.7929 -4.2017 15.899 15.732 15.579 15.338 15.436 15.270 15.102 14.923 14.959 14.769 14.731 14.625 14.650
  9.88344742 1.1000000  3.7915 -4.2074 15.918 15.749 15.595 15.352 15.451 15.284 15.114 14.933 14.970 14.780 14.742 14.634 14.660
  9.88550878 1.1000000  3.7900 -4.2131 15.936 15.766 15.611 15.367 15.466 15.297 15.127 14.943 14.982 14.791 14.752 14.643 14.669
  9.88750729 1.1000000  3.7886 -4.2188 15.955 15.783 15.627 15.381 15.481 15.311 15.140 14.953 14.993 14.801 14.763 14.653 14.679
  9.88955472 1.1000000  3.7872 -4.2244 15.973 15.800 15.643 15.396 15.496 15.325 15.152 14.963 15.005 14.812 14.773 14.662 14.688
  9.89152941 1.1000000  3.7858 -4.2300 15.991 15.816 15.659 15.410 15.511 15.339 15.165 14.974 15.016 14.823 14.784 14.672 14.698
  9.89356198 1.1000000  3.7845 -4.2356 16.010 15.833 15.675 15.424 15.526 15.352 15.178 14.984 15.028 14.833 14.794 14.681 14.707
  9.89551548 1.1000000  3.7831 -4.2412 16.028 15.850 15.691 15.439 15.541 15.366 15.191 14.994 15.039 14.844 14.804 14.691 14.717
  9.89747223 1.1000000  3.7817 -4.2467 16.046 15.867 15.707 15.453 15.556 15.380 15.203 15.004 15.051 14.855 14.815 14.700 14.726
  9.89941612 1.1000000  3.7803 -4.2522 16.065 15.884 15.723 15.467 15.571 15.393 15.216 15.014 15.062 14.866 14.825 14.709 14.735
  9.90141076 1.1000000  3.7790 -4.2576 16.083 15.900 15.738 15.482 15.585 15.407 15.228 15.024 15.073 14.876 14.835 14.719 14.745
  9.90333158 1.1000000  3.7776 -4.2631 16.101 15.917 15.754 15.496 15.600 15.421 15.241 15.034 15.085 14.887 14.846 14.728 14.754
  9.90525115 1.1000000  3.7763 -4.2685 16.119 15.934 15.770 15.510 15.615 15.434 15.254 15.045 15.096 14.898 14.856 14.737 14.763
  9.90716767 1.1000000  3.7750 -4.2738 16.137 15.950 15.785 15.524 15.630 15.448 15.266 15.055 15.108 14.908 14.866 14.746 14.773
  9.90907485 1.1000000  3.7736 -4.2792 16.156 15.967 15.801 15.539 15.644 15.461 15.279 15.066 15.119 14.919 14.877 14.756 14.782
  9.91096731 1.1000000  3.7723 -4.2845 16.174 15.983 15.817 15.553 15.659 15.475 15.291 15.076 15.131 14.929 14.887 14.765 14.791
  9.91285130 1.1000000  3.7710 -4.2897 16.191 15.999 15.832 15.566 15.674 15.488 15.304 15.086 15.142 14.940 14.897 14.774 14.800
  9.91478699 1.1000000  3.7697 -4.2950 16.210 16.016 15.848 15.581 15.688 15.501 15.316 15.096 15.153 14.950 14.907 14.783 14.810
  9.91660556 1.1000000  3.7684 -4.3001 16.227 16.032 15.863 15.594 15.702 15.514 15.328 15.107 15.165 14.960 14.917 14.792 14.819
  9.91846681 1.1000000  3.7672 -4.3052 16.245 16.048 15.878 15.608 15.717 15.528 15.341 15.117 15.176 14.971 14.927 14.801 14.828
  9.92031958 1.1000000  3.7659 -4.3103 16.262 16.064 15.893 15.622 15.731 15.541 15.353 15.127 15.187 14.981 14.937 14.810 14.837
  9.92217103 1.1000000  3.7647 -4.3153 16.280 16.080 15.908 15.635 15.745 15.554 15.365 15.137 15.198 14.991 14.947 14.819 14.846
  9.92401756 1.1000000  3.7635 -4.3202 16.297 16.096 15.923 15.649 15.759 15.566 15.377 15.147 15.209 15.001 14.956 14.828 14.854
  9.92584389 1.1000000  3.7622 -4.3251 16.314 16.111 15.938 15.662 15.773 15.579 15.388 15.157 15.220 15.011 14.966 14.837 14.863
  9.92761491 1.1000000  3.7610 -4.3299 16.331 16.127 15.952 15.675 15.787 15.592 15.400 15.167 15.231 15.021 14.976 14.845 14.872
  9.92943225 1.1000000  3.7599 -4.3347 16.348 16.142 15.967 15.688 15.800 15.604 15.412 15.176 15.241 15.031 14.985 14.854 14.881
  9.93119065 1.1000000  3.7587 -4.3394 16.364 16.157 15.981 15.701 15.814 15.617 15.423 15.186 15.252 15.040 14.995 14.862 14.889
  9.93298908 1.1000000  3.7575 -4.3440 16.380 16.172 15.995 15.714 15.827 15.629 15.435 15.196 15.262 15.050 15.004 14.871 14.897
  9.93479065 1.1000000  3.7564 -4.3485 16.396 16.187 16.009 15.726 15.840 15.641 15.446 15.205 15.273 15.059 15.013 14.879 14.906
  9.93657736 1.1000000  3.7553 -4.3530 16.412 16.201 16.023 15.739 15.853 15.652 15.457 15.214 15.283 15.069 15.022 14.887 14.914
  9.93830504 1.1000000  3.7542 -4.3574 16.428 16.216 16.036 15.751 15.866 15.664 15.468 15.223 15.293 15.078 15.031 14.895 14.922
  9.94007818 1.1000000  3.7531 -4.3618 16.444 16.230 16.050 15.763 15.878 15.676 15.479 15.233 15.303 15.087 15.040 14.903 14.930
  9.94185174 1.1000000  3.7521 -4.3660 16.459 16.244 16.063 15.775 15.891 15.687 15.489 15.242 15.313 15.096 15.048 14.911 14.938
  9.94354638 1.1000000  3.7511 -4.3702 16.474 16.257 16.076 15.787 15.903 15.698 15.500 15.250 15.322 15.105 15.057 14.919 14.945
  9.94530634 1.1000000  3.7500 -4.3742 16.488 16.271 16.088 15.798 15.915 15.709 15.510 15.259 15.332 15.113 15.065 14.926 14.953
  9.94700357 1.1000000  3.7490 -4.3782 16.503 16.284 16.101 15.809 15.926 15.720 15.520 15.268 15.341 15.121 15.073 14.933 14.960
  9.94875982 1.1000000  3.7481 -4.3821 16.517 16.297 16.113 15.820 15.938 15.730 15.529 15.276 15.350 15.130 15.081 14.941 14.967
  9.95043165 1.1000000  3.7471 -4.3860 16.531 16.310 16.125 15.831 15.949 15.741 15.539 15.284 15.359 15.138 15.089 14.948 14.975
  9.95217425 1.1000000  3.7462 -4.3898 16.545 16.322 16.137 15.842 15.961 15.751 15.549 15.292 15.368 15.146 15.097 14.955 14.982
  9.95390190 1.1000000  3.7453 -4.3935 16.558 16.334 16.149 15.853 15.971 15.761 15.558 15.300 15.377 15.154 15.104 14.962 14.989
  9.95555680 1.1000000  3.7444 -4.3971 16.571 16.347 16.160 15.863 15.982 15.771 15.567 15.308 15.385 15.162 15.112 14.969 14.995
  9.95725450 1.1000000  3.7435 -4.4007 16.584 16.359 16.171 15.873 15.993 15.781 15.577 15.316 15.394 15.169 15.119 14.975 15.002
  9.95892638 1.1000000  3.7426 -4.4042 16.597 16.370 16.182 15.883 16.003 15.790 15.586 15.324 15.402 15.177 15.127 14.982 15.009
  9.96056789 1.1000000  3.7418 -4.4076 16.610 16.382 16.193 15.893 16.013 15.800 15.594 15.331 15.410 15.184 15.134 14.988 15.015
  9.96222240 1.1000000  3.7409 -4.4110 16.622 16.393 16.204 15.903 16.024 15.809 15.603 15.339 15.418 15.191 15.141 14.995 15.022
  9.96386370 1.1000000  3.7401 -4.4143 16.634 16.404 16.214 15.912 16.033 15.818 15.611 15.346 15.426 15.199 15.148 15.001 15.028
  9.96568436 1.1000000  3.7393 -4.4176 16.647 16.415 16.225 15.922 16.043 15.827 15.620 15.353 15.434 15.206 15.154 15.007 15.034
  9.96730015 1.1000000  3.7385 -4.4208 16.658 16.426 16.235 15.931 16.053 15.836 15.628 15.361 15.442 15.212 15.161 15.013 15.040
  9.96890904 1.1000000  3.7377 -4.4240 16.670 16.437 16.245 15.940 16.062 15.844 15.636 15.368 15.449 15.219 15.168 15.019 15.046
  9.97050468 1.1000000  3.7370 -4.4271 16.681 16.447 16.255 15.949 16.071 15.853 15.644 15.375 15.457 15.226 15.174 15.025 15.052
  9.97210245 1.1000000  3.7362 -4.4302 16.693 16.457 16.265 15.958 16.081 15.861 15.652 15.382 15.464 15.233 15.181 15.031 15.058
  9.97368968 1.1000000  3.7354 -4.4332 16.704 16.467 16.274 15.966 16.090 15.870 15.659 15.389 15.471 15.239 15.187 15.036 15.063
  9.97527179 1.1000000  3.7347 -4.4362 16.715 16.477 16.284 15.975 16.098 15.878 15.667 15.395 15.479 15.246 15.193 15.042 15.069
  9.97685149 1.1000000  3.7340 -4.4391 16.725 16.487 16.293 15.983 16.107 15.886 15.675 15.402 15.486 15.252 15.199 15.047 15.075
  9.97842244 1.1000000  3.7332 -4.4421 16.736 16.497 16.302 15.992 16.116 15.894 15.682 15.409 15.493 15.258 15.205 15.053 15.080
  9.97999370 1.1000000  3.7325 -4.4449 16.747 16.507 16.311 16.000 16.124 15.902 15.689 15.415 15.500 15.264 15.211 15.058 15.086
  9.98155076 1.1000000  3.7318 -4.4478 16.757 16.516 16.321 16.008 16.133 15.910 15.697 15.422 15.507 15.271 15.217 15.064 15.091
  9.98310268 1.1000000  3.7311 -4.4506 16.768 16.526 16.329 16.016 16.142 15.917 15.704 15.429 15.513 15.277 15.223 15.069 15.096
  9.98465943 1.1000000  3.7304 -4.4534 16.778 16.535 16.338 16.024 16.150 15.925 15.711 15.435 15.520 15.283 15.229 15.074 15.102
  9.98619833 1.1000000  3.7298 -4.4561 16.788 16.544 16.347 16.032 16.158 15.933 15.718 15.441 15.527 15.289 15.234 15.079 15.107
  9.98772665 1.1000000  3.7291 -4.4589 16.798 16.554 16.356 16.040 16.166 15.940 15.726 15.448 15.534 15.295 15.240 15.085 15.112
  9.98927065 1.1000000  3.7284 -4.4616 16.808 16.563 16.365 16.048 16.175 15.948 15.732 15.454 15.540 15.301 15.246 15.090 15.117
  9.99079953 1.1000000  3.7278 -4.4642 16.818 16.572 16.373 16.055 16.182 15.955 15.739 15.460 15.546 15.306 15.252 15.095 15.122
  9.99231870 1.1000000  3.7271 -4.4669 16.828 16.581 16.382 16.063 16.191 15.963 15.746 15.467 15.553 15.312 15.257 15.100 15.128
  9.99383543 1.1000000  3.7265 -4.4695 16.838 16.590 16.390 16.071 16.198 15.970 15.753 15.473 15.559 15.318 15.263 15.105 15.133
  9.99534698 1.1000000  3.7258 -4.4721 16.847 16.599 16.398 16.078 16.206 15.977 15.760 15.479 15.566 15.323 15.268 15.110 15.138
  9.99685336 1.1000000  3.7252 -4.4747 16.857 16.607 16.407 16.086 16.214 15.984 15.766 15.485 15.572 15.329 15.274 15.115 15.143
  9.99834638 1.1000000  3.7246 -4.4772 16.866 16.616 16.415 16.093 16.222 15.991 15.773 15.491 15.578 15.335 15.279 15.120 15.147
  9.99984784 1.1000000  3.7239 -4.4797 16.876 16.625 16.423 16.100 16.229 15.998 15.779 15.497 15.585 15.340 15.284 15.124 15.152
 10.00133594 1.1000000  3.7233 -4.4822 16.885 16.633 16.431 16.108 16.237 16.005 15.786 15.503 15.591 15.346 15.290 15.129 15.157
 10.00283247 1.1000000  3.7227 -4.4847 16.894 16.642 16.439 16.115 16.245 16.012 15.793 15.509 15.597 15.351 15.295 15.134 15.162
 10.00430201 1.1000000  3.7221 -4.4872 16.904 16.650 16.447 16.122 16.252 16.019 15.799 15.515 15.603 15.357 15.300 15.139 15.167
 10.00577997 1.1000000  3.7215 -4.4896 16.913 16.658 16.455 16.129 16.259 16.026 15.805 15.521 15.609 15.362 15.305 15.143 15.171
 10.00725273 1.1000000  3.7209 -4.4920 16.922 16.667 16.463 16.136 16.267 16.033 15.812 15.526 15.615 15.367 15.310 15.148 15.176
 10.00871756 1.1000000  3.7203 -4.4944 16.931 16.675 16.470 16.143 16.274 16.039 15.818 15.532 15.621 15.372 15.315 15.153 15.181
 10.01018082 1.1000000  3.7197 -4.4968 16.940 16.683 16.478 16.150 16.281 16.046 15.824 15.538 15.627 15.378 15.321 15.157 15.185
 10.01162886 1.1000000  3.7191 -4.4991 16.948 16.691 16.486 16.157 16.288 16.052 15.830 15.543 15.633 15.383 15.325 15.162 15.190
 10.01308714 1.1000000  3.7186 -4.5015 16.957 16.699 16.493 16.164 16.296 16.059 15.836 15.549 15.639 15.388 15.330 15.166 15.194
 10.01452839 1.1000000  3.7180 -4.5038 16.966 16.707 16.501 16.171 16.303 16.066 15.842 15.555 15.644 15.393 15.335 15.171 15.199
 10.01597987 1.1000000  3.7174 -4.5061 16.974 16.715 16.508 16.177 16.310 16.072 15.848 15.560 15.650 15.398 15.340 15.175 15.203
 10.01740975 1.1000000  3.7168 -4.5084 16.983 16.723 16.516 16.184 16.317 16.078 15.854 15.566 15.656 15.403 15.345 15.179 15.208
 10.01884624 1.1000000  3.7163 -4.5107 16.991 16.730 16.523 16.191 16.324 16.085 15.860 15.571 15.661 15.408 15.350 15.184 15.212
 10.02027021 1.1000000  3.7157 -4.5130 17.000 16.738 16.530 16.197 16.330 16.091 15.866 15.577 15.667 15.413 15.355 15.188 15.216
 10.02169440 1.1000000  3.7152 -4.5153 17.008 16.746 16.538 16.204 16.337 16.098 15.872 15.582 15.673 15.418 15.360 15.193 15.221
 10.02310426 1.1000000  3.7146 -4.5175 17.017 16.754 16.545 16.211 16.344 16.104 15.878 15.588 15.678 15.423 15.364 15.197 15.225
 10.02452071 1.1000000  3.7141 -4.5197 17.025 16.761 16.552 16.217 16.351 16.110 15.884 15.593 15.684 15.428 15.369 15.201 15.229
 10.02593282 1.1000000  3.7135 -4.5220 17.034 16.769 16.560 16.224 16.358 16.116 15.890 15.599 15.689 15.433 15.374 15.205 15.234
 10.02733240 1.1000000  3.7130 -4.5242 17.042 16.776 16.567 16.230 16.365 16.122 15.896 15.604 15.695 15.438 15.379 15.210 15.238
 10.02872491 1.1000000  3.7124 -4.5264 17.050 16.784 16.574 16.237 16.371 16.129 15.901 15.609 15.700 15.442 15.383 15.214 15.242
 10.03013129 1.1000000  3.7119 -4.5286 17.058 16.791 16.581 16.243 16.378 16.135 15.907 15.615 15.706 15.447 15.388 15.218 15.246
 10.03151147 1.1000000  3.7113 -4.5308 17.066 16.799 16.588 16.250 16.385 16.141 15.913 15.620 15.711 15.452 15.393 15.222 15.251
 10.03290461 1.1000000  3.7108 -4.5331 17.075 16.807 16.595 16.256 16.392 16.147 15.919 15.626 15.717 15.457 15.398 15.227 15.255
 10.03428884 1.1000000  3.7102 -4.5353 17.083 16.814 16.603 16.263 16.398 16.154 15.925 15.631 15.722 15.462 15.402 15.231 15.259
 10.03566507 1.1000000  3.7097 -4.5375 17.092 16.822 16.610 16.269 16.405 16.160 15.930 15.636 15.728 15.467 15.407 15.235 15.264
 10.03703695 1.1000000  3.7091 -4.5398 17.100 16.830 16.617 16.276 16.412 16.166 15.936 15.642 15.733 15.472 15.412 15.240 15.268
 10.03840173 1.1000000  3.7086 -4.5420 17.108 16.837 16.624 16.282 16.419 16.172 15.942 15.647 15.739 15.477 15.416 15.244 15.272
 10.03977766 1.1000000  3.7080 -4.5443 17.117 16.845 16.632 16.289 16.426 16.179 15.948 15.653 15.745 15.482 15.421 15.248 15.277
 10.04112642 1.1000000  3.7074 -4.5465 17.125 16.853 16.639 16.296 16.433 16.185 15.954 15.658 15.750 15.486 15.426 15.252 15.281
 10.04248997 1.1000000  3.7069 -4.5488 17.134 16.860 16.646 16.302 16.440 16.191 15.960 15.664 15.756 15.491 15.431 15.257 15.285
 10.04383912 1.1000000  3.7063 -4.5511 17.142 16.868 16.654 16.309 16.447 16.198 15.966 15.670 15.762 15.497 15.436 15.261 15.290
 10.04518116 1.1000000  3.7057 -4.5534 17.151 16.876 16.661 16.316 16.454 16.204 15.972 15.675 15.767 15.502 15.441 15.266 15.294
 10.04652338 1.1000000  3.7052 -4.5557 17.160 16.884 16.669 16.323 16.461 16.211 15.978 15.681 15.773 15.507 15.446 15.270 15.299
 10.04786671 1.1000000  3.7046 -4.5581 17.169 16.892 16.677 16.330 16.468 16.218 15.984 15.687 15.779 15.512 15.451 15.275 15.303
 10.04920474 1.1000000  3.7040 -4.5604 17.177 16.900 16.684 16.337 16.475 16.224 15.990 15.693 15.785 15.517 15.456 15.279 15.308
 10.05053201 1.1000000  3.7034 -4.5628 17.186 16.909 16.692 16.344 16.483 16.231 15.997 15.699 15.791 15.522 15.461 15.284 15.313
 10.05186037 1.1000000  3.7028 -4.5653 17.196 16.917 16.700 16.351 16.490 16.238 16.003 15.705 15.797 15.528 15.466 15.289 15.317
 10.05317704 1.1000000  3.7022 -4.5677 17.205 16.925 16.708 16.358 16.498 16.245 16.010 15.711 15.803 15.533 15.471 15.293 15.322
 10.05450302 1.1000000  3.7016 -4.5702 17.214 16.934 16.716 16.366 16.505 16.252 16.016 15.717 15.810 15.539 15.477 15.298 15.327
 10.05581457 1.1000000  3.7010 -4.5727 17.224 16.943 16.724 16.373 16.513 16.259 16.023 15.723 15.816 15.544 15.482 15.303 15.332
 10.05712903 1.1000000  3.7003 -4.5753 17.234 16.951 16.733 16.381 16.521 16.266 16.030 15.730 15.822 15.550 15.488 15.308 15.337
 10.05843909 1.1000000  3.6997 -4.5779 17.243 16.960 16.741 16.388 16.529 16.273 16.036 15.736 15.829 15.556 15.493 15.313 15.342
 10.05973745 1.1000000  3.6990 -4.5805 17.253 16.969 16.750 16.396 16.537 16.281 16.043 15.743 15.835 15.561 15.499 15.318 15.347
 10.06103507 1.1000000  3.6984 -4.5832 17.263 16.979 16.759 16.404 16.545 16.288 16.050 15.750 15.842 15.567 15.505 15.323 15.352
 10.06232463 1.1000000  3.6977 -4.5859 17.273 16.988 16.767 16.412 16.553 16.296 16.057 15.756 15.849 15.573 15.510 15.328 15.357
 10.06362167 1.1000000  3.6970 -4.5886 17.283 16.997 16.776 16.420 16.562 16.303 16.064 15.763 15.856 15.579 15.516 15.333 15.362
 10.06491248 1.1000000  3.6963 -4.5914 17.293 17.006 16.785 16.428 16.570 16.311 16.072 15.770 15.862 15.585 15.522 15.339 15.368
 10.06619431 1.1000000  3.6956 -4.5942 17.304 17.016 16.794 16.436 16.579 16.319 16.079 15.777 15.869 15.591 15.528 15.344 15.373
 10.06747630 1.1000000  3.6949 -4.5971 17.314 17.025 16.803 16.444 16.587 16.327 16.086 15.784 15.876 15.597 15.534 15.350 15.379
 10.06875114 1.1000000  3.6942 -4.6000 17.325 17.035 16.812 16.453 16.596 16.335 16.094 15.791 15.884 15.604 15.540 15.355 15.384
 10.07001973 1.1000000  3.6934 -4.6030 17.336 17.045 16.822 16.461 16.605 16.343 16.102 15.798 15.891 15.610 15.546 15.361 15.390
 10.07128848 1.1000000  3.6927 -4.6060 17.347 17.055 16.831 16.470 16.614 16.351 16.109 15.806 15.898 15.617 15.553 15.367 15.396
 10.07255282 1.1000000  3.6919 -4.6090 17.358 17.065 16.841 16.479 16.623 16.359 16.117 15.813 15.906 15.623 15.559 15.373 15.402
 10.07381274 1.1000000  3.6912 -4.6122 17.370 17.076 16.851 16.488 16.633 16.368 16.125 15.821 15.914 15.630 15.566 15.379 15.408
 10.07507738 1.1000000  3.6904 -4.6153 17.381 17.087 16.861 16.497 16.642 16.377 16.133 15.828 15.921 15.637 15.572 15.385 15.414
 10.07632663 1.1000000  3.6896 -4.6186 17.393 17.098 16.872 16.506 16.652 16.386 16.142 15.837 15.929 15.644 15.579 15.391 15.420
 10.07758060 1.1000000  3.6887 -4.6220 17.406 17.109 16.882 16.516 16.662 16.395 16.151 15.845 15.938 15.652 15.586 15.397 15.427
 10.07882282 1.1000000  3.6879 -4.6254 17.418 17.120 16.893 16.526 16.672 16.404 16.159 15.853 15.946 15.659 15.593 15.404 15.433
 10.08006793 1.1000000  3.6870 -4.6289 17.431 17.132 16.904 16.536 16.683 16.414 16.168 15.862 15.955 15.666 15.600 15.411 15.440
 10.08130496 1.1000000  3.6862 -4.6324 17.444 17.144 16.915 16.546 16.693 16.424 16.177 15.870 15.963 15.674 15.608 15.417 15.447
 10.08254762 1.1000000  3.6852 -4.6360 17.457 17.156 16.927 16.556 16.704 16.433 16.187 15.879 15.972 15.682 15.615 15.424 15.454
 10.08378219 1.1000000  3.6843 -4.6397 17.470 17.168 16.938 16.567 16.715 16.444 16.196 15.888 15.981 15.690 15.623 15.431 15.461
 10.08500408 1.1000000  3.6834 -4.6434 17.484 17.180 16.950 16.578 16.726 16.454 16.206 15.897 15.990 15.698 15.631 15.438 15.468
 10.08622885 1.1000000  3.6825 -4.6472 17.497 17.193 16.962 16.588 16.737 16.464 16.215 15.907 16.000 15.706 15.639 15.446 15.475
 10.08745744 1.1000000  3.6815 -4.6511 17.512 17.206 16.975 16.600 16.749 16.475 16.225 15.916 16.009 15.714 15.647 15.453 15.483
 10.08867425 1.1000000  3.6807 -4.6543 17.523 17.216 16.985 16.609 16.758 16.483 16.234 15.924 16.017 15.721 15.653 15.459 15.489
 10.08988479 1.1000000  3.6799 -4.6574 17.534 17.227 16.994 16.617 16.767 16.492 16.242 15.932 16.025 15.728 15.660 15.465 15.495
 10.09110097 1.1000000  3.6792 -4.6605 17.545 17.237 17.004 16.626 16.777 16.500 16.249 15.939 16.032 15.735 15.666 15.471 15.501
 10.09230170 1.1000000  3.6784 -4.6637 17.557 17.247 17.014 16.635 16.786 16.509 16.258 15.947 16.040 15.742 15.673 15.477 15.507
 10.09351540 1.1000000  3.6776 -4.6669 17.568 17.258 17.024 16.645 16.795 16.518 16.266 15.955 16.048 15.749 15.680 15.483 15.513
 10.09471548 1.1000000  3.6768 -4.6702 17.580 17.269 17.035 16.654 16.805 16.527 16.274 15.963 16.056 15.756 15.686 15.490 15.519
 10.09591386 1.1000000  3.6759 -4.6736 17.592 17.280 17.045 16.663 16.815 16.535 16.283 15.971 16.064 15.763 15.693 15.496 15.526
 10.09711054 1.1000000  3.6750 -4.6771 17.605 17.291 17.056 16.673 16.825 16.545 16.291 15.980 16.072 15.770 15.700 15.503 15.532
 10.09830277 1.1000000  3.6741 -4.6808 17.617 17.303 17.067 16.683 16.836 16.554 16.301 15.988 16.081 15.778 15.708 15.510 15.539
 10.09948962 1.1000000  3.6732 -4.6845 17.630 17.315 17.078 16.693 16.846 16.564 16.310 15.997 16.090 15.786 15.715 15.516 15.546
 10.10067660 1.1000000  3.6722 -4.6884 17.644 17.327 17.090 16.704 16.857 16.574 16.319 16.006 16.099 15.794 15.723 15.524 15.553
 10.10186096 1.1000000  3.6702 -4.6965 17.672 17.352 17.114 16.726 16.880 16.595 16.339 16.025 16.118 15.810 15.739 15.539 15.568
 10.10303260 1.1000000  3.6680 -4.7055 17.702 17.381 17.141 16.750 16.905 16.618 16.361 16.046 16.139 15.829 15.757 15.555 15.584
 10.10421813 1.1000000  3.6657 -4.7146 17.733 17.409 17.168 16.775 16.931 16.642 16.383 16.067 16.159 15.847 15.775 15.572 15.601
 10.10538910 1.1000000  3.6634 -4.7239 17.764 17.437 17.195 16.799 16.956 16.665 16.405 16.088 16.181 15.866 15.794 15.589 15.618
 10.10654735 1.1000000  3.6616 -4.7309 17.788 17.459 17.215 16.818 16.975 16.683 16.421 16.104 16.197 15.880 15.807 15.602 15.630
 10.10772132 1.1000000  3.6601 -4.7372 17.809 17.478 17.234 16.834 16.992 16.699 16.436 16.118 16.211 15.893 15.820 15.613 15.642
 10.10888899 1.1000000  3.6585 -4.7436 17.830 17.497 17.252 16.851 17.010 16.714 16.451 16.133 16.225 15.905 15.832 15.625 15.653
 10.11004484 1.1000000  3.6568 -4.7504 17.852 17.517 17.272 16.869 17.028 16.731 16.467 16.148 16.240 15.919 15.845 15.637 15.665
 10.11120449 1.1000000  3.6551 -4.7573 17.874 17.538 17.291 16.887 17.046 16.748 16.483 16.163 16.256 15.933 15.859 15.649 15.678
 10.11235416 1.1000000  3.6533 -4.7645 17.897 17.559 17.312 16.905 17.065 16.766 16.500 16.179 16.271 15.947 15.872 15.662 15.690
 10.11350761 1.1000000  3.6514 -4.7720 17.921 17.581 17.332 16.924 17.085 16.784 16.517 16.195 16.288 15.961 15.886 15.676 15.703
 10.11465843 1.1000000  3.6494 -4.7799 17.946 17.604 17.354 16.943 17.105 16.802 16.534 16.212 16.304 15.976 15.901 15.690 15.717
 10.11580202 1.1000000  3.6474 -4.7880 17.971 17.626 17.376 16.963 17.126 16.821 16.552 16.229 16.322 15.991 15.916 15.704 15.731
 10.11694664 1.1000000  3.6453 -4.7964 17.997 17.650 17.398 16.984 17.147 16.841 16.570 16.247 16.339 16.007 15.932 15.719 15.746
 10.11808862 1.1000000  3.6431 -4.8052 18.023 17.674 17.421 17.005 17.169 16.861 16.589 16.265 16.357 16.024 15.948 15.735 15.761
 10.11921877 1.1000000  3.6408 -4.8145 18.051 17.700 17.446 17.027 17.192 16.882 16.609 16.284 16.376 16.041 15.964 15.752 15.777
 10.12035638 1.1000000  3.6384 -4.8242 18.080 17.726 17.471 17.050 17.215 16.903 16.629 16.304 16.396 16.058 15.982 15.769 15.794
 10.12148031 1.1000000  3.6359 -4.8342 18.109 17.753 17.496 17.073 17.239 16.925 16.650 16.324 16.416 16.076 16.000 15.786 15.811
 10.12260804 1.1000000  3.6333 -4.8446 18.139 17.780 17.522 17.096 17.264 16.948 16.671 16.344 16.437 16.095 16.018 15.805 15.828
 10.12373403 1.1000000  3.6306 -4.8556 18.170 17.809 17.550 17.121 17.290 16.972 16.693 16.365 16.458 16.114 16.037 15.824 15.847
 10.12485278 1.1000000  3.6277 -4.8669 18.201 17.837 17.577 17.146 17.316 16.995 16.716 16.387 16.480 16.134 16.056 15.844 15.866
 10.12597072 1.1000000  3.6248 -4.8787 18.233 17.867 17.605 17.172 17.342 17.020 16.739 16.409 16.502 16.155 16.077 15.865 15.886
 10.12708969 1.1000000  3.6219 -4.8903 18.264 17.896 17.633 17.197 17.368 17.044 16.762 16.431 16.524 16.175 16.097 15.886 15.906
 10.12820508 1.1000000  3.6190 -4.9017 18.295 17.923 17.659 17.221 17.393 17.066 16.783 16.452 16.544 16.194 16.117 15.907 15.925
 10.12930679 1.1000000  3.6161 -4.9137 18.326 17.952 17.686 17.246 17.419 17.090 16.806 16.474 16.566 16.215 16.137 15.929 15.946
 10.13041780 1.1000000  3.6129 -4.9263 18.358 17.981 17.715 17.272 17.445 17.115 16.829 16.496 16.589 16.236 16.159 15.953 15.968
 10.13151603 1.1000000  3.6086 -4.9434 18.400 18.020 17.752 17.306 17.480 17.147 16.860 16.526 16.618 16.264 16.188 15.985 15.997
 10.13262264 1.1000000  3.6042 -4.9612 18.443 18.060 17.790 17.341 17.516 17.180 16.892 16.556 16.649 16.293 16.217 16.018 16.028
 10.13372384 1.1000000  3.6001 -4.9777 18.482 18.095 17.824 17.372 17.549 17.210 16.920 16.584 16.676 16.320 16.245 16.050 16.057
 10.13481226 1.1000000  3.5962 -4.9932 18.519 18.129 17.856 17.401 17.579 17.238 16.947 16.609 16.702 16.346 16.272 16.081 16.086
 10.13591182 1.1000000  3.5922 -5.0094 18.556 18.163 17.889 17.431 17.610 17.267 16.974 16.636 16.728 16.373 16.300 16.115 16.116
 10.13700412 1.1000000  3.5873 -5.0288 18.600 18.203 17.927 17.466 17.646 17.301 17.006 16.666 16.759 16.405 16.334 16.156 16.153
 10.13808916 1.1000000  3.5821 -5.0497 18.645 18.245 17.968 17.503 17.684 17.336 17.040 16.699 16.791 16.439 16.370 16.201 16.194
 10.13917338 1.1000000  3.5772 -5.0694 18.687 18.284 18.004 17.536 17.719 17.369 17.071 16.729 16.821 16.472 16.405 16.245 16.233
 10.14025401 1.1000000  3.5724 -5.0884 18.727 18.320 18.039 17.568 17.752 17.399 17.100 16.757 16.849 16.504 16.439 16.288 16.273
 10.14133289 1.1000000  3.5674 -5.1087 18.770 18.359 18.076 17.602 17.787 17.433 17.132 16.788 16.880 16.540 16.478 16.337 16.318
 10.14241464 1.1000000  3.5612 -5.1332 18.820 18.405 18.121 17.642 17.829 17.472 17.169 16.824 16.916 16.584 16.526 16.399 16.375
 10.14348359 1.1000000  3.5551 -5.1577 18.869 18.450 18.164 17.682 17.870 17.510 17.206 16.860 16.952 16.630 16.576 16.462 16.435
 10.14455724 1.1000000  3.5493 -5.1812 18.915 18.492 18.205 17.719 17.908 17.546 17.241 16.894 16.985 16.674 16.625 16.526 16.494
 10.14562270 1.1000000  3.5433 -5.2052 18.961 18.534 18.245 17.756 17.946 17.583 17.276 16.928 17.019 16.721 16.676 16.593 16.557
 10.14669469 1.1000000  3.5371 -5.2299 19.009 18.578 18.287 17.795 17.986 17.621 17.312 16.963 17.055 16.773 16.733 16.665 16.626
 10.14775112 1.1000000  3.5309 -5.2550 19.056 18.621 18.329 17.833 18.025 17.659 17.349 16.999 17.091 16.828 16.793 16.740 16.698
 10.14881593 1.1000000  3.5244 -5.2807 19.104 18.665 18.371 17.871 18.065 17.697 17.386 17.036 17.127 16.887 16.857 16.820 16.776
 10.14987531 1.1000000  3.5179 -5.3066 19.152 18.709 18.413 17.910 18.104 17.736 17.423 17.072 17.164 16.948 16.924 16.904 16.857
 10.15093109 1.1000000  3.5113 -5.3330 19.199 18.752 18.455 17.948 18.144 17.775 17.461 17.109 17.201 17.014 16.994 16.991 16.943
