#   log(t)       Mwd   log(Teff)log(L/Lo) F435W F475  F502N  F550M  F555W  F606W  F625W  F658N  F660N  F775W  F814W  F850LP F892N
    5.788629 1.1000000  4.9866  0.6283  5.577  5.867  6.422  6.677  6.521  6.764  6.982  7.176  7.405  7.641  8.039  8.265  8.182
    5.793180 1.1000000  4.9781  0.5930  5.741  6.025  6.569  6.815  6.663  6.900  7.113  7.299  7.525  7.757  8.144  8.366  8.288
    5.797766 1.1000000  4.9698  0.5589  5.897  6.176  6.709  6.947  6.798  7.030  7.239  7.416  7.639  7.867  8.243  8.463  8.389
    5.803214 1.1000000  4.9617  0.5252  6.049  6.322  6.845  7.075  6.929  7.157  7.361  7.530  7.751  7.975  8.340  8.557  8.487
    5.809758 1.1000000  4.9535  0.4914  6.199  6.467  6.980  7.202  7.059  7.282  7.482  7.643  7.861  8.081  8.437  8.650  8.584
    5.817527 1.1000000  4.9453  0.4574  6.348  6.611  7.113  7.328  7.188  7.407  7.602  7.755  7.970  8.187  8.532  8.742  8.681
    5.826548 1.1000000  4.9370  0.4233  6.496  6.754  7.246  7.452  7.316  7.530  7.721  7.865  8.078  8.292  8.626  8.834  8.776
    5.836812 1.1000000  4.9287  0.3890  6.642  6.895  7.377  7.575  7.442  7.651  7.838  7.975  8.185  8.395  8.720  8.925  8.870
    5.848309 1.1000000  4.9204  0.3545  6.787  7.035  7.507  7.698  7.568  7.772  7.955  8.084  8.292  8.498  8.813  9.015  8.964
    5.860978 1.1000000  4.9121  0.3199  6.930  7.173  7.635  7.818  7.692  7.892  8.070  8.192  8.397  8.599  8.905  9.104  9.057
    5.874765 1.1000000  4.9037  0.2851  7.072  7.310  7.762  7.938  7.814  8.010  8.184  8.298  8.501  8.700  8.996  9.192  9.149
    5.889604 1.1000000  4.8953  0.2504  7.211  7.445  7.887  8.055  7.935  8.126  8.296  8.403  8.603  8.799  9.085  9.278  9.239
    5.905460 1.1000000  4.8869  0.2155  7.348  7.578  8.010  8.172  8.054  8.241  8.407  8.506  8.704  8.896  9.173  9.364  9.328
    5.922262 1.1000000  4.8785  0.1806  7.484  7.709  8.132  8.286  8.171  8.354  8.517  8.608  8.803  8.993  9.261  9.449  9.415
    5.939986 1.1000000  4.8701  0.1457  7.617  7.838  8.252  8.398  8.287  8.465  8.624  8.709  8.901  9.087  9.346  9.532  9.502
    5.958594 1.1000000  4.8616  0.1107  7.749  7.965  8.370  8.509  8.401  8.574  8.730  8.807  8.997  9.181  9.431  9.614  9.587
    5.978088 1.1000000  4.8532  0.0758  7.878  8.089  8.485  8.618  8.512  8.681  8.834  8.904  9.091  9.272  9.514  9.695  9.670
    5.998453 1.1000000  4.8448  0.0409  8.004  8.212  8.599  8.725  8.622  8.787  8.936  8.999  9.184  9.362  9.595  9.774  9.752
    6.019716 1.1000000  4.8363  0.0060  8.129  8.332  8.711  8.830  8.730  8.890  9.036  9.093  9.275  9.450  9.675  9.852  9.832
    6.041866 1.1000000  4.8279 -0.0290  8.251  8.451  8.821  8.933  8.836  8.992  9.135  9.185  9.365  9.538  9.754  9.929  9.911
    6.064903 1.1000000  4.8194 -0.0639  8.372  8.567  8.928  9.034  8.940  9.092  9.232  9.275  9.453  9.623  9.831 10.004  9.989
    6.089060 1.1000000  4.8110 -0.0985  8.488  8.680  9.033  9.133  9.041  9.189  9.326  9.363  9.538  9.706  9.906 10.077 10.064
    6.114740 1.1000000  4.8027 -0.1330  8.603  8.790  9.136  9.229  9.140  9.284  9.418  9.449  9.622  9.787  9.980 10.149 10.138
    6.142280 1.1000000  4.7943 -0.1674  8.715  8.898  9.236  9.323  9.237  9.377  9.508  9.533  9.704  9.866 10.052 10.219 10.210
    6.171983 1.1000000  4.7860 -0.2017  8.824  9.004  9.334  9.415  9.332  9.468  9.597  9.616  9.784  9.944 10.123 10.288 10.281
    6.204258 1.1000000  4.7778 -0.2357  8.930  9.107  9.430  9.505  9.424  9.557  9.682  9.696  9.862 10.020 10.192 10.354 10.350
    6.239656 1.1000000  4.7696 -0.2696  9.034  9.208  9.523  9.593  9.514  9.643  9.766  9.774  9.938 10.094 10.259 10.420 10.417
    6.278759 1.1000000  4.7614 -0.3034  9.136  9.306  9.615  9.678  9.602  9.728  9.848  9.851 10.012 10.166 10.325 10.484 10.483
    6.322293 1.1000000  4.7533 -0.3369  9.235  9.402  9.703  9.761  9.687  9.810  9.928  9.925 10.084 10.236 10.389 10.546 10.546
    6.371384 1.1000000  4.7453 -0.3701  9.331  9.494  9.789  9.842  9.770  9.889 10.005  9.997 10.154 10.304 10.451 10.607 10.608
    6.427117 1.1000000  4.7373 -0.4031  9.424  9.585  9.873  9.921  9.851  9.967 10.081 10.068 10.223 10.371 10.511 10.666 10.669
    6.490757 1.1000000  4.7294 -0.4358  9.514  9.672  9.954  9.997  9.930 10.042 10.154 10.136 10.289 10.435 10.570 10.723 10.727
    6.563318 1.1000000  4.7215 -0.4685  9.603  9.758 10.034 10.072 10.007 10.116 10.225 10.203 10.354 10.499 10.628 10.779 10.785
    6.645147 1.1000000  4.7136 -0.5011  9.690  9.842 10.112 10.145 10.082 10.188 10.295 10.268 10.418 10.560 10.684 10.834 10.841
    6.735118 1.1000000  4.7057 -0.5339  9.775  9.924 10.189 10.217 10.156 10.259 10.364 10.332 10.480 10.621 10.739 10.888 10.896
    6.830189 1.1000000  4.6977 -0.5671  9.859 10.006 10.264 10.288 10.229 10.329 10.432 10.396 10.542 10.681 10.794 10.942 10.951
    6.925807 1.1000000  4.6895 -0.6009  9.943 10.087 10.340 10.358 10.301 10.398 10.500 10.459 10.604 10.741 10.849 10.995 11.005
    7.017217 1.1000000  4.6812 -0.6353 10.026 10.167 10.414 10.428 10.374 10.468 10.567 10.522 10.665 10.800 10.903 11.048 11.059
    7.101744 1.1000000  4.6728 -0.6701 10.108 10.246 10.488 10.498 10.445 10.536 10.633 10.584 10.725 10.859 10.957 11.100 11.112
    7.178984 1.1000000  4.6643 -0.7051 10.188 10.324 10.560 10.565 10.514 10.602 10.698 10.644 10.784 10.916 11.009 11.151 11.164
    7.248981 1.1000000  4.6557 -0.7404 10.266 10.400 10.631 10.631 10.582 10.667 10.761 10.704 10.841 10.972 11.060 11.201 11.215
    7.312779 1.1000000  4.6471 -0.7757 10.342 10.474 10.699 10.695 10.648 10.731 10.823 10.761 10.897 11.026 11.110 11.250 11.264
    7.371254 1.1000000  4.6385 -0.8112 10.417 10.546 10.766 10.758 10.713 10.792 10.883 10.817 10.952 11.080 11.159 11.297 11.312
    7.425112 1.1000000  4.6298 -0.8467 10.489 10.616 10.831 10.819 10.776 10.852 10.941 10.872 11.005 11.131 11.206 11.343 11.359
    7.475045 1.1000000  4.6211 -0.8822 10.559 10.683 10.894 10.878 10.836 10.910 10.998 10.925 11.056 11.181 11.252 11.388 11.404
    7.521444 1.1000000  4.6124 -0.9177 10.626 10.748 10.955 10.934 10.895 10.966 11.052 10.976 11.105 11.229 11.296 11.431 11.448
    7.565099 1.1000000  4.6037 -0.9532 10.692 10.812 11.014 10.989 10.951 11.020 11.105 11.025 11.153 11.275 11.339 11.473 11.490
    7.606430 1.1000000  4.5950 -0.9887 10.755 10.872 11.071 11.043 11.006 11.073 11.156 11.072 11.200 11.320 11.381 11.513 11.531
    7.645833 1.1000000  4.5863 -1.0242 10.815 10.931 11.125 11.094 11.059 11.123 11.205 11.118 11.245 11.364 11.421 11.552 11.570
    7.683668 1.1000000  4.5776 -1.0596 10.874 10.988 11.178 11.143 11.109 11.172 11.252 11.163 11.287 11.405 11.459 11.589 11.608
    7.720161 1.1000000  4.5689 -1.0951 10.930 11.042 11.229 11.190 11.158 11.218 11.297 11.205 11.329 11.445 11.496 11.626 11.645
    7.755411 1.1000000  4.5602 -1.1305 10.984 11.094 11.277 11.236 11.205 11.263 11.340 11.246 11.369 11.484 11.532 11.660 11.680
    7.789828 1.1000000  4.5515 -1.1658 11.035 11.144 11.324 11.279 11.250 11.306 11.382 11.285 11.407 11.521 11.566 11.694 11.713
    7.823319 1.1000000  4.5428 -1.2013 11.085 11.192 11.369 11.321 11.293 11.347 11.422 11.323 11.444 11.556 11.599 11.726 11.746
    7.855950 1.1000000  4.5342 -1.2367 11.132 11.237 11.411 11.361 11.334 11.387 11.460 11.359 11.479 11.590 11.631 11.756 11.776
    7.887803 1.1000000  4.5255 -1.2722 11.177 11.281 11.452 11.399 11.373 11.425 11.497 11.393 11.513 11.622 11.661 11.786 11.806
    7.918936 1.1000000  4.5168 -1.3076 11.220 11.322 11.491 11.435 11.411 11.460 11.531 11.426 11.544 11.653 11.690 11.814 11.834
    7.949401 1.1000000  4.5081 -1.3430 11.261 11.361 11.528 11.470 11.446 11.494 11.564 11.457 11.575 11.682 11.718 11.840 11.861
    7.979221 1.1000000  4.4993 -1.3786 11.299 11.398 11.563 11.502 11.480 11.526 11.595 11.486 11.604 11.710 11.744 11.865 11.886
    8.008341 1.1000000  4.4906 -1.4140 11.335 11.433 11.595 11.533 11.511 11.557 11.624 11.514 11.631 11.735 11.768 11.889 11.910
    8.036990 1.1000000  4.4818 -1.4495 11.369 11.466 11.626 11.561 11.540 11.585 11.651 11.540 11.656 11.760 11.791 11.911 11.932
    8.065230 1.1000000  4.4731 -1.4849 11.400 11.496 11.654 11.588 11.568 11.611 11.676 11.564 11.680 11.782 11.813 11.932 11.953
    8.093096 1.1000000  4.4644 -1.5203 11.429 11.524 11.681 11.613 11.593 11.636 11.700 11.586 11.702 11.803 11.833 11.951 11.972
    8.120677 1.1000000  4.4556 -1.5557 11.456 11.549 11.705 11.636 11.617 11.658 11.721 11.607 11.723 11.822 11.852 11.969 11.990
    8.148110 1.1000000  4.4469 -1.5911 11.481 11.573 11.728 11.657 11.639 11.680 11.741 11.626 11.742 11.840 11.869 11.986 12.007
    8.175398 1.1000000  4.4382 -1.6264 11.503 11.595 11.749 11.676 11.658 11.699 11.759 11.643 11.759 11.856 11.885 12.001 12.022
    8.202512 1.1000000  4.4295 -1.6618 11.523 11.614 11.767 11.693 11.676 11.716 11.776 11.659 11.775 11.871 11.900 12.015 12.036
    8.229471 1.1000000  4.4207 -1.6972 11.541 11.631 11.784 11.709 11.692 11.732 11.790 11.674 11.790 11.884 11.913 12.027 12.048
    8.256288 1.1000000  4.4120 -1.7326 11.558 11.647 11.800 11.723 11.707 11.746 11.804 11.687 11.803 11.897 11.926 12.039 12.060
    8.282985 1.1000000  4.4033 -1.7680 11.576 11.665 11.816 11.739 11.723 11.762 11.818 11.701 11.818 11.910 11.939 12.052 12.073
    8.309574 1.1000000  4.3945 -1.8034 11.594 11.681 11.832 11.754 11.739 11.777 11.833 11.715 11.832 11.923 11.951 12.064 12.085
    8.335966 1.1000000  4.3858 -1.8388 11.610 11.697 11.848 11.768 11.754 11.791 11.846 11.728 11.845 11.935 11.963 12.075 12.096
    8.362196 1.1000000  4.3770 -1.8742 11.629 11.715 11.865 11.783 11.770 11.807 11.861 11.743 11.860 11.949 11.977 12.088 12.109
    8.388346 1.1000000  4.3683 -1.9096 11.654 11.739 11.888 11.805 11.793 11.828 11.882 11.763 11.879 11.967 11.995 12.106 12.127
    8.414415 1.1000000  4.3595 -1.9451 11.682 11.765 11.913 11.830 11.818 11.852 11.905 11.785 11.901 11.988 12.016 12.126 12.146
    8.440395 1.1000000  4.3508 -1.9805 11.713 11.795 11.941 11.857 11.845 11.879 11.930 11.809 11.925 12.011 12.038 12.147 12.168
    8.466315 1.1000000  4.3420 -2.0159 11.746 11.827 11.971 11.886 11.875 11.907 11.958 11.835 11.951 12.036 12.063 12.171 12.191
    8.492216 1.1000000  4.3332 -2.0513 11.780 11.860 12.002 11.917 11.906 11.938 11.987 11.863 11.978 12.063 12.090 12.196 12.217
    8.518289 1.1000000  4.3245 -2.0865 11.817 11.895 12.036 11.950 11.940 11.970 12.018 11.892 12.007 12.092 12.118 12.224 12.244
    8.544529 1.1000000  4.3158 -2.1218 11.856 11.933 12.071 11.986 11.976 12.005 12.051 11.923 12.038 12.123 12.149 12.253 12.274
    8.570836 1.1000000  4.3071 -2.1572 11.897 11.973 12.108 12.024 12.014 12.042 12.086 11.957 12.071 12.156 12.181 12.285 12.305
    8.597235 1.1000000  4.2983 -2.1925 11.940 12.014 12.146 12.063 12.054 12.081 12.122 11.991 12.104 12.190 12.215 12.318 12.338
    8.623735 1.1000000  4.2896 -2.2279 11.982 12.056 12.183 12.103 12.094 12.120 12.159 12.026 12.138 12.225 12.249 12.351 12.371
    8.650336 1.1000000  4.2809 -2.2632 12.026 12.099 12.222 12.144 12.135 12.159 12.197 12.061 12.173 12.261 12.285 12.385 12.406
    8.676915 1.1000000  4.2720 -2.2988 12.070 12.143 12.262 12.187 12.178 12.201 12.237 12.098 12.209 12.298 12.322 12.422 12.442
    8.703055 1.1000000  4.2631 -2.3343 12.116 12.188 12.302 12.232 12.222 12.243 12.277 12.136 12.245 12.336 12.360 12.458 12.478
    8.729194 1.1000000  4.2543 -2.3696 12.162 12.234 12.342 12.277 12.267 12.286 12.317 12.174 12.282 12.375 12.399 12.496 12.515
    8.755678 1.1000000  4.2456 -2.4048 12.209 12.280 12.383 12.322 12.311 12.330 12.359 12.213 12.320 12.414 12.437 12.533 12.552
    8.783958 1.1000000  4.2368 -2.4404 12.257 12.328 12.425 12.368 12.357 12.374 12.401 12.252 12.359 12.454 12.477 12.571 12.590
    8.818086 1.1000000  4.2280 -2.4759 12.305 12.375 12.466 12.415 12.403 12.419 12.444 12.292 12.399 12.493 12.516 12.609 12.628
    8.853672 1.1000000  4.2192 -2.5113 12.354 12.423 12.508 12.460 12.449 12.463 12.486 12.332 12.437 12.532 12.554 12.646 12.665
    8.888142 1.1000000  4.2103 -2.5470 12.402 12.471 12.551 12.506 12.494 12.507 12.528 12.371 12.476 12.570 12.592 12.682 12.701
    8.923035 1.1000000  4.2016 -2.5823 12.451 12.518 12.593 12.551 12.540 12.550 12.569 12.411 12.515 12.608 12.630 12.718 12.737
    8.956096 1.1000000  4.1928 -2.6176 12.501 12.566 12.636 12.596 12.586 12.594 12.611 12.450 12.554 12.646 12.667 12.754 12.773
    8.986751 1.1000000  4.1844 -2.6514 12.548 12.612 12.677 12.639 12.629 12.636 12.650 12.488 12.591 12.682 12.703 12.787 12.806
    9.014841 1.1000000  4.1763 -2.6841 12.595 12.657 12.717 12.681 12.672 12.676 12.688 12.525 12.627 12.717 12.737 12.819 12.838
    9.041593 1.1000000  4.1685 -2.7157 12.640 12.700 12.755 12.721 12.712 12.715 12.724 12.560 12.662 12.749 12.769 12.850 12.869
    9.066522 1.1000000  4.1609 -2.7462 12.683 12.742 12.793 12.759 12.751 12.752 12.759 12.594 12.695 12.781 12.800 12.879 12.898
    9.091641 1.1000000  4.1533 -2.7764 12.726 12.783 12.829 12.796 12.788 12.788 12.793 12.627 12.728 12.811 12.829 12.906 12.925
    9.114620 1.1000000  4.1459 -2.8055 12.767 12.822 12.864 12.832 12.824 12.822 12.825 12.658 12.759 12.839 12.857 12.932 12.951
    9.136295 1.1000000  4.1391 -2.8330 12.808 12.861 12.898 12.867 12.860 12.856 12.857 12.689 12.790 12.867 12.885 12.958 12.977
    9.156696 1.1000000  4.1327 -2.8592 12.847 12.898 12.932 12.900 12.894 12.889 12.887 12.718 12.819 12.895 12.912 12.983 13.002
    9.175551 1.1000000  4.1264 -2.8846 12.886 12.934 12.965 12.932 12.927 12.920 12.917 12.747 12.848 12.921 12.937 13.007 13.026
    9.193686 1.1000000  4.1204 -2.9093 12.924 12.970 12.997 12.964 12.960 12.951 12.946 12.775 12.876 12.946 12.963 13.031 13.050
    9.211353 1.1000000  4.1143 -2.9337 12.961 13.005 13.028 12.995 12.992 12.981 12.974 12.803 12.903 12.971 12.987 13.054 13.073
    9.228361 1.1000000  4.1084 -2.9574 12.998 13.040 13.060 13.026 13.024 13.012 13.002 12.830 12.930 12.996 13.011 13.076 13.095
    9.244699 1.1000000  4.1027 -2.9804 13.034 13.074 13.091 13.056 13.055 13.041 13.030 12.856 12.957 13.020 13.035 13.099 13.118
    9.260199 1.1000000  4.0972 -3.0029 13.070 13.108 13.122 13.086 13.086 13.070 13.057 12.883 12.983 13.044 13.059 13.120 13.139
    9.274860 1.1000000  4.0916 -3.0252 13.106 13.141 13.153 13.115 13.116 13.099 13.083 12.909 13.009 13.068 13.082 13.142 13.161
    9.287148 1.1000000  4.0862 -3.0470 13.141 13.174 13.183 13.144 13.146 13.127 13.110 12.934 13.034 13.091 13.104 13.162 13.181
    9.299653 1.1000000  4.0809 -3.0683 13.176 13.207 13.213 13.172 13.175 13.155 13.135 12.959 13.059 13.114 13.126 13.183 13.202
    9.313401 1.1000000  4.0757 -3.0890 13.210 13.239 13.243 13.200 13.204 13.182 13.161 12.984 13.084 13.136 13.148 13.203 13.222
    9.325764 1.1000000  4.0707 -3.1094 13.245 13.271 13.273 13.228 13.233 13.210 13.186 13.009 13.108 13.159 13.170 13.224 13.243
    9.337582 1.1000000  4.0657 -3.1293 13.279 13.303 13.302 13.256 13.262 13.237 13.212 13.033 13.133 13.181 13.192 13.243 13.263
    9.348370 1.1000000  4.0609 -3.1488 13.312 13.335 13.331 13.283 13.290 13.263 13.236 13.057 13.157 13.202 13.213 13.263 13.282
    9.359808 1.1000000  4.0561 -3.1680 13.346 13.366 13.360 13.310 13.318 13.290 13.261 13.081 13.181 13.224 13.234 13.283 13.302
    9.370747 1.1000000  4.0514 -3.1869 13.379 13.397 13.389 13.337 13.346 13.316 13.285 13.105 13.205 13.246 13.255 13.302 13.322
    9.380548 1.1000000  4.0468 -3.2054 13.412 13.428 13.418 13.363 13.374 13.342 13.310 13.128 13.228 13.267 13.276 13.321 13.341
    9.390065 1.1000000  4.0423 -3.2235 13.444 13.458 13.446 13.389 13.401 13.368 13.333 13.152 13.251 13.287 13.296 13.340 13.360
    9.399390 1.1000000  4.0378 -3.2414 13.477 13.489 13.474 13.416 13.429 13.394 13.358 13.175 13.275 13.309 13.317 13.359 13.379
    9.408517 1.1000000  4.0335 -3.2589 13.510 13.519 13.503 13.442 13.456 13.420 13.382 13.199 13.298 13.330 13.338 13.378 13.398
    9.417440 1.1000000  4.0291 -3.2763 13.543 13.550 13.531 13.469 13.484 13.446 13.406 13.222 13.321 13.351 13.359 13.398 13.418
    9.426121 1.1000000  4.0249 -3.2932 13.575 13.580 13.560 13.495 13.511 13.472 13.430 13.245 13.344 13.372 13.380 13.417 13.437
    9.434287 1.1000000  4.0207 -3.3099 13.607 13.610 13.588 13.521 13.538 13.498 13.454 13.268 13.368 13.394 13.400 13.436 13.456
    9.441804 1.1000000  4.0167 -3.3262 13.639 13.640 13.616 13.547 13.565 13.523 13.478 13.291 13.391 13.414 13.421 13.455 13.475
    9.449969 1.1000000  4.0127 -3.3422 13.671 13.670 13.644 13.573 13.592 13.548 13.501 13.314 13.413 13.435 13.441 13.474 13.494
    9.457540 1.1000000  4.0088 -3.3580 13.702 13.699 13.671 13.598 13.618 13.574 13.525 13.337 13.436 13.456 13.461 13.493 13.513
    9.464891 1.1000000  4.0049 -3.3736 13.734 13.729 13.699 13.624 13.645 13.599 13.549 13.360 13.459 13.477 13.482 13.512 13.532
    9.471737 1.1000000  4.0011 -3.3889 13.765 13.758 13.726 13.649 13.671 13.624 13.572 13.382 13.481 13.497 13.502 13.530 13.550
    9.478865 1.1000000  3.9973 -3.4039 13.795 13.786 13.753 13.674 13.697 13.648 13.595 13.404 13.503 13.517 13.521 13.548 13.568
    9.485825 1.1000000  3.9936 -3.4188 13.826 13.815 13.780 13.699 13.722 13.673 13.617 13.426 13.525 13.537 13.540 13.566 13.586
    9.492417 1.1000000  3.9900 -3.4334 13.856 13.843 13.806 13.723 13.747 13.696 13.639 13.447 13.546 13.556 13.559 13.583 13.603
    9.498674 1.1000000  3.9867 -3.4467 13.883 13.868 13.830 13.745 13.771 13.718 13.660 13.466 13.565 13.573 13.576 13.598 13.619
    9.504785 1.1000000  3.9859 -3.4498 13.890 13.874 13.836 13.750 13.776 13.723 13.665 13.471 13.570 13.578 13.580 13.602 13.623
    9.510749 1.1000000  3.9852 -3.4531 13.897 13.881 13.842 13.756 13.782 13.729 13.670 13.476 13.575 13.582 13.585 13.606 13.627
    9.516638 1.1000000  3.9843 -3.4565 13.904 13.887 13.848 13.762 13.788 13.735 13.675 13.481 13.580 13.587 13.589 13.610 13.631
    9.523064 1.1000000  3.9835 -3.4601 13.912 13.894 13.855 13.768 13.794 13.741 13.681 13.487 13.585 13.592 13.594 13.615 13.635
    9.528629 1.1000000  3.9825 -3.4638 13.919 13.901 13.862 13.774 13.801 13.747 13.686 13.492 13.591 13.596 13.599 13.619 13.640
    9.534076 1.1000000  3.9815 -3.4678 13.928 13.909 13.869 13.781 13.808 13.753 13.693 13.498 13.597 13.602 13.604 13.624 13.644
    9.539405 1.1000000  3.9805 -3.4721 13.937 13.918 13.877 13.788 13.815 13.760 13.699 13.504 13.603 13.608 13.609 13.629 13.650
    9.544607 1.1000000  3.9793 -3.4766 13.946 13.926 13.885 13.796 13.823 13.768 13.706 13.511 13.610 13.614 13.615 13.634 13.655
    9.549094 1.1000000  3.9781 -3.4814 13.956 13.936 13.894 13.804 13.832 13.776 13.714 13.518 13.617 13.620 13.622 13.640 13.661
    9.554149 1.1000000  3.9769 -3.4864 13.967 13.946 13.903 13.812 13.841 13.784 13.722 13.526 13.624 13.627 13.628 13.646 13.667
    9.559109 1.1000000  3.9756 -3.4916 13.978 13.956 13.913 13.821 13.850 13.793 13.730 13.534 13.632 13.634 13.635 13.652 13.673
    9.563961 1.1000000  3.9743 -3.4971 13.990 13.967 13.923 13.831 13.860 13.803 13.738 13.542 13.641 13.641 13.643 13.659 13.680
    9.568585 1.1000000  3.9729 -3.5028 14.002 13.978 13.934 13.841 13.870 13.812 13.748 13.551 13.649 13.649 13.650 13.666 13.687
    9.573271 1.1000000  3.9713 -3.5089 14.015 13.990 13.946 13.851 13.881 13.823 13.757 13.560 13.658 13.658 13.658 13.673 13.694
    9.577590 1.1000000  3.9697 -3.5153 14.029 14.003 13.958 13.862 13.893 13.834 13.767 13.570 13.668 13.666 13.667 13.681 13.702
    9.582068 1.1000000  3.9681 -3.5219 14.044 14.017 13.970 13.874 13.905 13.845 13.778 13.580 13.678 13.675 13.676 13.690 13.710
    9.586399 1.1000000  3.9664 -3.5287 14.058 14.031 13.983 13.886 13.917 13.857 13.789 13.590 13.689 13.685 13.685 13.698 13.719
    9.590671 1.1000000  3.9647 -3.5356 14.073 14.045 13.996 13.898 13.930 13.868 13.800 13.601 13.699 13.694 13.694 13.707 13.728
    9.594910 1.1000000  3.9628 -3.5428 14.089 14.059 14.010 13.911 13.943 13.881 13.812 13.612 13.710 13.704 13.704 13.716 13.736
    9.598975 1.1000000  3.9610 -3.5504 14.106 14.075 14.025 13.924 13.957 13.894 13.824 13.624 13.722 13.715 13.714 13.725 13.746
    9.603073 1.1000000  3.9590 -3.5582 14.123 14.091 14.040 13.938 13.972 13.908 13.837 13.636 13.735 13.726 13.725 13.735 13.756
    9.607100 1.1000000  3.9570 -3.5663 14.142 14.108 14.055 13.953 13.987 13.922 13.850 13.649 13.747 13.738 13.736 13.746 13.766
    9.611023 1.1000000  3.9549 -3.5746 14.160 14.125 14.072 13.968 14.002 13.937 13.864 13.662 13.760 13.749 13.748 13.756 13.777
    9.614977 1.1000000  3.9528 -3.5832 14.179 14.143 14.089 13.983 14.019 13.952 13.878 13.676 13.774 13.762 13.760 13.767 13.788
    9.618830 1.1000000  3.9506 -3.5920 14.199 14.162 14.106 13.999 14.035 13.968 13.893 13.690 13.788 13.774 13.772 13.779 13.799
    9.622645 1.1000000  3.9484 -3.6010 14.220 14.181 14.124 14.016 14.053 13.984 13.908 13.704 13.803 13.787 13.785 13.790 13.811
    9.626431 1.1000000  3.9461 -3.6101 14.241 14.200 14.142 14.033 14.070 14.000 13.923 13.719 13.817 13.801 13.798 13.802 13.823
    9.630177 1.1000000  3.9437 -3.6195 14.262 14.220 14.161 14.050 14.088 14.017 13.939 13.734 13.833 13.814 13.811 13.815 13.835
    9.633832 1.1000000  3.9413 -3.6293 14.285 14.241 14.181 14.068 14.107 14.035 13.956 13.750 13.849 13.829 13.825 13.828 13.848
    9.637501 1.1000000  3.9388 -3.6392 14.308 14.263 14.201 14.087 14.127 14.053 13.973 13.767 13.865 13.844 13.840 13.841 13.861
    9.641097 1.1000000  3.9363 -3.6493 14.332 14.285 14.222 14.106 14.146 14.072 13.991 13.784 13.882 13.859 13.854 13.854 13.875
    9.644664 1.1000000  3.9337 -3.6597 14.357 14.308 14.243 14.126 14.167 14.091 14.009 13.801 13.899 13.874 13.870 13.868 13.889
    9.648175 1.1000000  3.9311 -3.6703 14.382 14.331 14.265 14.146 14.188 14.111 14.027 13.819 13.917 13.890 13.885 13.882 13.903
    9.651653 1.1000000  3.9284 -3.6813 14.408 14.355 14.288 14.167 14.210 14.132 14.047 13.837 13.935 13.907 13.901 13.897 13.918
    9.655104 1.1000000  3.9256 -3.6925 14.435 14.380 14.312 14.188 14.232 14.153 14.066 13.856 13.954 13.924 13.918 13.912 13.933
    9.658503 1.1000000  3.9227 -3.7039 14.462 14.406 14.336 14.210 14.255 14.174 14.086 13.875 13.973 13.941 13.935 13.928 13.948
    9.661846 1.1000000  3.9198 -3.7156 14.490 14.432 14.360 14.233 14.279 14.196 14.107 13.895 13.993 13.959 13.952 13.944 13.964
    9.665165 1.1000000  3.9168 -3.7275 14.519 14.459 14.385 14.256 14.303 14.219 14.128 13.915 14.013 13.977 13.970 13.960 13.980
    9.668461 1.1000000  3.9138 -3.7397 14.549 14.486 14.411 14.280 14.328 14.242 14.150 13.936 14.034 13.996 13.988 13.976 13.997
    9.671705 1.1000000  3.9107 -3.7520 14.579 14.514 14.438 14.304 14.353 14.266 14.172 13.957 14.055 14.014 14.006 13.993 14.014
    9.674969 1.1000000  3.9076 -3.7646 14.610 14.543 14.465 14.329 14.379 14.290 14.194 13.979 14.077 14.034 14.025 14.010 14.031
    9.678154 1.1000000  3.9044 -3.7774 14.642 14.573 14.493 14.354 14.405 14.315 14.217 14.001 14.099 14.054 14.045 14.028 14.049
    9.681274 1.1000000  3.9011 -3.7905 14.674 14.603 14.521 14.380 14.432 14.340 14.241 14.024 14.121 14.074 14.065 14.046 14.067
    9.684377 1.1000000  3.8978 -3.8040 14.708 14.635 14.551 14.407 14.461 14.367 14.265 14.047 14.145 14.095 14.085 14.065 14.086
    9.687448 1.1000000  3.8944 -3.8176 14.743 14.666 14.580 14.435 14.489 14.393 14.290 14.071 14.169 14.116 14.106 14.083 14.105
    9.690506 1.1000000  3.8909 -3.8315 14.778 14.699 14.611 14.463 14.518 14.421 14.316 14.096 14.193 14.138 14.127 14.103 14.124
    9.693540 1.1000000  3.8874 -3.8456 14.814 14.733 14.643 14.491 14.548 14.449 14.342 14.121 14.218 14.160 14.148 14.122 14.144
    9.696551 1.1000000  3.8838 -3.8603 14.852 14.768 14.675 14.521 14.579 14.478 14.369 14.147 14.244 14.183 14.171 14.143 14.164
    9.699545 1.1000000  3.8800 -3.8753 14.891 14.804 14.709 14.552 14.611 14.508 14.397 14.174 14.271 14.207 14.194 14.164 14.186
    9.702518 1.1000000  3.8763 -3.8904 14.930 14.840 14.743 14.583 14.644 14.539 14.425 14.201 14.298 14.231 14.217 14.185 14.207
    9.705467 1.1000000  3.8723 -3.9063 14.972 14.879 14.780 14.617 14.678 14.571 14.455 14.229 14.326 14.257 14.242 14.208 14.230
    9.708397 1.1000000  3.8683 -3.9226 15.016 14.919 14.817 14.651 14.714 14.604 14.486 14.259 14.356 14.283 14.268 14.231 14.253
    9.711308 1.1000000  3.8642 -3.9390 15.060 14.959 14.855 14.685 14.750 14.638 14.518 14.289 14.386 14.310 14.294 14.254 14.277
    9.714202 1.1000000  3.8600 -3.9558 15.105 15.001 14.895 14.721 14.788 14.673 14.550 14.320 14.417 14.337 14.320 14.279 14.301
    9.717078 1.1000000  3.8556 -3.9731 15.153 15.044 14.935 14.758 14.827 14.709 14.584 14.352 14.449 14.365 14.348 14.304 14.326
    9.719932 1.1000000  3.8512 -3.9907 15.201 15.089 14.977 14.796 14.866 14.746 14.618 14.384 14.481 14.395 14.376 14.330 14.352
    9.722766 1.1000000  3.8467 -4.0090 15.252 15.136 15.021 14.836 14.908 14.785 14.654 14.419 14.516 14.425 14.406 14.357 14.379
    9.725582 1.1000000  3.8420 -4.0278 15.305 15.184 15.067 14.877 14.951 14.825 14.691 14.454 14.551 14.456 14.436 14.384 14.406
    9.728381 1.1000000  3.8372 -4.0470 15.360 15.234 15.114 14.919 14.996 14.866 14.730 14.491 14.588 14.489 14.468 14.413 14.435
    9.731163 1.1000000  3.8323 -4.0667 15.416 15.286 15.162 14.963 15.042 14.909 14.769 14.529 14.625 14.522 14.500 14.442 14.464
    9.733932 1.1000000  3.8272 -4.0869 15.475 15.339 15.212 15.009 15.089 14.953 14.810 14.568 14.664 14.556 14.533 14.472 14.494
    9.736674 1.1000000  3.8219 -4.1081 15.537 15.396 15.265 15.057 15.139 14.999 14.854 14.609 14.705 14.592 14.568 14.503 14.526
    9.739397 1.1000000  3.8165 -4.1300 15.602 15.456 15.321 15.107 15.192 15.047 14.899 14.652 14.748 14.630 14.605 14.536 14.559
    9.742115 1.1000000  3.8108 -4.1525 15.670 15.517 15.379 15.160 15.246 15.098 14.946 14.697 14.793 14.669 14.643 14.570 14.593
    9.744807 1.1000000  3.8051 -4.1756 15.741 15.582 15.439 15.214 15.303 15.150 14.994 14.743 14.839 14.710 14.682 14.606 14.629
    9.747486 1.1000000  3.7991 -4.1995 15.816 15.650 15.502 15.271 15.362 15.205 15.045 14.791 14.887 14.752 14.723 14.642 14.666
    9.750147 1.1000000  3.7931 -4.2236 15.893 15.719 15.567 15.329 15.423 15.261 15.096 14.841 14.936 14.795 14.764 14.680 14.703
    9.752795 1.1000000  3.7868 -4.2485 15.973 15.792 15.635 15.389 15.487 15.320 15.150 14.892 14.987 14.839 14.807 14.719 14.743
    9.755420 1.1000000  3.7803 -4.2746 16.059 15.869 15.707 15.453 15.555 15.382 15.207 14.946 15.042 14.886 14.853 14.760 14.784
    9.758037 1.1000000  3.7737 -4.3010 16.148 15.949 15.781 15.520 15.625 15.446 15.266 15.002 15.097 14.935 14.900 14.802 14.826
    9.760637 1.1000000  3.7669 -4.3284 16.243 16.035 15.860 15.590 15.698 15.513 15.328 15.061 15.156 14.986 14.949 14.846 14.870
    9.763219 1.1000000  3.7598 -4.3567 16.344 16.125 15.944 15.664 15.776 15.584 15.393 15.122 15.217 15.039 15.000 14.892 14.916
    9.765786 1.1000000  3.7526 -4.3857 16.449 16.219 16.031 15.741 15.857 15.658 15.461 15.186 15.281 15.094 15.054 14.939 14.964
    9.768339 1.1000000  3.7452 -4.4154 16.560 16.317 16.121 15.821 15.942 15.734 15.531 15.253 15.348 15.151 15.109 14.988 15.013
    9.770871 1.1000000  3.7375 -4.4460 16.678 16.422 16.218 15.906 16.031 15.815 15.606 15.323 15.418 15.212 15.167 15.039 15.065
    9.773397 1.1000000  3.7296 -4.4775 16.805 16.534 16.322 15.998 16.128 15.902 15.685 15.398 15.493 15.276 15.229 15.094 15.120
    9.775903 1.1000000  3.7215 -4.5101 16.941 16.654 16.433 16.095 16.230 15.994 15.770 15.478 15.573 15.344 15.294 15.153 15.179
    9.778403 1.1000000  3.7131 -4.5437 17.085 16.781 16.550 16.198 16.339 16.092 15.859 15.562 15.657 15.415 15.363 15.214 15.240
    9.780879 1.1000000  3.7044 -4.5785 17.238 16.916 16.675 16.307 16.454 16.194 15.953 15.652 15.746 15.492 15.436 15.278 15.305
    9.783344 1.1000000  3.6956 -4.6137 17.397 17.056 16.805 16.420 16.573 16.301 16.051 15.745 15.839 15.571 15.511 15.344 15.372
    9.785793 1.1000000  3.6866 -4.6497 17.565 17.204 16.943 16.540 16.700 16.414 16.155 15.842 15.936 15.653 15.591 15.415 15.442
    9.788185 1.1000000  3.6775 -4.6861 17.740 17.357 17.085 16.664 16.831 16.531 16.263 15.944 16.038 15.739 15.673 15.488 15.516
    9.790502 1.1000000  3.6684 -4.7223 17.919 17.514 17.232 16.792 16.966 16.651 16.373 16.048 16.141 15.826 15.758 15.562 15.590
    9.792747 1.1000000  3.6594 -4.7585 18.103 17.676 17.383 16.923 17.105 16.774 16.486 16.156 16.248 15.917 15.844 15.638 15.667
    9.794960 1.1000000  3.6504 -4.7947 18.291 17.841 17.539 17.059 17.247 16.900 16.603 16.266 16.358 16.009 15.932 15.716 15.746
    9.797112 1.1000000  3.6413 -4.8310 18.486 18.012 17.700 17.199 17.394 17.030 16.723 16.380 16.471 16.105 16.023 15.796 15.827
    9.799217 1.1000000  3.6322 -4.8672 18.687 18.187 17.865 17.343 17.545 17.163 16.846 16.496 16.587 16.203 16.117 15.879 15.910
    9.801262 1.1000000  3.6232 -4.9034 18.891 18.367 18.035 17.490 17.700 17.299 16.972 16.615 16.707 16.303 16.213 15.963 15.994
    9.803278 1.1000000  3.6142 -4.9395 19.099 18.549 18.209 17.640 17.858 17.438 17.101 16.738 16.829 16.405 16.311 16.049 16.081
    9.805273 1.1000000  3.6052 -4.9756 19.313 18.736 18.387 17.795 18.020 17.580 17.233 16.863 16.953 16.510 16.411 16.137 16.170
    9.807241 1.1000000  3.5961 -5.0117 19.530 18.927 18.569 17.953 18.186 17.725 17.368 16.992 17.082 16.617 16.513 16.227 16.261
    9.809181 1.1000000  3.5871 -5.0477 19.753 19.123 18.757 18.116 18.356 17.874 17.507 17.123 17.213 16.727 16.618 16.319 16.353
    9.811109 1.1000000  3.5782 -5.0836 19.980 19.322 18.948 18.282 18.529 18.025 17.649 17.258 17.348 16.839 16.725 16.412 16.448
    9.813085 1.1000000  3.5692 -5.1193 20.212 19.526 19.144 18.452 18.707 18.180 17.794 17.396 17.485 16.953 16.834 16.508 16.545
