#     log(t)    Mwd   log(Teff)log(L/Lo) F435W F475W  F502N  F550M  F555W  F606W  F625W  F658N  F660N  F775W  F814W  F850LP F892N
  5.78804347 1.1000000  4.9682  0.6204  9.483  9.652  9.773  9.877  9.814  9.880  9.974  9.919 10.000 10.154 10.195 10.352 10.369
  5.79181225 1.1000000  4.9644  0.6038  9.493  9.663  9.784  9.887  9.825  9.891  9.984  9.930 10.011 10.164 10.205 10.362 10.379
  5.79668807 1.1000000  4.9558  0.5677  9.516  9.685  9.805  9.909  9.846  9.912 10.006  9.952 10.033 10.185 10.226 10.383 10.400
  5.80197882 1.1000000  4.9478  0.5338  9.537  9.705  9.825  9.929  9.867  9.933 10.026  9.973 10.054 10.205 10.246 10.402 10.419
  5.80827261 1.1000000  4.9398  0.5000  9.558  9.726  9.845  9.949  9.887  9.953 10.046  9.994 10.074 10.224 10.265 10.422 10.438
  5.81574884 1.1000000  4.9318  0.4660  9.579  9.747  9.866  9.969  9.907  9.973 10.066 10.015 10.094 10.244 10.285 10.441 10.458
  5.82446816 1.1000000  4.9238  0.4319  9.600  9.768  9.886  9.989  9.928  9.993 10.086 10.036 10.115 10.263 10.304 10.461 10.477
  5.83443161 1.1000000  4.9157  0.3976  9.622  9.790  9.907 10.009  9.948 10.013 10.106 10.057 10.136 10.283 10.324 10.481 10.497
  5.84562593 1.1000000  4.9075  0.3632  9.643  9.811  9.927 10.030  9.968 10.034 10.126 10.077 10.157 10.303 10.344 10.500 10.516
  5.85801019 1.1000000  4.8994  0.3286  9.665  9.832  9.948 10.050  9.989 10.054 10.147 10.098 10.178 10.323 10.364 10.520 10.536
  5.87152818 1.1000000  4.8912  0.2939  9.687  9.853  9.969 10.070 10.010 10.075 10.167 10.120 10.199 10.343 10.384 10.540 10.556
  5.88610465 1.1000000  4.8830  0.2591  9.709  9.875  9.990 10.091 10.031 10.096 10.187 10.141 10.220 10.363 10.404 10.560 10.576
  5.90168725 1.1000000  4.8748  0.2243  9.730  9.896 10.011 10.111 10.052 10.117 10.208 10.163 10.241 10.383 10.424 10.580 10.596
  5.91823746 1.1000000  4.8665  0.1894  9.752  9.918 10.032 10.132 10.073 10.138 10.228 10.185 10.262 10.403 10.444 10.600 10.616
  5.93572535 1.1000000  4.8583  0.1545  9.774  9.939 10.052 10.152 10.093 10.158 10.248 10.206 10.283 10.423 10.464 10.619 10.636
  5.95409767 1.1000000  4.8500  0.1196  9.796  9.960 10.072 10.173 10.114 10.178 10.268 10.227 10.303 10.443 10.483 10.639 10.656
  5.97336168 1.1000000  4.8417  0.0846  9.818  9.981 10.093 10.193 10.134 10.198 10.289 10.248 10.325 10.463 10.503 10.658 10.675
  5.99345712 1.1000000  4.8334  0.0497  9.840 10.003 10.114 10.213 10.155 10.219 10.309 10.270 10.346 10.483 10.523 10.678 10.695
  6.01447224 1.1000000  4.8251  0.0147  9.862 10.024 10.134 10.234 10.176 10.240 10.330 10.292 10.367 10.503 10.543 10.698 10.715
  6.03629969 1.1000000  4.8168 -0.0202  9.884 10.046 10.155 10.254 10.197 10.261 10.351 10.313 10.389 10.523 10.563 10.718 10.735
  6.05905091 1.1000000  4.8085 -0.0551  9.905 10.067 10.176 10.274 10.217 10.281 10.371 10.335 10.410 10.543 10.583 10.738 10.754
  6.08281165 1.1000000  4.8002 -0.0898  9.927 10.089 10.196 10.294 10.238 10.302 10.391 10.356 10.431 10.563 10.603 10.757 10.774
  6.10792944 1.1000000  4.7920 -0.1244  9.949 10.110 10.217 10.314 10.259 10.322 10.411 10.377 10.452 10.582 10.623 10.777 10.793
  6.13476138 1.1000000  4.7838 -0.1588  9.970 10.131 10.237 10.334 10.279 10.343 10.431 10.398 10.472 10.602 10.642 10.796 10.812
  6.16362389 1.1000000  4.7756 -0.1931  9.992 10.152 10.258 10.354 10.300 10.363 10.450 10.420 10.493 10.622 10.662 10.815 10.832
  6.19493493 1.1000000  4.7675 -0.2273 10.014 10.173 10.278 10.375 10.320 10.383 10.471 10.441 10.514 10.641 10.681 10.835 10.851
  6.22907920 1.1000000  4.7594 -0.2613 10.036 10.195 10.299 10.395 10.341 10.404 10.491 10.463 10.535 10.661 10.701 10.854 10.871
  6.26660870 1.1000000  4.7513 -0.2951 10.058 10.216 10.319 10.415 10.361 10.424 10.511 10.484 10.556 10.681 10.721 10.874 10.890
  6.30821113 1.1000000  4.7433 -0.3287 10.079 10.237 10.339 10.435 10.381 10.444 10.531 10.506 10.577 10.700 10.740 10.893 10.909
  6.35478984 1.1000000  4.7353 -0.3621 10.101 10.258 10.359 10.455 10.402 10.465 10.551 10.527 10.598 10.720 10.760 10.913 10.928
  6.40743935 1.1000000  4.7274 -0.3952 10.123 10.280 10.380 10.475 10.422 10.485 10.571 10.549 10.620 10.740 10.779 10.932 10.947
  6.46738124 1.1000000  4.7196 -0.4281 10.146 10.301 10.401 10.496 10.443 10.505 10.591 10.571 10.641 10.759 10.799 10.952 10.967
  6.53570260 1.1000000  4.7118 -0.4608 10.168 10.323 10.421 10.516 10.463 10.526 10.612 10.593 10.662 10.779 10.819 10.971 10.987
  6.61304751 1.1000000  4.7040 -0.4934 10.190 10.345 10.442 10.536 10.484 10.547 10.632 10.615 10.684 10.799 10.838 10.991 11.006
  6.69883171 1.1000000  4.6962 -0.5262 10.213 10.367 10.464 10.557 10.506 10.568 10.653 10.638 10.706 10.819 10.858 11.011 11.026
  6.79087029 1.1000000  4.6883 -0.5593 10.236 10.390 10.485 10.578 10.527 10.589 10.674 10.661 10.728 10.840 10.879 11.031 11.047
  6.88509326 1.1000000  4.6803 -0.5928 10.260 10.412 10.507 10.600 10.549 10.611 10.696 10.684 10.751 10.860 10.899 11.052 11.067
  6.97703428 1.1000000  4.6722 -0.6270 10.284 10.436 10.529 10.622 10.572 10.633 10.718 10.708 10.775 10.882 10.921 11.073 11.089
  7.06330246 1.1000000  4.6639 -0.6617 10.309 10.460 10.552 10.645 10.595 10.656 10.740 10.733 10.799 10.904 10.943 11.095 11.111
  7.14256206 1.1000000  4.6555 -0.6966 10.335 10.484 10.575 10.667 10.618 10.679 10.763 10.758 10.823 10.926 10.965 11.117 11.133
  7.21496768 1.1000000  4.6470 -0.7318 10.361 10.509 10.599 10.691 10.642 10.703 10.786 10.784 10.848 10.949 10.988 11.139 11.155
  7.28095089 1.1000000  4.6385 -0.7671 10.387 10.535 10.623 10.714 10.667 10.727 10.810 10.810 10.873 10.972 11.011 11.162 11.178
  7.34142557 1.1000000  4.6300 -0.8024 10.414 10.561 10.647 10.738 10.691 10.752 10.834 10.836 10.899 10.995 11.034 11.185 11.201
  7.39712647 1.1000000  4.6215 -0.8379 10.441 10.587 10.673 10.763 10.717 10.777 10.858 10.864 10.925 11.019 11.058 11.208 11.224
  7.44869731 1.1000000  4.6129 -0.8733 10.469 10.614 10.698 10.787 10.742 10.802 10.883 10.892 10.952 11.043 11.082 11.232 11.248
  7.49668775 1.1000000  4.6043 -0.9089 10.497 10.642 10.724 10.812 10.768 10.827 10.908 10.920 10.979 11.067 11.106 11.256 11.272
  7.54148917 1.1000000  4.5957 -0.9444 10.527 10.670 10.751 10.838 10.795 10.854 10.934 10.950 11.008 11.092 11.131 11.282 11.297
  7.58376670 1.1000000  4.5870 -0.9799 10.558 10.700 10.779 10.865 10.823 10.882 10.961 10.980 11.037 11.119 11.157 11.307 11.322
  7.62385586 1.1000000  4.5784 -1.0155 10.590 10.730 10.807 10.893 10.852 10.910 10.989 11.012 11.067 11.146 11.184 11.334 11.349
  7.66213450 1.1000000  4.5698 -1.0509 10.622 10.761 10.836 10.922 10.881 10.939 11.018 11.045 11.098 11.173 11.212 11.361 11.376
  7.69895033 1.1000000  4.5612 -1.0863 10.655 10.793 10.866 10.951 10.911 10.969 11.047 11.078 11.130 11.201 11.240 11.389 11.403
  7.73451464 1.1000000  4.5526 -1.1218 10.690 10.826 10.896 10.981 10.941 10.999 11.077 11.112 11.163 11.230 11.268 11.417 11.432
  7.76898440 1.1000000  4.5440 -1.1571 10.725 10.859 10.927 11.011 10.972 11.030 11.107 11.147 11.196 11.259 11.297 11.446 11.460
  7.80271680 1.1000000  4.5354 -1.1925 10.764 10.896 10.962 11.045 11.007 11.065 11.141 11.186 11.233 11.292 11.330 11.478 11.492
  7.83558759 1.1000000  4.5268 -1.2280 10.805 10.935 10.998 11.080 11.044 11.101 11.176 11.228 11.272 11.326 11.364 11.511 11.525
  7.86767704 1.1000000  4.5182 -1.2634 10.848 10.976 11.035 11.116 11.081 11.138 11.212 11.270 11.312 11.361 11.399 11.546 11.559
  7.89906811 1.1000000  4.5096 -1.2988 10.892 11.018 11.074 11.153 11.120 11.177 11.250 11.315 11.354 11.397 11.435 11.582 11.595
  7.92981445 1.1000000  4.5010 -1.3342 10.938 11.061 11.114 11.192 11.160 11.217 11.289 11.361 11.398 11.434 11.472 11.618 11.631
  7.95994549 1.1000000  4.4924 -1.3696 10.985 11.106 11.155 11.232 11.202 11.259 11.330 11.408 11.443 11.473 11.511 11.657 11.669
  7.98951913 1.1000000  4.4837 -1.4052 11.035 11.153 11.198 11.274 11.246 11.302 11.372 11.458 11.490 11.514 11.551 11.696 11.709
  8.01840422 1.1000000  4.4750 -1.4406 11.085 11.200 11.241 11.316 11.289 11.345 11.414 11.507 11.537 11.554 11.591 11.736 11.748
  8.04683319 1.1000000  4.4664 -1.4760 11.133 11.245 11.283 11.356 11.331 11.386 11.454 11.553 11.581 11.591 11.629 11.772 11.784
  8.07484558 1.1000000  4.4577 -1.5115 11.182 11.291 11.325 11.396 11.373 11.428 11.494 11.599 11.625 11.630 11.667 11.809 11.821
  8.10247559 1.1000000  4.4490 -1.5469 11.232 11.337 11.368 11.437 11.415 11.470 11.535 11.645 11.669 11.668 11.705 11.847 11.858
  8.12980012 1.1000000  4.4404 -1.5823 11.282 11.384 11.411 11.478 11.458 11.512 11.576 11.691 11.714 11.707 11.743 11.884 11.895
  8.15695403 1.1000000  4.4317 -1.6177 11.333 11.432 11.455 11.520 11.502 11.555 11.617 11.737 11.759 11.746 11.782 11.921 11.933
  8.18397867 1.1000000  4.4231 -1.6530 11.385 11.480 11.499 11.562 11.546 11.598 11.659 11.784 11.804 11.785 11.821 11.959 11.970
  8.21091573 1.1000000  4.4144 -1.6883 11.437 11.529 11.544 11.605 11.590 11.642 11.701 11.830 11.849 11.825 11.860 11.997 12.008
  8.23774438 1.1000000  4.4058 -1.7237 11.491 11.578 11.590 11.648 11.635 11.686 11.744 11.877 11.895 11.865 11.900 12.035 12.046
  8.26447610 1.1000000  4.3971 -1.7591 11.544 11.628 11.635 11.691 11.680 11.730 11.787 11.924 11.941 11.905 11.939 12.073 12.084
  8.29112286 1.1000000  4.3885 -1.7944 11.592 11.672 11.676 11.730 11.721 11.770 11.825 11.965 11.983 11.940 11.974 12.107 12.118
  8.31771219 1.1000000  4.3798 -1.8297 11.639 11.716 11.716 11.768 11.760 11.809 11.863 12.007 12.023 11.975 12.009 12.140 12.151
  8.34423998 1.1000000  4.3712 -1.8651 11.686 11.759 11.756 11.806 11.800 11.847 11.900 12.047 12.063 12.010 12.043 12.173 12.184
  8.37060963 1.1000000  4.3624 -1.9005 11.733 11.802 11.795 11.842 11.838 11.885 11.936 12.087 12.103 12.043 12.076 12.205 12.216
  8.39692482 1.1000000  4.3538 -1.9359 11.778 11.844 11.834 11.879 11.876 11.922 11.972 12.125 12.142 12.076 12.109 12.237 12.247
  8.42321743 1.1000000  4.3451 -1.9712 11.823 11.885 11.872 11.914 11.914 11.959 12.007 12.163 12.179 12.109 12.141 12.267 12.278
  8.44948479 1.1000000  4.3364 -2.0066 11.868 11.926 11.909 11.950 11.950 11.995 12.041 12.200 12.217 12.140 12.172 12.297 12.308
  8.47572429 1.1000000  4.3277 -2.0420 11.912 11.967 11.946 11.984 11.987 12.030 12.075 12.237 12.253 12.171 12.203 12.327 12.337
  8.50196508 1.1000000  4.3190 -2.0773 11.955 12.006 11.983 12.018 12.022 12.065 12.108 12.272 12.289 12.202 12.233 12.355 12.365
  8.52820371 1.1000000  4.3103 -2.1127 11.998 12.045 12.019 12.052 12.057 12.099 12.141 12.307 12.325 12.232 12.262 12.383 12.393
  8.55459741 1.1000000  4.3017 -2.1479 12.040 12.084 12.054 12.084 12.092 12.132 12.173 12.340 12.359 12.261 12.291 12.411 12.420
  8.58108054 1.1000000  4.2930 -2.1833 12.084 12.124 12.091 12.119 12.128 12.168 12.206 12.378 12.396 12.292 12.321 12.440 12.449
  8.60762542 1.1000000  4.2843 -2.2186 12.129 12.165 12.128 12.153 12.164 12.203 12.240 12.415 12.433 12.322 12.351 12.468 12.478
  8.63424624 1.1000000  4.2756 -2.2539 12.173 12.205 12.165 12.187 12.200 12.238 12.273 12.452 12.470 12.352 12.381 12.496 12.506
  8.66096649 1.1000000  4.2670 -2.2892 12.217 12.246 12.201 12.220 12.235 12.272 12.306 12.488 12.507 12.382 12.411 12.524 12.535
  8.68781919 1.1000000  4.2583 -2.3245 12.261 12.286 12.238 12.254 12.271 12.307 12.339 12.525 12.543 12.412 12.440 12.551 12.562
  8.71467815 1.1000000  4.2495 -2.3601 12.305 12.326 12.274 12.287 12.306 12.341 12.372 12.562 12.579 12.442 12.469 12.578 12.590
  8.74109856 1.1000000  4.2407 -2.3955 12.349 12.366 12.310 12.320 12.341 12.375 12.404 12.598 12.615 12.471 12.498 12.604 12.617
  8.76763524 1.1000000  4.2320 -2.4307 12.392 12.405 12.345 12.352 12.375 12.408 12.436 12.634 12.650 12.499 12.526 12.630 12.643
  8.79477269 1.1000000  4.2233 -2.4659 12.437 12.446 12.383 12.385 12.411 12.443 12.468 12.670 12.686 12.528 12.554 12.656 12.670
  8.82434372 1.1000000  4.2146 -2.5014 12.482 12.487 12.421 12.419 12.447 12.478 12.502 12.706 12.721 12.557 12.582 12.683 12.697
  8.85912541 1.1000000  4.2060 -2.5366 12.526 12.528 12.459 12.453 12.483 12.513 12.534 12.741 12.756 12.586 12.611 12.710 12.723
  8.89287024 1.1000000  4.1975 -2.5713 12.570 12.568 12.497 12.486 12.518 12.547 12.566 12.776 12.789 12.613 12.638 12.735 12.749
  8.92665073 1.1000000  4.1889 -2.6057 12.613 12.607 12.533 12.518 12.553 12.579 12.597 12.808 12.820 12.640 12.663 12.758 12.772
  8.95804316 1.1000000  4.1808 -2.6385 12.652 12.644 12.568 12.549 12.585 12.610 12.625 12.839 12.849 12.664 12.687 12.781 12.794
  8.98706792 1.1000000  4.1730 -2.6700 12.690 12.679 12.601 12.579 12.617 12.640 12.653 12.868 12.877 12.687 12.710 12.802 12.815
  9.01388524 1.1000000  4.1655 -2.7004 12.725 12.713 12.632 12.607 12.646 12.668 12.679 12.895 12.903 12.709 12.731 12.822 12.835
  9.04012347 1.1000000  4.1583 -2.7299 12.759 12.745 12.662 12.634 12.675 12.694 12.703 12.921 12.927 12.730 12.751 12.840 12.854
  9.06372217 1.1000000  4.1512 -2.7584 12.790 12.774 12.690 12.659 12.701 12.719 12.726 12.945 12.950 12.748 12.770 12.857 12.870
  9.08614331 1.1000000  4.1444 -2.7859 12.819 12.801 12.716 12.683 12.725 12.742 12.747 12.967 12.971 12.766 12.787 12.873 12.886
  9.10812998 1.1000000  4.1378 -2.8127 12.847 12.828 12.741 12.706 12.749 12.765 12.768 12.988 12.991 12.783 12.803 12.888 12.901
  9.12919309 1.1000000  4.1311 -2.8395 12.873 12.853 12.766 12.728 12.772 12.787 12.787 13.008 13.010 12.799 12.819 12.902 12.915
  9.15008000 1.1000000  4.1246 -2.8651 12.900 12.878 12.790 12.751 12.796 12.808 12.807 13.028 13.029 12.815 12.835 12.916 12.929
  9.16853864 1.1000000  4.1186 -2.8895 12.926 12.904 12.814 12.773 12.819 12.830 12.827 13.048 13.049 12.831 12.851 12.931 12.944
  9.18600470 1.1000000  4.1129 -2.9127 12.953 12.929 12.839 12.796 12.842 12.851 12.847 13.067 13.068 12.848 12.867 12.946 12.960
  9.20368123 1.1000000  4.1073 -2.9354 12.981 12.955 12.865 12.821 12.867 12.875 12.869 13.082 13.087 12.866 12.885 12.963 12.976
  9.22009617 1.1000000  4.1020 -2.9571 13.008 12.982 12.891 12.846 12.892 12.898 12.890 13.095 13.106 12.885 12.903 12.979 12.992
  9.23650721 1.1000000  4.0967 -2.9787 13.037 13.010 12.919 12.872 12.918 12.923 12.913 13.107 13.125 12.904 12.922 12.996 13.009
  9.25213903 1.1000000  4.0915 -3.0000 13.068 13.039 12.947 12.899 12.946 12.949 12.937 13.131 13.146 12.924 12.941 13.014 13.026
  9.26634533 1.1000000  4.0864 -3.0206 13.099 13.069 12.976 12.926 12.974 12.975 12.961 13.158 13.167 12.944 12.961 13.031 13.044
  9.28118714 1.1000000  4.0814 -3.0407 13.130 13.100 13.006 12.954 13.002 13.002 12.986 13.189 13.189 12.965 12.980 13.049 13.062
  9.29434736 1.1000000  4.0766 -3.0605 13.162 13.131 13.035 12.983 13.031 13.029 13.011 13.217 13.210 12.986 13.001 13.067 13.080
  9.30800037 1.1000000  4.0717 -3.0800 13.193 13.161 13.065 13.011 13.060 13.056 13.036 13.240 13.230 13.007 13.021 13.085 13.099
  9.31905282 1.1000000  4.0669 -3.0994 13.225 13.192 13.095 13.040 13.089 13.083 13.061 13.261 13.251 13.028 13.042 13.104 13.118
  9.32924026 1.1000000  4.0622 -3.1183 13.256 13.222 13.126 13.069 13.118 13.110 13.087 13.280 13.270 13.049 13.063 13.122 13.137
  9.34123300 1.1000000  4.0576 -3.1369 13.288 13.253 13.156 13.098 13.147 13.138 13.112 13.300 13.291 13.071 13.084 13.141 13.156
  9.35267893 1.1000000  4.0531 -3.1552 13.320 13.284 13.187 13.128 13.177 13.165 13.138 13.321 13.311 13.093 13.106 13.161 13.175
  9.36306273 1.1000000  4.0487 -3.1730 13.351 13.316 13.218 13.157 13.207 13.193 13.164 13.342 13.331 13.115 13.127 13.180 13.194
  9.37400604 1.1000000  4.0444 -3.1905 13.383 13.347 13.249 13.187 13.237 13.221 13.191 13.363 13.352 13.138 13.149 13.200 13.213
  9.38386439 1.1000000  4.0401 -3.2076 13.415 13.378 13.280 13.217 13.267 13.249 13.217 13.384 13.372 13.160 13.170 13.220 13.233
  9.39429825 1.1000000  4.0360 -3.2243 13.446 13.409 13.311 13.247 13.297 13.277 13.243 13.404 13.391 13.182 13.192 13.239 13.252
  9.40353956 1.1000000  4.0320 -3.2408 13.478 13.440 13.343 13.277 13.327 13.305 13.269 13.425 13.411 13.205 13.214 13.259 13.273
  9.41258821 1.1000000  4.0279 -3.2570 13.510 13.472 13.374 13.307 13.357 13.334 13.296 13.446 13.431 13.228 13.236 13.279 13.293
  9.42144668 1.1000000  4.0240 -3.2729 13.542 13.503 13.405 13.337 13.387 13.362 13.322 13.466 13.450 13.251 13.258 13.298 13.313
  9.43013586 1.1000000  4.0201 -3.2886 13.573 13.534 13.437 13.368 13.418 13.390 13.349 13.487 13.469 13.274 13.281 13.318 13.333
  9.43850119 1.1000000  4.0163 -3.3040 13.605 13.565 13.469 13.398 13.448 13.418 13.375 13.507 13.489 13.296 13.303 13.338 13.353
  9.44592618 1.1000000  4.0125 -3.3191 13.636 13.596 13.500 13.428 13.478 13.447 13.401 13.528 13.510 13.319 13.325 13.358 13.373
  9.45413022 1.1000000  4.0088 -3.3342 13.668 13.628 13.532 13.459 13.508 13.475 13.428 13.549 13.530 13.342 13.347 13.378 13.394
  9.46202898 1.1000000  4.0051 -3.3489 13.700 13.659 13.564 13.489 13.538 13.504 13.455 13.569 13.550 13.365 13.370 13.398 13.414
  9.46896777 1.1000000  4.0015 -3.3634 13.731 13.691 13.596 13.519 13.569 13.532 13.481 13.590 13.571 13.388 13.392 13.418 13.434
  9.47638503 1.1000000  3.9979 -3.3777 13.763 13.722 13.627 13.549 13.598 13.560 13.507 13.611 13.592 13.411 13.414 13.437 13.454
  9.48304918 1.1000000  3.9945 -3.3917 13.793 13.752 13.658 13.578 13.627 13.588 13.533 13.631 13.612 13.433 13.435 13.457 13.474
  9.49003770 1.1000000  3.9910 -3.4056 13.824 13.782 13.688 13.607 13.656 13.615 13.559 13.652 13.632 13.455 13.457 13.476 13.493
  9.49684389 1.1000000  3.9877 -3.4192 13.854 13.811 13.718 13.635 13.685 13.641 13.584 13.672 13.652 13.477 13.478 13.495 13.513
  9.50313022 1.1000000  3.9843 -3.4327 13.884 13.841 13.748 13.664 13.713 13.668 13.609 13.692 13.673 13.498 13.499 13.513 13.532
  9.50974673 1.1000000  3.9810 -3.4460 13.914 13.870 13.778 13.692 13.742 13.694 13.634 13.712 13.693 13.520 13.520 13.532 13.551
  9.51580396 1.1000000  3.9778 -3.4591 13.943 13.899 13.807 13.719 13.769 13.721 13.659 13.732 13.713 13.541 13.540 13.550 13.570
  9.52176644 1.1000000  3.9746 -3.4721 13.973 13.928 13.836 13.747 13.797 13.746 13.683 13.752 13.733 13.562 13.561 13.569 13.588
  9.52763623 1.1000000  3.9714 -3.4849 14.002 13.957 13.865 13.774 13.824 13.772 13.708 13.772 13.753 13.583 13.581 13.587 13.607
  9.53345471 1.1000000  3.9682 -3.4976 14.031 13.985 13.893 13.801 13.851 13.798 13.732 13.791 13.773 13.604 13.601 13.605 13.625
  9.53980193 1.1000000  3.9651 -3.5101 14.060 14.013 13.922 13.827 13.878 13.823 13.755 13.811 13.793 13.624 13.621 13.623 13.643
  9.54537617 1.1000000  3.9620 -3.5225 14.089 14.041 13.950 13.854 13.905 13.848 13.779 13.830 13.813 13.645 13.641 13.641 13.661
  9.55085570 1.1000000  3.9590 -3.5348 14.117 14.069 13.978 13.880 13.931 13.873 13.803 13.849 13.833 13.665 13.661 13.659 13.679
  9.55618515 1.1000000  3.9560 -3.5469 14.146 14.097 14.005 13.906 13.958 13.898 13.826 13.869 13.853 13.685 13.680 13.676 13.696
  9.56067817 1.1000000  3.9530 -3.5589 14.174 14.124 14.033 13.931 13.983 13.922 13.849 13.887 13.873 13.705 13.699 13.694 13.714
  9.56597481 1.1000000  3.9500 -3.5709 14.202 14.152 14.060 13.957 14.009 13.946 13.872 13.906 13.892 13.725 13.719 13.711 13.731
  9.57117239 1.1000000  3.9471 -3.5827 14.230 14.179 14.087 13.981 14.034 13.970 13.894 13.925 13.911 13.744 13.737 13.728 13.748
  9.57631725 1.1000000  3.9441 -3.5945 14.257 14.206 14.114 14.006 14.060 13.994 13.916 13.943 13.929 13.763 13.756 13.745 13.765
  9.58132277 1.1000000  3.9412 -3.6062 14.285 14.232 14.140 14.031 14.085 14.018 13.939 13.962 13.948 13.782 13.774 13.761 13.782
  9.58544390 1.1000000  3.9384 -3.6177 14.312 14.259 14.166 14.055 14.109 14.041 13.960 13.980 13.966 13.801 13.793 13.778 13.798
  9.59039417 1.1000000  3.9355 -3.6291 14.339 14.285 14.192 14.079 14.134 14.064 13.982 13.998 13.984 13.819 13.811 13.794 13.815
  9.59521810 1.1000000  3.9327 -3.6405 14.367 14.311 14.218 14.103 14.158 14.087 14.003 14.016 14.003 13.838 13.829 13.810 13.831
  9.59915417 1.1000000  3.9299 -3.6517 14.393 14.337 14.244 14.127 14.182 14.109 14.025 14.034 14.020 13.856 13.846 13.826 13.847
  9.60392623 1.1000000  3.9271 -3.6628 14.420 14.363 14.269 14.150 14.206 14.132 14.046 14.051 14.038 13.874 13.864 13.842 13.863
  9.60860071 1.1000000  3.9244 -3.6739 14.447 14.389 14.294 14.173 14.230 14.154 14.067 14.069 14.056 13.892 13.882 13.858 13.879
  9.61241580 1.1000000  3.9217 -3.6848 14.474 14.414 14.319 14.196 14.254 14.176 14.087 14.086 14.074 13.910 13.899 13.873 13.895
  9.61699721 1.1000000  3.9190 -3.6956 14.500 14.439 14.344 14.219 14.277 14.198 14.108 14.104 14.091 13.927 13.916 13.888 13.910
  9.62067588 1.1000000  3.9163 -3.7063 14.526 14.464 14.368 14.242 14.300 14.220 14.128 14.121 14.108 13.945 13.933 13.904 13.926
  9.62496167 1.1000000  3.9137 -3.7168 14.552 14.489 14.393 14.264 14.323 14.241 14.148 14.137 14.125 13.962 13.949 13.919 13.941
  9.62897437 1.1000000  3.9111 -3.7272 14.578 14.513 14.416 14.285 14.345 14.262 14.168 14.154 14.142 13.979 13.966 13.933 13.956
  9.63295437 1.1000000  3.9085 -3.7376 14.603 14.537 14.440 14.307 14.368 14.283 14.187 14.171 14.159 13.996 13.982 13.948 13.971
  9.63687624 1.1000000  3.9060 -3.7478 14.629 14.561 14.464 14.329 14.390 14.303 14.207 14.187 14.175 14.012 13.998 13.963 13.985
  9.64033663 1.1000000  3.9035 -3.7579 14.654 14.585 14.487 14.350 14.412 14.324 14.226 14.203 14.191 14.028 14.014 13.977 14.000
  9.64430201 1.1000000  3.9010 -3.7680 14.679 14.609 14.510 14.371 14.433 14.344 14.245 14.219 14.208 14.045 14.030 13.991 14.014
  9.64790389 1.1000000  3.8985 -3.7780 14.704 14.633 14.533 14.392 14.455 14.364 14.264 14.235 14.224 14.061 14.045 14.006 14.028
  9.65170018 1.1000000  3.8960 -3.7879 14.729 14.656 14.556 14.413 14.477 14.384 14.283 14.251 14.240 14.077 14.061 14.020 14.042
  9.65547670 1.1000000  3.8936 -3.7977 14.754 14.679 14.579 14.434 14.498 14.404 14.301 14.267 14.256 14.093 14.076 14.033 14.056
  9.65901274 1.1000000  3.8912 -3.8074 14.779 14.703 14.601 14.454 14.519 14.424 14.320 14.282 14.272 14.108 14.091 14.047 14.070
  9.66270334 1.1000000  3.8887 -3.8171 14.804 14.726 14.624 14.475 14.540 14.444 14.338 14.298 14.288 14.124 14.107 14.061 14.084
  9.66615547 1.1000000  3.8864 -3.8267 14.828 14.749 14.646 14.495 14.561 14.463 14.356 14.313 14.304 14.139 14.122 14.074 14.097
  9.66958441 1.1000000  3.8840 -3.8361 14.852 14.772 14.668 14.515 14.581 14.482 14.374 14.328 14.319 14.154 14.136 14.087 14.110
  9.67320639 1.1000000  3.8817 -3.8455 14.877 14.794 14.689 14.535 14.602 14.501 14.392 14.343 14.334 14.169 14.151 14.101 14.124
  9.67657789 1.1000000  3.8793 -3.8549 14.901 14.817 14.711 14.555 14.622 14.520 14.409 14.358 14.350 14.185 14.165 14.114 14.137
  9.67998658 1.1000000  3.8770 -3.8641 14.925 14.839 14.732 14.574 14.642 14.539 14.427 14.373 14.365 14.199 14.180 14.127 14.150
  9.68331349 1.1000000  3.8747 -3.8733 14.949 14.862 14.754 14.594 14.662 14.558 14.444 14.388 14.380 14.214 14.194 14.140 14.163
  9.68672822 1.1000000  3.8725 -3.8825 14.973 14.884 14.775 14.614 14.682 14.577 14.462 14.402 14.395 14.229 14.208 14.153 14.176
  9.69000764 1.1000000  3.8702 -3.8915 14.997 14.906 14.797 14.633 14.702 14.595 14.479 14.416 14.410 14.243 14.222 14.165 14.188
  9.69326142 1.1000000  3.8680 -3.9005 15.020 14.928 14.818 14.652 14.722 14.613 14.496 14.431 14.425 14.258 14.236 14.178 14.201
  9.69650048 1.1000000  3.8657 -3.9095 15.044 14.951 14.839 14.671 14.742 14.632 14.513 14.445 14.440 14.272 14.250 14.191 14.214
  9.69971626 1.1000000  3.8635 -3.9183 15.068 14.972 14.860 14.690 14.761 14.650 14.530 14.459 14.455 14.286 14.264 14.203 14.226
  9.70290697 1.1000000  3.8613 -3.9272 15.092 14.994 14.881 14.709 14.781 14.668 14.547 14.473 14.469 14.301 14.278 14.215 14.239
  9.70607508 1.1000000  3.8591 -3.9359 15.115 15.016 14.901 14.728 14.801 14.686 14.563 14.487 14.484 14.315 14.291 14.227 14.251
  9.70922728 1.1000000  3.8570 -3.9446 15.139 15.038 14.922 14.746 14.820 14.704 14.580 14.500 14.498 14.329 14.305 14.240 14.263
  9.71235502 1.1000000  3.8548 -3.9533 15.163 15.059 14.943 14.765 14.839 14.722 14.596 14.514 14.513 14.342 14.318 14.252 14.276
  9.71546415 1.1000000  3.8527 -3.9619 15.186 15.081 14.963 14.783 14.859 14.740 14.612 14.528 14.527 14.356 14.332 14.264 14.288
  9.71854779 1.1000000  3.8506 -3.9704 15.209 15.102 14.984 14.802 14.878 14.757 14.629 14.541 14.541 14.370 14.345 14.276 14.300
  9.72150428 1.1000000  3.8485 -3.9789 15.233 15.124 15.004 14.820 14.897 14.775 14.645 14.554 14.555 14.384 14.358 14.288 14.312
  9.72455624 1.1000000  3.8464 -3.9873 15.256 15.145 15.024 14.838 14.916 14.792 14.661 14.568 14.569 14.397 14.371 14.300 14.324
  9.72757907 1.1000000  3.8443 -3.9957 15.279 15.166 15.044 14.856 14.935 14.810 14.677 14.581 14.583 14.411 14.385 14.312 14.336
  9.73047598 1.1000000  3.8422 -4.0040 15.303 15.188 15.065 14.875 14.954 14.827 14.693 14.594 14.598 14.424 14.398 14.323 14.348
  9.73335455 1.1000000  3.8401 -4.0123 15.326 15.209 15.085 14.893 14.973 14.845 14.710 14.607 14.612 14.438 14.411 14.335 14.360
  9.73633042 1.1000000  3.8381 -4.0205 15.349 15.231 15.105 14.911 14.992 14.862 14.726 14.621 14.626 14.452 14.424 14.347 14.372
  9.73917652 1.1000000  3.8361 -4.0287 15.373 15.252 15.126 14.930 15.011 14.880 14.742 14.634 14.640 14.465 14.438 14.359 14.384
  9.74208135 1.1000000  3.8340 -4.0368 15.396 15.274 15.146 14.948 15.030 14.897 14.758 14.647 14.654 14.479 14.451 14.371 14.395
  9.74489302 1.1000000  3.8320 -4.0449 15.420 15.295 15.166 14.966 15.049 14.915 14.774 14.660 14.668 14.492 14.464 14.383 14.407
  9.74768091 1.1000000  3.8300 -4.0529 15.443 15.316 15.186 14.984 15.068 14.932 14.790 14.673 14.682 14.506 14.477 14.395 14.419
  9.75050947 1.1000000  3.8280 -4.0609 15.466 15.337 15.206 15.002 15.086 14.949 14.806 14.686 14.696 14.519 14.490 14.406 14.431
  9.75327377 1.1000000  3.8261 -4.0689 15.490 15.359 15.227 15.020 15.105 14.967 14.822 14.699 14.710 14.533 14.503 14.418 14.443
  9.75600810 1.1000000  3.8241 -4.0768 15.513 15.380 15.247 15.038 15.124 14.984 14.838 14.711 14.724 14.546 14.516 14.430 14.455
  9.75879168 1.1000000  3.8221 -4.0846 15.536 15.401 15.267 15.056 15.143 15.001 14.853 14.724 14.738 14.560 14.529 14.442 14.466
  9.76149869 1.1000000  3.8202 -4.0924 15.559 15.422 15.287 15.074 15.161 15.018 14.869 14.737 14.752 14.573 14.542 14.453 14.478
  9.76419282 1.1000000  3.8183 -4.1002 15.583 15.443 15.307 15.092 15.180 15.035 14.885 14.749 14.766 14.586 14.555 14.465 14.490
  9.76680926 1.1000000  3.8163 -4.1079 15.606 15.464 15.326 15.110 15.199 15.052 14.901 14.762 14.780 14.599 14.567 14.476 14.501
  9.76946968 1.1000000  3.8144 -4.1156 15.629 15.486 15.346 15.128 15.217 15.069 14.916 14.774 14.794 14.613 14.580 14.488 14.513
  9.77212315 1.1000000  3.8125 -4.1233 15.652 15.507 15.366 15.146 15.236 15.086 14.932 14.787 14.808 14.626 14.593 14.500 14.525
  9.77474455 1.1000000  3.8106 -4.1310 15.676 15.528 15.387 15.164 15.255 15.104 14.948 14.800 14.822 14.640 14.606 14.512 14.537
  9.77730179 1.1000000  3.8087 -4.1386 15.699 15.550 15.407 15.182 15.274 15.122 14.964 14.813 14.836 14.653 14.620 14.524 14.549
  9.77991079 1.1000000  3.8068 -4.1461 15.723 15.571 15.427 15.200 15.293 15.139 14.980 14.826 14.851 14.667 14.633 14.535 14.561
  9.78243384 1.1000000  3.8050 -4.1536 15.746 15.592 15.447 15.219 15.312 15.156 14.996 14.839 14.865 14.680 14.646 14.547 14.573
  9.78501039 1.1000000  3.8031 -4.1611 15.769 15.614 15.467 15.237 15.331 15.174 15.013 14.852 14.879 14.694 14.659 14.559 14.585
  9.78751125 1.1000000  3.8013 -4.1685 15.793 15.635 15.488 15.255 15.350 15.191 15.029 14.865 14.894 14.708 14.672 14.571 14.596
  9.78999617 1.1000000  3.7995 -4.1759 15.816 15.656 15.508 15.273 15.369 15.208 15.045 14.878 14.908 14.721 14.685 14.583 14.608
  9.79246946 1.1000000  3.7976 -4.1832 15.839 15.678 15.528 15.292 15.388 15.226 15.061 14.890 14.923 14.735 14.698 14.595 14.620
  9.79493022 1.1000000  3.7958 -4.1905 15.863 15.699 15.548 15.310 15.407 15.243 15.077 14.903 14.937 14.748 14.712 14.607 14.632
  9.79742799 1.1000000  3.7940 -4.1977 15.886 15.720 15.568 15.328 15.425 15.260 15.093 14.916 14.951 14.762 14.725 14.619 14.644
  9.79980534 1.1000000  3.7923 -4.2048 15.909 15.741 15.588 15.346 15.444 15.277 15.109 14.929 14.965 14.775 14.737 14.630 14.656
  9.80222659 1.1000000  3.7905 -4.2119 15.932 15.762 15.608 15.364 15.463 15.295 15.124 14.941 14.980 14.789 14.750 14.642 14.668
  9.80463346 1.1000000  3.7887 -4.2189 15.954 15.783 15.627 15.381 15.481 15.312 15.140 14.954 14.994 14.802 14.763 14.654 14.679
  9.80702590 1.1000000  3.7870 -4.2259 15.977 15.804 15.647 15.399 15.500 15.329 15.156 14.967 15.008 14.815 14.776 14.665 14.691
  9.80941436 1.1000000  3.7853 -4.2328 16.000 15.825 15.667 15.417 15.518 15.345 15.172 14.979 15.022 14.828 14.789 14.677 14.703
  9.81178224 1.1000000  3.7836 -4.2396 16.022 15.845 15.686 15.435 15.536 15.362 15.187 14.992 15.036 14.842 14.802 14.688 14.714
  9.81413387 1.1000000  3.7819 -4.2463 16.045 15.865 15.705 15.452 15.554 15.379 15.202 15.004 15.050 14.855 14.814 14.700 14.726
  9.81648231 1.1000000  3.7803 -4.2530 16.067 15.886 15.725 15.469 15.573 15.395 15.218 15.016 15.064 14.868 14.827 14.711 14.737
  9.81875242 1.1000000  3.7786 -4.2596 16.089 15.906 15.744 15.487 15.591 15.412 15.233 15.028 15.078 14.880 14.840 14.723 14.749
  9.82108830 1.1000000  3.7770 -4.2661 16.111 15.926 15.763 15.504 15.608 15.428 15.248 15.041 15.092 14.893 14.852 14.734 14.760
  9.82340783 1.1000000  3.7754 -4.2726 16.133 15.946 15.782 15.521 15.626 15.445 15.263 15.053 15.105 14.906 14.864 14.745 14.771
  9.82570311 1.1000000  3.7738 -4.2790 16.154 15.966 15.800 15.538 15.644 15.461 15.278 15.065 15.119 14.919 14.877 14.756 14.782
  9.82793646 1.1000000  3.7723 -4.2854 16.176 15.986 15.819 15.555 15.661 15.477 15.294 15.078 15.133 14.931 14.889 14.767 14.793
  9.83019098 1.1000000  3.7707 -4.2916 16.197 16.005 15.837 15.571 15.679 15.493 15.308 15.090 15.146 14.944 14.901 14.778 14.804
  9.83242814 1.1000000  3.7692 -4.2977 16.218 16.024 15.855 15.588 15.696 15.508 15.323 15.102 15.160 14.956 14.913 14.789 14.815
  9.83464178 1.1000000  3.7677 -4.3038 16.239 16.043 15.874 15.604 15.713 15.524 15.337 15.114 15.173 14.968 14.925 14.799 14.826
  9.83686080 1.1000000  3.7662 -4.3097 16.260 16.062 15.891 15.620 15.729 15.539 15.351 15.126 15.186 14.980 14.936 14.810 14.836
  9.83902729 1.1000000  3.7648 -4.3155 16.280 16.080 15.909 15.636 15.746 15.554 15.365 15.138 15.199 14.992 14.947 14.820 14.846
  9.84118507 1.1000000  3.7634 -4.3212 16.300 16.098 15.926 15.651 15.762 15.569 15.379 15.149 15.211 15.003 14.959 14.830 14.857
  9.84333061 1.1000000  3.7620 -4.3268 16.319 16.116 15.943 15.667 15.778 15.583 15.393 15.160 15.224 15.015 14.970 14.840 14.867
  9.84546652 1.1000000  3.7606 -4.3323 16.339 16.134 15.959 15.682 15.793 15.598 15.406 15.172 15.236 15.026 14.981 14.850 14.877
  9.84759102 1.1000000  3.7592 -4.3378 16.358 16.152 15.976 15.697 15.809 15.612 15.419 15.183 15.248 15.037 14.992 14.860 14.887
  9.84970675 1.1000000  3.7579 -4.3431 16.377 16.169 15.992 15.711 15.824 15.626 15.432 15.194 15.260 15.048 15.002 14.870 14.896
  9.85181279 1.1000000  3.7566 -4.3483 16.395 16.186 16.008 15.726 15.839 15.640 15.445 15.205 15.272 15.059 15.013 14.879 14.906
  9.85390473 1.1000000  3.7554 -4.3534 16.413 16.202 16.024 15.740 15.854 15.653 15.458 15.215 15.284 15.070 15.023 14.888 14.915
  9.85599488 1.1000000  3.7541 -4.3584 16.431 16.218 16.039 15.754 15.868 15.667 15.470 15.226 15.295 15.080 15.033 14.897 14.924
  9.85806121 1.1000000  3.7529 -4.3633 16.448 16.234 16.054 15.767 15.883 15.680 15.482 15.236 15.307 15.090 15.043 14.906 14.933
  9.86012659 1.1000000  3.7517 -4.3681 16.466 16.250 16.069 15.781 15.897 15.693 15.494 15.246 15.318 15.100 15.053 14.915 14.942
  9.86218839 1.1000000  3.7506 -4.3728 16.483 16.266 16.084 15.794 15.910 15.705 15.506 15.256 15.328 15.110 15.062 14.924 14.951
  9.86423158 1.1000000  3.7494 -4.3774 16.499 16.281 16.098 15.807 15.924 15.718 15.518 15.266 15.339 15.120 15.072 14.932 14.959
  9.86627028 1.1000000  3.7483 -4.3819 16.515 16.296 16.112 15.820 15.937 15.730 15.529 15.276 15.350 15.130 15.081 14.941 14.967
  9.86829210 1.1000000  3.7472 -4.3864 16.532 16.310 16.126 15.832 15.950 15.742 15.540 15.285 15.360 15.139 15.090 14.949 14.976
  9.87031558 1.1000000  3.7461 -4.3908 16.548 16.325 16.140 15.845 15.963 15.754 15.551 15.295 15.371 15.148 15.099 14.957 14.984
  9.87232215 1.1000000  3.7450 -4.3951 16.563 16.339 16.153 15.857 15.976 15.765 15.562 15.304 15.381 15.158 15.108 14.965 14.992
  9.87432151 1.1000000  3.7440 -4.3993 16.579 16.353 16.167 15.869 15.988 15.777 15.573 15.313 15.391 15.167 15.117 14.973 15.000
  9.87630217 1.1000000  3.7430 -4.4034 16.594 16.367 16.179 15.881 16.001 15.788 15.583 15.322 15.400 15.175 15.125 14.981 15.008
  9.87828443 1.1000000  3.7420 -4.4075 16.609 16.381 16.192 15.893 16.013 15.799 15.594 15.331 15.410 15.184 15.134 14.989 15.015
  9.88026121 1.1000000  3.7410 -4.4115 16.623 16.394 16.205 15.904 16.025 15.810 15.604 15.340 15.420 15.193 15.142 14.996 15.023
  9.88221836 1.1000000  3.7400 -4.4155 16.638 16.408 16.218 15.915 16.037 15.821 15.614 15.349 15.429 15.201 15.150 15.004 15.031
  9.88417443 1.1000000  3.7390 -4.4194 16.652 16.421 16.230 15.927 16.048 15.832 15.624 15.358 15.438 15.210 15.158 15.011 15.038
  9.88612233 1.1000000  3.7381 -4.4232 16.666 16.433 16.242 15.937 16.059 15.842 15.634 15.366 15.447 15.218 15.166 15.018 15.045
  9.88804788 1.1000000  3.7371 -4.4271 16.680 16.446 16.254 15.948 16.071 15.853 15.644 15.375 15.457 15.226 15.174 15.025 15.052
  9.88998738 1.1000000  3.7362 -4.4309 16.694 16.459 16.266 15.959 16.082 15.863 15.654 15.384 15.466 15.234 15.182 15.032 15.060
  9.89189831 1.1000000  3.7353 -4.4346 16.708 16.471 16.278 15.970 16.093 15.873 15.663 15.392 15.475 15.242 15.190 15.039 15.067
  9.89380899 1.1000000  3.7343 -4.4384 16.722 16.484 16.290 15.981 16.105 15.884 15.673 15.401 15.484 15.250 15.198 15.046 15.074
  9.89571410 1.1000000  3.7334 -4.4421 16.735 16.497 16.302 15.991 16.116 15.894 15.682 15.409 15.493 15.258 15.206 15.053 15.081
  9.89760653 1.1000000  3.7325 -4.4458 16.749 16.509 16.314 16.002 16.127 15.904 15.692 15.418 15.502 15.266 15.213 15.060 15.088
  9.89949516 1.1000000  3.7316 -4.4495 16.763 16.521 16.326 16.013 16.138 15.914 15.701 15.426 15.511 15.274 15.221 15.067 15.095
  9.90137197 1.1000000  3.7307 -4.4532 16.776 16.534 16.337 16.023 16.149 15.924 15.711 15.435 15.520 15.282 15.229 15.074 15.102
  9.90324051 1.1000000  3.7298 -4.4569 16.790 16.546 16.349 16.034 16.160 15.935 15.720 15.443 15.529 15.290 15.236 15.081 15.109
  9.90510520 1.1000000  3.7288 -4.4605 16.803 16.559 16.361 16.044 16.171 15.945 15.730 15.452 15.537 15.298 15.244 15.088 15.116
  9.90695805 1.1000000  3.7279 -4.4641 16.817 16.571 16.372 16.055 16.182 15.955 15.739 15.460 15.546 15.306 15.252 15.095 15.123
  9.90880260 1.1000000  3.7271 -4.4678 16.830 16.583 16.384 16.066 16.193 15.965 15.748 15.469 15.555 15.314 15.259 15.102 15.130
  9.91063705 1.1000000  3.7262 -4.4714 16.844 16.596 16.396 16.076 16.204 15.975 15.758 15.477 15.564 15.322 15.267 15.109 15.137
  9.91247206 1.1000000  3.7252 -4.4750 16.857 16.608 16.407 16.086 16.215 15.985 15.767 15.486 15.573 15.330 15.275 15.116 15.144
  9.91428985 1.1000000  3.7243 -4.4787 16.871 16.621 16.419 16.097 16.226 15.995 15.777 15.495 15.582 15.338 15.282 15.123 15.151
  9.91610641 1.1000000  3.7235 -4.4823 16.885 16.633 16.431 16.108 16.237 16.005 15.786 15.503 15.591 15.346 15.290 15.130 15.158
  9.91791373 1.1000000  3.7226 -4.4859 16.898 16.645 16.442 16.118 16.248 16.015 15.796 15.512 15.600 15.354 15.298 15.137 15.165
  9.91971535 1.1000000  3.7216 -4.4895 16.912 16.658 16.454 16.129 16.259 16.025 15.805 15.520 15.609 15.362 15.305 15.144 15.171
  9.92150147 1.1000000  3.7207 -4.4932 16.925 16.670 16.466 16.140 16.270 16.036 15.815 15.529 15.618 15.370 15.313 15.151 15.179
  9.92329257 1.1000000  3.7199 -4.4968 16.939 16.683 16.478 16.150 16.281 16.046 15.824 15.538 15.627 15.378 15.321 15.158 15.186
  9.92506994 1.1000000  3.7189 -4.5005 16.953 16.695 16.490 16.161 16.292 16.056 15.834 15.547 15.636 15.386 15.329 15.165 15.193
  9.92683801 1.1000000  3.7180 -4.5041 16.966 16.707 16.501 16.171 16.303 16.066 15.843 15.555 15.645 15.394 15.336 15.171 15.200
  9.92860302 1.1000000  3.7171 -4.5078 16.980 16.720 16.513 16.182 16.314 16.077 15.853 15.564 15.654 15.402 15.344 15.179 15.207
  9.93035515 1.1000000  3.7162 -4.5114 16.993 16.732 16.525 16.193 16.325 16.087 15.862 15.573 15.663 15.410 15.352 15.185 15.214
  9.93210688 1.1000000  3.7153 -4.5151 17.007 16.745 16.537 16.203 16.337 16.097 15.872 15.582 15.672 15.418 15.359 15.192 15.221
  9.93384661 1.1000000  3.7144 -4.5188 17.021 16.758 16.549 16.214 16.348 16.107 15.881 15.591 15.681 15.426 15.367 15.200 15.228
  9.93558146 1.1000000  3.7135 -4.5225 17.035 16.770 16.561 16.225 16.359 16.118 15.891 15.600 15.690 15.434 15.375 15.207 15.235
  9.93730875 1.1000000  3.7125 -4.5262 17.049 16.783 16.573 16.236 16.370 16.128 15.901 15.609 15.700 15.442 15.383 15.214 15.242
  9.93903562 1.1000000  3.7116 -4.5300 17.063 16.796 16.585 16.247 16.382 16.139 15.911 15.618 15.709 15.450 15.391 15.221 15.249
  9.94075223 1.1000000  3.7107 -4.5338 17.077 16.809 16.597 16.258 16.394 16.149 15.921 15.627 15.719 15.459 15.399 15.228 15.257
  9.94245590 1.1000000  3.7097 -4.5376 17.091 16.822 16.610 16.269 16.405 16.160 15.931 15.637 15.728 15.467 15.407 15.236 15.264
  9.94415913 1.1000000  3.7088 -4.5414 17.106 16.835 16.622 16.281 16.417 16.171 15.941 15.646 15.737 15.475 15.415 15.243 15.271
  9.94585118 1.1000000  3.7078 -4.5453 17.120 16.848 16.635 16.292 16.429 16.181 15.951 15.656 15.747 15.484 15.424 15.250 15.279
  9.94753653 1.1000000  3.7069 -4.5492 17.135 16.862 16.648 16.304 16.441 16.192 15.961 15.665 15.757 15.492 15.432 15.258 15.286
  9.94922230 1.1000000  3.7059 -4.5531 17.150 16.875 16.660 16.315 16.453 16.203 15.971 15.675 15.767 15.501 15.440 15.265 15.294
  9.95089420 1.1000000  3.7049 -4.5571 17.165 16.889 16.673 16.327 16.465 16.215 15.982 15.685 15.777 15.510 15.449 15.273 15.302
  9.95256473 1.1000000  3.7039 -4.5612 17.180 16.903 16.687 16.339 16.478 16.226 15.992 15.695 15.787 15.519 15.458 15.281 15.310
  9.95422315 1.1000000  3.7028 -4.5653 17.196 16.917 16.700 16.351 16.490 16.238 16.003 15.705 15.797 15.528 15.466 15.289 15.317
  9.95588377 1.1000000  3.7018 -4.5696 17.212 16.932 16.714 16.364 16.503 16.250 16.015 15.716 15.808 15.537 15.476 15.297 15.326
  9.95752601 1.1000000  3.7007 -4.5738 17.228 16.946 16.728 16.376 16.516 16.262 16.026 15.726 15.819 15.547 15.485 15.305 15.334
  9.95917492 1.1000000  3.6996 -4.5782 17.244 16.961 16.742 16.389 16.530 16.274 16.037 15.737 15.830 15.556 15.494 15.314 15.343
  9.96081258 1.1000000  3.6985 -4.5827 17.261 16.977 16.757 16.402 16.544 16.287 16.049 15.748 15.841 15.566 15.504 15.322 15.351
  9.96244168 1.1000000  3.6974 -4.5872 17.278 16.992 16.771 16.416 16.557 16.299 16.061 15.759 15.852 15.576 15.513 15.331 15.360
  9.96406759 1.1000000  3.6963 -4.5918 17.295 17.007 16.786 16.429 16.571 16.312 16.073 15.771 15.863 15.586 15.523 15.340 15.369
  9.96568222 1.1000000  3.6951 -4.5965 17.312 17.023 16.801 16.443 16.585 16.325 16.085 15.782 15.875 15.596 15.533 15.349 15.378
  9.96728828 1.1000000  3.6939 -4.6013 17.330 17.039 16.816 16.456 16.600 16.338 16.097 15.794 15.887 15.607 15.543 15.358 15.387
  9.96890547 1.1000000  3.6927 -4.6062 17.348 17.056 16.832 16.471 16.615 16.352 16.110 15.806 15.899 15.617 15.553 15.367 15.396
  9.97050241 1.1000000  3.6915 -4.6111 17.366 17.072 16.848 16.485 16.629 16.365 16.123 15.818 15.911 15.628 15.563 15.377 15.406
  9.97209612 1.1000000  3.6902 -4.6162 17.384 17.089 16.864 16.499 16.645 16.379 16.136 15.831 15.924 15.639 15.574 15.386 15.416
  9.97368751 1.1000000  3.6889 -4.6214 17.403 17.107 16.880 16.514 16.660 16.393 16.149 15.843 15.936 15.650 15.585 15.396 15.426
  9.97526759 1.1000000  3.6876 -4.6266 17.422 17.124 16.897 16.529 16.676 16.408 16.163 15.856 15.949 15.662 15.596 15.406 15.436
  9.97684354 1.1000000  3.6863 -4.6319 17.442 17.142 16.914 16.545 16.692 16.422 16.176 15.869 15.962 15.673 15.607 15.416 15.446
  9.97841625 1.1000000  3.6850 -4.6373 17.461 17.160 16.931 16.560 16.708 16.437 16.190 15.882 15.975 15.685 15.618 15.427 15.456
  9.97998122 1.1000000  3.6836 -4.6427 17.481 17.178 16.948 16.576 16.724 16.452 16.204 15.896 15.989 15.696 15.629 15.437 15.466
  9.98154565 1.1000000  3.6822 -4.6482 17.501 17.196 16.965 16.591 16.740 16.467 16.218 15.909 16.002 15.708 15.641 15.448 15.477
  9.98309783 1.1000000  3.6809 -4.6534 17.520 17.213 16.982 16.606 16.756 16.481 16.231 15.922 16.015 15.719 15.652 15.458 15.487
  9.98464585 1.1000000  3.6799 -4.6577 17.535 17.228 16.995 16.618 16.768 16.493 16.242 15.933 16.025 15.729 15.660 15.466 15.495
  9.98619331 1.1000000  3.6788 -4.6621 17.551 17.242 17.009 16.631 16.781 16.505 16.254 15.943 16.036 15.738 15.670 15.474 15.504
  9.98773032 1.1000000  3.6777 -4.6665 17.567 17.257 17.023 16.643 16.794 16.516 16.265 15.954 16.047 15.748 15.679 15.483 15.512
  9.98925775 1.1000000  3.6766 -4.6709 17.583 17.271 17.037 16.656 16.807 16.528 16.276 15.965 16.058 15.757 15.688 15.491 15.521
  9.99079180 1.1000000  3.6755 -4.6754 17.599 17.286 17.050 16.668 16.820 16.540 16.287 15.976 16.068 15.767 15.697 15.499 15.529
  9.99231718 1.1000000  3.6743 -4.6800 17.615 17.300 17.064 16.681 16.833 16.552 16.299 15.986 16.079 15.776 15.706 15.508 15.538
  9.99382758 1.1000000  3.6732 -4.6847 17.631 17.315 17.079 16.694 16.847 16.565 16.310 15.998 16.090 15.786 15.716 15.517 15.546
  9.99534009 1.1000000  3.6719 -4.6899 17.649 17.332 17.094 16.708 16.861 16.578 16.323 16.010 16.102 15.797 15.726 15.527 15.556
  9.99685381 1.1000000  3.6694 -4.6999 17.683 17.363 17.124 16.735 16.890 16.604 16.347 16.033 16.126 15.817 15.746 15.545 15.574
  9.99834352 1.1000000  3.6669 -4.7100 17.718 17.394 17.154 16.762 16.918 16.630 16.372 16.056 16.149 15.838 15.766 15.564 15.593
  9.99984254 1.1000000  3.6643 -4.7201 17.752 17.426 17.184 16.789 16.946 16.656 16.396 16.079 16.172 15.858 15.786 15.582 15.611
 10.00133465 1.1000000  3.6621 -4.7291 17.782 17.453 17.210 16.813 16.970 16.678 16.417 16.100 16.192 15.877 15.804 15.598 15.627
 10.00282436 1.1000000  3.6604 -4.7360 17.805 17.474 17.230 16.831 16.989 16.696 16.433 16.115 16.208 15.890 15.817 15.611 15.640
 10.00429994 1.1000000  3.6586 -4.7431 17.828 17.496 17.251 16.850 17.008 16.713 16.450 16.131 16.224 15.905 15.831 15.624 15.652
 10.00577942 1.1000000  3.6568 -4.7503 17.852 17.517 17.271 16.868 17.028 16.731 16.467 16.147 16.240 15.919 15.845 15.637 15.665
 10.00724927 1.1000000  3.6550 -4.7577 17.876 17.539 17.292 16.888 17.047 16.749 16.484 16.164 16.256 15.933 15.859 15.650 15.678
 10.00871219 1.1000000  3.6531 -4.7652 17.900 17.561 17.314 16.907 17.067 16.768 16.501 16.180 16.273 15.948 15.874 15.664 15.691
 10.01017359 1.1000000  3.6511 -4.7731 17.925 17.584 17.335 16.927 17.088 16.786 16.519 16.197 16.290 15.963 15.888 15.678 15.705
 10.01162354 1.1000000  3.6491 -4.7811 17.950 17.607 17.357 16.946 17.108 16.805 16.537 16.215 16.307 15.978 15.903 15.692 15.719
 10.01308098 1.1000000  3.6471 -4.7894 17.975 17.630 17.379 16.967 17.129 16.825 16.555 16.232 16.325 15.994 15.919 15.707 15.734
 10.01452697 1.1000000  3.6450 -4.7979 18.001 17.654 17.402 16.987 17.151 16.844 16.573 16.250 16.342 16.010 15.934 15.722 15.749
 10.01596691 1.1000000  3.6428 -4.8067 18.028 17.679 17.425 17.008 17.172 16.864 16.592 16.268 16.360 16.026 15.950 15.738 15.764
 10.01740802 1.1000000  3.6405 -4.8159 18.055 17.704 17.449 17.030 17.195 16.885 16.612 16.287 16.379 16.043 15.967 15.754 15.780
 10.01883675 1.1000000  3.6381 -4.8254 18.083 17.729 17.474 17.052 17.218 16.906 16.632 16.306 16.398 16.061 15.984 15.771 15.796
 10.02026213 1.1000000  3.6357 -4.8351 18.111 17.755 17.499 17.075 17.241 16.927 16.652 16.325 16.418 16.078 16.001 15.788 15.812
 10.02168235 1.1000000  3.6331 -4.8453 18.141 17.782 17.524 17.098 17.266 16.950 16.673 16.345 16.438 16.096 16.019 15.806 15.829
 10.02310464 1.1000000  3.6305 -4.8560 18.171 17.810 17.550 17.122 17.290 16.972 16.694 16.366 16.459 16.115 16.038 15.825 15.847
 10.02451814 1.1000000  3.6277 -4.8670 18.201 17.838 17.577 17.146 17.316 16.996 16.716 16.387 16.480 16.134 16.057 15.844 15.866
 10.02592557 1.1000000  3.6249 -4.8784 18.232 17.866 17.605 17.171 17.342 17.019 16.739 16.409 16.501 16.154 16.077 15.865 15.885
 10.02732783 1.1000000  3.6221 -4.8897 18.263 17.894 17.631 17.196 17.367 17.042 16.760 16.430 16.522 16.174 16.096 15.885 15.905
 10.02872491 1.1000000  3.6193 -4.9008 18.292 17.921 17.657 17.219 17.391 17.065 16.782 16.450 16.543 16.193 16.115 15.906 15.924
 10.03012042 1.1000000  3.6164 -4.9124 18.322 17.949 17.684 17.243 17.416 17.088 16.803 16.471 16.564 16.212 16.135 15.927 15.944
 10.03151437 1.1000000  3.6133 -4.9247 18.354 17.977 17.711 17.268 17.442 17.112 16.826 16.493 16.586 16.233 16.156 15.950 15.965
 10.03289952 1.1000000  3.6093 -4.9409 18.394 18.014 17.747 17.301 17.475 17.143 16.856 16.522 16.614 16.260 16.183 15.980 15.993
 10.03428309 1.1000000  3.6049 -4.9584 18.437 18.053 17.784 17.335 17.511 17.175 16.887 16.551 16.644 16.289 16.213 16.013 16.023
 10.03566056 1.1000000  3.6007 -4.9752 18.476 18.090 17.819 17.367 17.544 17.206 16.916 16.579 16.672 16.316 16.241 16.045 16.052
 10.03703375 1.1000000  3.5969 -4.9905 18.513 18.123 17.851 17.396 17.574 17.234 16.942 16.605 16.697 16.341 16.267 16.076 16.081
 10.03840082 1.1000000  3.5929 -5.0064 18.549 18.157 17.883 17.426 17.604 17.262 16.969 16.631 16.723 16.368 16.295 16.109 16.110
 10.03976813 1.1000000  3.5883 -5.0249 18.591 18.195 17.920 17.459 17.639 17.294 17.000 16.660 16.753 16.398 16.327 16.147 16.146
 10.04113023 1.1000000  3.5831 -5.0457 18.637 18.237 17.960 17.496 17.677 17.329 17.033 16.693 16.785 16.433 16.363 16.192 16.186
 10.04248531 1.1000000  3.5781 -5.0659 18.680 18.277 17.998 17.530 17.713 17.363 17.065 16.724 16.816 16.466 16.399 16.237 16.226
 10.04383880 1.1000000  3.5734 -5.0847 18.719 18.313 18.032 17.562 17.745 17.393 17.094 16.752 16.844 16.497 16.432 16.279 16.265
 10.04518345 1.1000000  3.5685 -5.1043 18.760 18.351 18.068 17.595 17.780 17.425 17.125 16.781 16.873 16.532 16.469 16.326 16.308
 10.04651925 1.1000000  3.5624 -5.1285 18.810 18.396 18.112 17.635 17.821 17.464 17.162 16.817 16.909 16.576 16.517 16.387 16.364
 10.04786524 1.1000000  3.5562 -5.1533 18.860 18.442 18.156 17.675 17.862 17.503 17.200 16.854 16.945 16.621 16.567 16.451 16.424
 10.04919604 1.1000000  3.5504 -5.1767 18.906 18.484 18.197 17.712 17.901 17.540 17.234 16.887 16.979 16.665 16.615 16.514 16.482
 10.05052977 1.1000000  3.5444 -5.2005 18.952 18.526 18.237 17.749 17.938 17.576 17.269 16.921 17.013 16.711 16.666 16.580 16.544
 10.05185826 1.1000000  3.5383 -5.2251 18.999 18.569 18.279 17.787 17.978 17.613 17.305 16.956 17.048 16.763 16.722 16.651 16.612
 10.05317881 1.1000000  3.5320 -5.2501 19.047 18.613 18.321 17.825 18.017 17.651 17.342 16.992 17.084 16.817 16.781 16.725 16.684
 10.05449956 1.1000000  3.5257 -5.2758 19.095 18.657 18.363 17.864 18.057 17.690 17.379 17.029 17.120 16.875 16.844 16.805 16.761
 10.05581870 1.1000000  3.5192 -5.3017 19.143 18.700 18.405 17.903 18.097 17.728 17.416 17.065 17.157 16.937 16.911 16.888 16.841
 10.05712444 1.1000000  3.5126 -5.3281 19.190 18.744 18.447 17.941 18.137 17.767 17.454 17.102 17.194 17.001 16.981 16.975 16.927
