#   log(t)       Mwd   log(Teff)log(L/Lo) F435W F475  F502N  F550M  F555W  F606W  F625W  F658N  F660N  F775W  F814W  F850LP F892N
    6.479836 0.5400000  4.8165  0.7498  7.493  7.709  7.671  7.891  7.852  7.916  7.935  7.839  7.880  8.011  8.095  8.336  8.343
    6.482573 0.5400000  4.8159  0.7455  7.498  7.714  7.676  7.896  7.858  7.922  7.940  7.844  7.885  8.017  8.100  8.342  8.349
    6.486646 0.5400000  4.8138  0.7337  7.513  7.730  7.692  7.913  7.875  7.938  7.956  7.858  7.901  8.034  8.116  8.358  8.365
    6.490733 0.5400000  4.8110  0.7191  7.532  7.749  7.712  7.933  7.895  7.957  7.975  7.876  7.920  8.056  8.137  8.379  8.385
    6.494071 0.5400000  4.8086  0.7063  7.550  7.766  7.730  7.951  7.912  7.974  7.992  7.893  7.938  8.076  8.155  8.396  8.403
    6.497175 0.5400000  4.8061  0.6939  7.567  7.783  7.748  7.968  7.930  7.991  8.009  7.909  7.955  8.095  8.173  8.414  8.420
    6.500169 0.5400000  4.8037  0.6818  7.583  7.799  7.766  7.985  7.946  8.008  8.026  7.924  7.972  8.113  8.190  8.431  8.437
    6.503116 0.5400000  4.8014  0.6698  7.600  7.815  7.783  8.002  7.963  8.024  8.043  7.940  7.989  8.132  8.207  8.447  8.454
    6.506044 0.5400000  4.7990  0.6579  7.616  7.832  7.801  8.018  7.980  8.040  8.059  7.956  8.006  8.150  8.224  8.464  8.470
    6.508968 0.5400000  4.7966  0.6460  7.633  7.848  7.819  8.035  7.996  8.056  8.076  7.972  8.023  8.168  8.242  8.481  8.487
    6.511897 0.5400000  4.7942  0.6341  7.650  7.864  7.837  8.052  8.013  8.073  8.093  7.988  8.040  8.187  8.259  8.498  8.504
    6.514832 0.5400000  4.7918  0.6223  7.666  7.881  7.854  8.068  8.030  8.089  8.109  8.004  8.057  8.205  8.276  8.514  8.520
    6.517786 0.5400000  4.7894  0.6104  7.683  7.897  7.872  8.085  8.046  8.105  8.126  8.020  8.074  8.223  8.294  8.531  8.537
    6.520750 0.5400000  4.7870  0.5985  7.700  7.913  7.890  8.102  8.063  8.122  8.143  8.036  8.091  8.242  8.311  8.548  8.554
    6.523737 0.5400000  4.7847  0.5867  7.717  7.930  7.908  8.119  8.080  8.138  8.160  8.052  8.108  8.260  8.329  8.565  8.571
    6.526754 0.5400000  4.7823  0.5749  7.734  7.946  7.926  8.136  8.097  8.155  8.177  8.068  8.126  8.278  8.346  8.581  8.587
    6.529795 0.5400000  4.7799  0.5631  7.751  7.963  7.945  8.152  8.113  8.171  8.193  8.085  8.143  8.297  8.364  8.598  8.604
    6.532864 0.5400000  4.7775  0.5513  7.768  7.979  7.963  8.169  8.130  8.188  8.210  8.101  8.160  8.315  8.381  8.615  8.621
    6.535961 0.5400000  4.7751  0.5395  7.785  7.996  7.981  8.186  8.147  8.204  8.227  8.118  8.178  8.333  8.399  8.631  8.638
    6.539088 0.5400000  4.7726  0.5277  7.803  8.013  8.000  8.203  8.164  8.221  8.244  8.134  8.195  8.352  8.417  8.648  8.655
    6.542245 0.5400000  4.7702  0.5159  7.820  8.029  8.018  8.220  8.180  8.237  8.261  8.151  8.213  8.370  8.434  8.665  8.671
    6.545428 0.5400000  4.7678  0.5040  7.838  8.046  8.037  8.237  8.197  8.254  8.279  8.167  8.230  8.389  8.452  8.682  8.688
    6.548622 0.5400000  4.7654  0.4922  7.855  8.063  8.055  8.254  8.214  8.271  8.296  8.184  8.248  8.407  8.470  8.699  8.705
    6.551841 0.5400000  4.7629  0.4804  7.872  8.080  8.074  8.271  8.231  8.287  8.313  8.201  8.266  8.426  8.487  8.716  8.722
    6.555091 0.5400000  4.7605  0.4686  7.890  8.097  8.093  8.288  8.248  8.304  8.330  8.218  8.283  8.444  8.505  8.732  8.739
    6.558368 0.5400000  4.7581  0.4568  7.908  8.113  8.111  8.305  8.265  8.321  8.347  8.235  8.301  8.463  8.523  8.749  8.756
    6.561672 0.5400000  4.7556  0.4450  7.925  8.130  8.130  8.322  8.282  8.337  8.365  8.251  8.319  8.481  8.541  8.766  8.773
    6.565003 0.5400000  4.7532  0.4331  7.943  8.147  8.149  8.339  8.299  8.354  8.382  8.268  8.337  8.500  8.558  8.783  8.790
    6.568353 0.5400000  4.7507  0.4213  7.961  8.164  8.168  8.356  8.315  8.371  8.400  8.285  8.354  8.518  8.576  8.800  8.807
    6.571725 0.5400000  4.7483  0.4095  7.979  8.181  8.187  8.373  8.332  8.388  8.417  8.303  8.372  8.536  8.594  8.817  8.824
    6.575126 0.5400000  4.7458  0.3977  7.996  8.198  8.206  8.390  8.349  8.404  8.434  8.320  8.390  8.555  8.612  8.833  8.841
    6.578552 0.5400000  4.7434  0.3858  8.014  8.216  8.225  8.407  8.366  8.421  8.452  8.337  8.408  8.573  8.630  8.850  8.858
    6.581997 0.5400000  4.7409  0.3740  8.032  8.233  8.244  8.424  8.383  8.438  8.469  8.354  8.426  8.592  8.648  8.867  8.875
    6.585466 0.5400000  4.7384  0.3622  8.050  8.250  8.263  8.441  8.400  8.455  8.487  8.371  8.444  8.610  8.665  8.884  8.892
    6.588955 0.5400000  4.7359  0.3503  8.068  8.267  8.282  8.458  8.417  8.472  8.504  8.388  8.462  8.629  8.683  8.901  8.909
    6.592456 0.5400000  4.7334  0.3385  8.086  8.284  8.301  8.475  8.434  8.489  8.522  8.406  8.480  8.647  8.701  8.917  8.925
    6.595977 0.5400000  4.7309  0.3267  8.104  8.301  8.320  8.492  8.451  8.505  8.539  8.423  8.498  8.665  8.719  8.934  8.942
    6.599523 0.5400000  4.7285  0.3148  8.123  8.319  8.340  8.509  8.468  8.522  8.557  8.440  8.516  8.684  8.737  8.951  8.959
    6.603094 0.5400000  4.7260  0.3030  8.141  8.336  8.359  8.526  8.485  8.539  8.574  8.457  8.534  8.702  8.755  8.968  8.976
    6.606686 0.5400000  4.7235  0.2912  8.159  8.353  8.378  8.543  8.502  8.556  8.591  8.475  8.552  8.720  8.772  8.984  8.993
    6.610295 0.5400000  4.7210  0.2793  8.177  8.370  8.397  8.560  8.519  8.573  8.609  8.492  8.570  8.739  8.790  9.001  9.010
    6.613925 0.5400000  4.7184  0.2675  8.195  8.387  8.417  8.577  8.536  8.590  8.626  8.509  8.588  8.757  8.808  9.018  9.027
    6.617574 0.5400000  4.7159  0.2557  8.213  8.404  8.436  8.594  8.553  8.606  8.644  8.527  8.606  8.775  8.826  9.034  9.043
    6.621246 0.5400000  4.7134  0.2438  8.232  8.422  8.455  8.611  8.570  8.623  8.661  8.544  8.624  8.793  8.844  9.051  9.060
    6.624931 0.5400000  4.7109  0.2320  8.250  8.439  8.474  8.628  8.587  8.640  8.679  8.561  8.642  8.811  8.861  9.067  9.077
    6.628630 0.5400000  4.7083  0.2201  8.268  8.456  8.494  8.645  8.604  8.657  8.696  8.579  8.660  8.830  8.879  9.084  9.094
    6.632349 0.5400000  4.7058  0.2083  8.286  8.474  8.513  8.662  8.620  8.674  8.714  8.596  8.678  8.848  8.897  9.101  9.110
    6.636085 0.5400000  4.7033  0.1965  8.304  8.491  8.532  8.679  8.637  8.691  8.731  8.613  8.696  8.866  8.914  9.117  9.127
    6.639841 0.5400000  4.7007  0.1846  8.323  8.508  8.552  8.696  8.654  8.707  8.749  8.631  8.714  8.884  8.932  9.133  9.143
    6.643618 0.5400000  4.6982  0.1728  8.341  8.525  8.571  8.712  8.671  8.724  8.766  8.648  8.731  8.902  8.949  9.150  9.160
    6.647413 0.5400000  4.6956  0.1609  8.359  8.543  8.590  8.729  8.688  8.741  8.783  8.666  8.749  8.920  8.967  9.166  9.177
    6.651228 0.5400000  4.6931  0.1491  8.377  8.560  8.609  8.746  8.704  8.758  8.801  8.683  8.767  8.938  8.984  9.182  9.193
    6.655056 0.5400000  4.6905  0.1373  8.396  8.577  8.628  8.763  8.721  8.774  8.818  8.700  8.785  8.955  9.002  9.199  9.209
    6.658904 0.5400000  4.6879  0.1254  8.414  8.594  8.648  8.779  8.738  8.791  8.835  8.717  8.803  8.973  9.019  9.215  9.226
    6.662770 0.5400000  4.6853  0.1135  8.432  8.611  8.667  8.796  8.755  8.808  8.853  8.735  8.821  8.991  9.037  9.231  9.242
    6.666637 0.5400000  4.6827  0.1017  8.450  8.628  8.686  8.813  8.771  8.824  8.870  8.752  8.838  9.008  9.054  9.247  9.258
    6.670517 0.5400000  4.6801  0.0897  8.469  8.646  8.705  8.830  8.788  8.841  8.887  8.769  8.856  9.026  9.071  9.263  9.275
    6.674386 0.5400000  4.6775  0.0779  8.487  8.663  8.724  8.846  8.804  8.857  8.904  8.786  8.874  9.044  9.089  9.279  9.291
    6.678260 0.5400000  4.6748  0.0660  8.505  8.680  8.744  8.863  8.821  8.874  8.921  8.803  8.891  9.061  9.106  9.295  9.307
    6.682127 0.5400000  4.6722  0.0542  8.523  8.697  8.762  8.879  8.837  8.890  8.938  8.820  8.909  9.078  9.123  9.311  9.323
    6.686026 0.5400000  4.6696  0.0423  8.541  8.714  8.782  8.895  8.854  8.907  8.955  8.837  8.926  9.096  9.140  9.327  9.339
    6.689949 0.5400000  4.6670  0.0305  8.559  8.731  8.800  8.912  8.870  8.923  8.972  8.854  8.944  9.113  9.157  9.342  9.355
    6.693902 0.5400000  4.6644  0.0188  8.577  8.747  8.819  8.928  8.886  8.939  8.989  8.871  8.961  9.130  9.173  9.358  9.371
    6.697902 0.5400000  4.6617  0.0070  8.595  8.764  8.838  8.944  8.902  8.955  9.006  8.888  8.978  9.147  9.190  9.373  9.386
    6.701922 0.5400000  4.6591 -0.0049  8.613  8.781  8.857  8.960  8.919  8.972  9.023  8.905  8.996  9.164  9.207  9.389  9.402
    6.705968 0.5400000  4.6565 -0.0167  8.631  8.798  8.875  8.977  8.935  8.988  9.039  8.921  9.013  9.181  9.224  9.405  9.418
    6.710034 0.5400000  4.6538 -0.0285  8.649  8.815  8.894  8.993  8.951  9.004  9.056  8.938  9.030  9.198  9.240  9.420  9.433
    6.714132 0.5400000  4.6512 -0.0403  8.667  8.832  8.913  9.009  8.967  9.020  9.073  8.955  9.047  9.215  9.257  9.435  9.449
    6.718251 0.5400000  4.6486 -0.0521  8.685  8.848  8.931  9.025  8.983  9.036  9.089  8.971  9.064  9.232  9.273  9.451  9.465
    6.722406 0.5400000  4.6459 -0.0639  8.703  8.865  8.950  9.041  8.999  9.052  9.106  8.988  9.081  9.248  9.290  9.466  9.480
    6.726585 0.5400000  4.6433 -0.0757  8.720  8.882  8.968  9.057  9.015  9.068  9.122  9.004  9.098  9.265  9.306  9.481  9.495
    6.730794 0.5400000  4.6407 -0.0875  8.738  8.898  8.987  9.073  9.031  9.084  9.139  9.021  9.115  9.282  9.322  9.496  9.511
    6.735033 0.5400000  4.6380 -0.0993  8.756  8.915  9.005  9.089  9.047  9.100  9.155  9.037  9.132  9.298  9.339  9.511  9.526
    6.739316 0.5400000  4.6354 -0.1110  8.773  8.931  9.023  9.104  9.063  9.115  9.171  9.054  9.148  9.314  9.355  9.526  9.541
    6.743636 0.5400000  4.6328 -0.1229  8.791  8.948  9.042  9.120  9.079  9.131  9.188  9.070  9.165  9.331  9.371  9.541  9.557
    6.747979 0.5400000  4.6301 -0.1347  8.809  8.965  9.060  9.136  9.095  9.147  9.204  9.086  9.182  9.347  9.387  9.556  9.572
    6.752341 0.5400000  4.6275 -0.1465  8.827  8.981  9.078  9.152  9.110  9.163  9.220  9.103  9.199  9.363  9.403  9.571  9.587
    6.756730 0.5400000  4.6248 -0.1583  8.844  8.998  9.096  9.167  9.126  9.179  9.237  9.119  9.215  9.380  9.419  9.586  9.602
    6.761144 0.5400000  4.6222 -0.1701  8.862  9.014  9.115  9.183  9.142  9.194  9.253  9.135  9.232  9.396  9.435  9.601  9.617
    6.765586 0.5400000  4.6195 -0.1819  8.879  9.030  9.133  9.198  9.157  9.210  9.269  9.151  9.248  9.412  9.451  9.615  9.631
    6.770056 0.5400000  4.6169 -0.1937  8.897  9.047  9.151  9.214  9.173  9.225  9.285  9.167  9.265  9.428  9.467  9.630  9.646
    6.774553 0.5400000  4.6143 -0.2055  8.914  9.063  9.169  9.230  9.189  9.241  9.301  9.183  9.281  9.444  9.482  9.645  9.661
    6.779098 0.5400000  4.6116 -0.2172  8.931  9.079  9.186  9.245  9.204  9.256  9.316  9.199  9.297  9.459  9.498  9.659  9.676
    6.783683 0.5400000  4.6090 -0.2290  8.949  9.095  9.204  9.260  9.220  9.272  9.332  9.215  9.313  9.475  9.513  9.674  9.690
    6.788301 0.5400000  4.6063 -0.2408  8.966  9.112  9.222  9.275  9.235  9.287  9.348  9.231  9.329  9.491  9.529  9.688  9.705
    6.792942 0.5400000  4.6037 -0.2527  8.983  9.128  9.240  9.291  9.251  9.303  9.364  9.247  9.346  9.507  9.544  9.703  9.720
    6.797607 0.5400000  4.6010 -0.2645  9.001  9.144  9.257  9.306  9.266  9.318  9.380  9.262  9.362  9.522  9.560  9.717  9.734
    6.802293 0.5400000  4.5983 -0.2763  9.018  9.160  9.275  9.321  9.281  9.333  9.395  9.278  9.378  9.538  9.575  9.731  9.748
    6.807013 0.5400000  4.5957 -0.2881  9.035  9.176  9.292  9.336  9.297  9.348  9.411  9.294  9.394  9.553  9.590  9.745  9.763
    6.811759 0.5400000  4.5930 -0.2998  9.052  9.192  9.310  9.351  9.312  9.363  9.426  9.309  9.409  9.568  9.605  9.759  9.777
    6.816551 0.5400000  4.5904 -0.3115  9.069  9.208  9.327  9.366  9.327  9.378  9.441  9.324  9.425  9.583  9.620  9.773  9.791
    6.821405 0.5400000  4.5877 -0.3233  9.086  9.224  9.344  9.381  9.342  9.393  9.457  9.340  9.441  9.598  9.635  9.787  9.805
    6.826305 0.5400000  4.5851 -0.3351  9.103  9.240  9.361  9.396  9.357  9.408  9.472  9.355  9.456  9.613  9.650  9.801  9.819
    6.831237 0.5400000  4.5824 -0.3469  9.119  9.256  9.378  9.411  9.372  9.423  9.487  9.370  9.472  9.628  9.665  9.815  9.833
    6.836192 0.5400000  4.5798 -0.3587  9.136  9.271  9.396  9.426  9.387  9.438  9.503  9.385  9.487  9.643  9.680  9.829  9.847
    6.841179 0.5400000  4.5771 -0.3705  9.153  9.287  9.413  9.441  9.402  9.453  9.518  9.401  9.503  9.658  9.694  9.842  9.861
    6.846197 0.5400000  4.5745 -0.3823  9.170  9.303  9.430  9.455  9.417  9.468  9.533  9.416  9.518  9.673  9.709  9.856  9.875
    6.851244 0.5400000  4.5718 -0.3940  9.186  9.318  9.446  9.470  9.431  9.482  9.548  9.431  9.533  9.688  9.723  9.869  9.888
    6.856324 0.5400000  4.5691 -0.4058  9.203  9.334  9.463  9.484  9.446  9.497  9.562  9.445  9.548  9.702  9.738  9.883  9.902
    6.861436 0.5400000  4.5665 -0.4176  9.220  9.350  9.480  9.499  9.461  9.512  9.577  9.460  9.564  9.717  9.752  9.896  9.916
    6.866584 0.5400000  4.5638 -0.4294  9.236  9.365  9.497  9.513  9.476  9.526  9.592  9.475  9.579  9.731  9.766  9.910  9.929
    6.871767 0.5400000  4.5611 -0.4412  9.253  9.381  9.513  9.528  9.490  9.541  9.607  9.490  9.594  9.746  9.781  9.923  9.943
    6.876983 0.5400000  4.5585 -0.4529  9.269  9.396  9.529  9.542  9.505  9.555  9.621  9.504  9.608  9.760  9.795  9.936  9.956
    6.882234 0.5400000  4.5558 -0.4647  9.285  9.411  9.546  9.556  9.519  9.569  9.636  9.519  9.623  9.774  9.809  9.949  9.969
    6.887525 0.5400000  4.5532 -0.4765  9.302  9.427  9.562  9.571  9.534  9.584  9.650  9.534  9.638  9.788  9.823  9.962  9.982
    6.892858 0.5400000  4.5505 -0.4882  9.318  9.442  9.578  9.585  9.548  9.598  9.665  9.548  9.652  9.802  9.836  9.975  9.995
    6.898229 0.5400000  4.5478 -0.5000  9.334  9.457  9.595  9.599  9.562  9.612  9.679  9.562  9.667  9.816  9.850  9.988 10.008
    6.903637 0.5400000  4.5452 -0.5118  9.350  9.472  9.611  9.613  9.576  9.626  9.693  9.577  9.682  9.830  9.864 10.001 10.021
    6.909091 0.5400000  4.5425 -0.5235  9.366  9.487  9.627  9.627  9.590  9.640  9.707  9.590  9.696  9.843  9.878 10.014 10.034
    6.914584 0.5400000  4.5398 -0.5353  9.382  9.502  9.643  9.641  9.605  9.654  9.722  9.605  9.710  9.857  9.891 10.026 10.047
    6.920120 0.5400000  4.5372 -0.5470  9.398  9.517  9.658  9.654  9.619  9.668  9.735  9.618  9.724  9.871  9.904 10.039 10.060
    6.925703 0.5400000  4.5345 -0.5588  9.414  9.532  9.674  9.668  9.633  9.682  9.750  9.632  9.738  9.884  9.918 10.052 10.072
    6.931327 0.5400000  4.5318 -0.5705  9.429  9.546  9.690  9.682  9.646  9.696  9.763  9.646  9.752  9.897  9.931 10.064 10.085
    6.936996 0.5400000  4.5291 -0.5823  9.445  9.561  9.705  9.695  9.660  9.709  9.777  9.660  9.766  9.911  9.944 10.076 10.097
    6.942709 0.5400000  4.5265 -0.5940  9.461  9.576  9.721  9.709  9.674  9.723  9.791  9.674  9.780  9.924  9.957 10.088 10.110
    6.948467 0.5400000  4.5238 -0.6058  9.476  9.590  9.736  9.722  9.688  9.736  9.804  9.687  9.794  9.937  9.970 10.101 10.122
    6.954268 0.5400000  4.5211 -0.6175  9.491  9.605  9.751  9.736  9.701  9.750  9.818  9.701  9.807  9.950  9.983 10.113 10.134
    6.960117 0.5400000  4.5184 -0.6293  9.507  9.619  9.767  9.749  9.715  9.763  9.831  9.714  9.821  9.963  9.996 10.125 10.146
    6.966014 0.5400000  4.5157 -0.6410  9.522  9.634  9.781  9.762  9.728  9.776  9.844  9.727  9.834  9.975 10.008 10.137 10.158
    6.971955 0.5400000  4.5130 -0.6528  9.537  9.648  9.796  9.775  9.742  9.790  9.858  9.740  9.848  9.988 10.021 10.148 10.170
    6.977940 0.5400000  4.5103 -0.6645  9.552  9.662  9.811  9.788  9.755  9.803  9.871  9.753  9.861 10.000 10.033 10.160 10.182
    6.983960 0.5400000  4.5076 -0.6763  9.568  9.676  9.826  9.801  9.768  9.816  9.884  9.766  9.874 10.013 10.045 10.172 10.193
    6.990013 0.5400000  4.5049 -0.6881  9.582  9.690  9.841  9.814  9.781  9.829  9.897  9.779  9.887 10.025 10.057 10.183 10.205
    6.996075 0.5400000  4.5022 -0.6999  9.597  9.704  9.855  9.827  9.795  9.842  9.909  9.792  9.900 10.037 10.070 10.195 10.216
    7.002189 0.5400000  4.4995 -0.7116  9.612  9.718  9.869  9.839  9.807  9.854  9.922  9.804  9.913 10.049 10.081 10.206 10.228
    7.008358 0.5400000  4.4968 -0.7233  9.626  9.732  9.883  9.852  9.820  9.867  9.934  9.817  9.925 10.061 10.093 10.217 10.239
    7.014581 0.5400000  4.4941 -0.7350  9.641  9.745  9.898  9.864  9.833  9.879  9.947  9.829  9.938 10.073 10.105 10.228 10.250
    7.020870 0.5400000  4.4913 -0.7468  9.656  9.759  9.912  9.876  9.846  9.892  9.959  9.841  9.950 10.085 10.116 10.239 10.261
    7.027213 0.5400000  4.4886 -0.7584  9.670  9.772  9.925  9.889  9.858  9.904  9.971  9.853  9.962 10.096 10.128 10.250 10.272
    7.033624 0.5400000  4.4859 -0.7702  9.684  9.786  9.939  9.901  9.871  9.917  9.984  9.866  9.975 10.108 10.139 10.261 10.283
    7.040097 0.5400000  4.4832 -0.7818  9.698  9.799  9.953  9.913  9.883  9.929  9.996  9.877  9.987 10.119 10.150 10.271 10.293
    7.046646 0.5400000  4.4805 -0.7935  9.712  9.813  9.967  9.925  9.896  9.941 10.008  9.889  9.999 10.130 10.162 10.282 10.304
    7.053300 0.5400000  4.4779 -0.8051  9.726  9.826  9.980  9.937  9.908  9.953 10.020  9.901 10.011 10.142 10.173 10.292 10.315
    7.060091 0.5400000  4.4752 -0.8166  9.740  9.839  9.993  9.948  9.920  9.965 10.031  9.913 10.022 10.152 10.183 10.303 10.325
    7.067030 0.5400000  4.4725 -0.8282  9.754  9.852 10.006  9.960  9.932  9.977 10.043  9.924 10.034 10.163 10.194 10.313 10.335
    7.074085 0.5400000  4.4698 -0.8399  9.768  9.865 10.020  9.972  9.944  9.989 10.054  9.936 10.046 10.174 10.205 10.323 10.346
    7.081225 0.5400000  4.4671 -0.8515  9.781  9.878 10.033  9.984  9.956 10.000 10.066  9.947 10.057 10.185 10.216 10.334 10.356
    7.088471 0.5400000  4.4644 -0.8632  9.795  9.891 10.046  9.995  9.968 10.012 10.077  9.958 10.069 10.196 10.227 10.344 10.366
    7.095822 0.5400000  4.4617 -0.8748  9.809  9.903 10.059 10.007  9.980 10.024 10.089  9.970 10.080 10.206 10.237 10.354 10.376
    7.103263 0.5400000  4.4590 -0.8865  9.822  9.916 10.072 10.018  9.992 10.035 10.100  9.981 10.091 10.217 10.247 10.364 10.386
    7.110794 0.5400000  4.4563 -0.8981  9.836  9.929 10.084 10.030 10.004 10.047 10.111  9.992 10.102 10.227 10.258 10.374 10.396
    7.118439 0.5400000  4.4537 -0.9095  9.849  9.941 10.097 10.041 10.015 10.058 10.122 10.002 10.113 10.237 10.268 10.383 10.405
    7.126331 0.5400000  4.4510 -0.9210  9.862  9.953 10.109 10.052 10.027 10.069 10.133 10.013 10.124 10.247 10.278 10.393 10.415
    7.134412 0.5400000  4.4483 -0.9326  9.875  9.966 10.121 10.063 10.038 10.080 10.144 10.024 10.135 10.258 10.288 10.403 10.425
    7.142631 0.5400000  4.4457 -0.9442  9.888  9.978 10.134 10.074 10.050 10.091 10.155 10.035 10.146 10.268 10.298 10.412 10.434
    7.150968 0.5400000  4.4430 -0.9557  9.901  9.990 10.146 10.085 10.061 10.103 10.165 10.045 10.156 10.277 10.307 10.422 10.443
    7.159527 0.5400000  4.4404 -0.9671  9.913 10.002 10.158 10.095 10.072 10.113 10.176 10.055 10.167 10.287 10.317 10.431 10.453
    7.168324 0.5400000  4.4377 -0.9785  9.926 10.014 10.169 10.106 10.083 10.124 10.186 10.065 10.177 10.297 10.326 10.440 10.462
    7.177363 0.5400000  4.4351 -0.9901  9.939 10.026 10.181 10.117 10.094 10.135 10.197 10.076 10.187 10.306 10.336 10.449 10.471
    7.186565 0.5400000  4.4324 -1.0016  9.951 10.038 10.193 10.127 10.105 10.146 10.207 10.086 10.198 10.316 10.345 10.458 10.480
    7.195922 0.5400000  4.4298 -1.0132  9.964 10.050 10.205 10.138 10.116 10.157 10.217 10.096 10.208 10.325 10.355 10.467 10.489
    7.205431 0.5400000  4.4271 -1.0248  9.977 10.062 10.216 10.149 10.127 10.167 10.228 10.106 10.218 10.335 10.364 10.477 10.498
    7.215082 0.5400000  4.4244 -1.0363  9.989 10.074 10.228 10.159 10.138 10.178 10.238 10.116 10.228 10.344 10.373 10.485 10.507
    7.224856 0.5400000  4.4218 -1.0479 10.001 10.086 10.239 10.169 10.149 10.188 10.248 10.126 10.238 10.353 10.382 10.494 10.516
    7.234775 0.5400000  4.4191 -1.0595 10.014 10.097 10.250 10.180 10.160 10.199 10.258 10.136 10.248 10.362 10.391 10.503 10.524
    7.244839 0.5400000  4.4164 -1.0710 10.025 10.109 10.261 10.190 10.170 10.209 10.267 10.145 10.257 10.371 10.400 10.512 10.533
    7.255032 0.5400000  4.4137 -1.0826 10.037 10.120 10.272 10.199 10.181 10.219 10.277 10.154 10.267 10.380 10.409 10.520 10.541
    7.265344 0.5400000  4.4111 -1.0942 10.048 10.130 10.282 10.209 10.190 10.228 10.286 10.163 10.275 10.388 10.417 10.528 10.549
    7.275798 0.5400000  4.4084 -1.1058 10.058 10.140 10.292 10.218 10.200 10.237 10.294 10.172 10.284 10.396 10.425 10.536 10.557
    7.286364 0.5400000  4.4057 -1.1173 10.068 10.150 10.302 10.226 10.208 10.246 10.303 10.180 10.292 10.403 10.432 10.543 10.564
    7.297044 0.5400000  4.4030 -1.1289 10.078 10.159 10.311 10.235 10.217 10.254 10.311 10.188 10.300 10.411 10.440 10.550 10.571
    7.307828 0.5400000  4.4003 -1.1406 10.088 10.169 10.320 10.243 10.226 10.263 10.319 10.196 10.308 10.419 10.447 10.557 10.579
    7.318701 0.5400000  4.3976 -1.1522 10.098 10.178 10.329 10.251 10.234 10.271 10.327 10.203 10.316 10.426 10.454 10.564 10.586
    7.329660 0.5400000  4.3949 -1.1638 10.107 10.186 10.338 10.259 10.242 10.279 10.334 10.211 10.323 10.433 10.461 10.571 10.592
    7.340692 0.5400000  4.3922 -1.1754 10.115 10.195 10.346 10.266 10.250 10.286 10.342 10.218 10.331 10.440 10.468 10.577 10.599
    7.351827 0.5400000  4.3895 -1.1870 10.124 10.203 10.354 10.273 10.258 10.294 10.349 10.225 10.337 10.446 10.474 10.584 10.605
    7.363008 0.5400000  4.3868 -1.1986 10.132 10.211 10.362 10.280 10.265 10.301 10.355 10.232 10.344 10.452 10.481 10.590 10.611
    7.374270 0.5400000  4.3841 -1.2102 10.140 10.218 10.370 10.287 10.272 10.308 10.362 10.238 10.351 10.459 10.487 10.595 10.617
    7.385636 0.5400000  4.3814 -1.2218 10.148 10.226 10.377 10.294 10.279 10.314 10.368 10.245 10.357 10.465 10.493 10.601 10.623
    7.397078 0.5400000  4.3787 -1.2334 10.155 10.233 10.384 10.300 10.286 10.321 10.375 10.251 10.363 10.470 10.498 10.607 10.629
    7.408595 0.5400000  4.3759 -1.2450 10.162 10.240 10.391 10.307 10.292 10.327 10.381 10.257 10.369 10.476 10.504 10.612 10.634
    7.420210 0.5400000  4.3732 -1.2567 10.170 10.247 10.398 10.313 10.299 10.333 10.387 10.263 10.375 10.482 10.510 10.617 10.639
    7.431874 0.5400000  4.3705 -1.2683 10.176 10.253 10.404 10.319 10.305 10.339 10.392 10.268 10.381 10.487 10.515 10.622 10.645
    7.443626 0.5400000  4.3677 -1.2799 10.183 10.260 10.410 10.324 10.311 10.345 10.398 10.273 10.386 10.492 10.520 10.627 10.649
    7.455431 0.5400000  4.3650 -1.2914 10.189 10.266 10.416 10.330 10.316 10.350 10.403 10.278 10.391 10.497 10.524 10.632 10.654
    7.467347 0.5400000  4.3623 -1.3030 10.195 10.271 10.422 10.335 10.322 10.356 10.408 10.283 10.396 10.501 10.529 10.636 10.658
    7.479350 0.5400000  4.3595 -1.3146 10.201 10.277 10.427 10.340 10.327 10.361 10.413 10.288 10.401 10.506 10.533 10.641 10.663
    7.491431 0.5400000  4.3568 -1.3262 10.206 10.282 10.433 10.345 10.332 10.366 10.418 10.293 10.405 10.510 10.538 10.645 10.667
    7.503629 0.5400000  4.3541 -1.3378 10.212 10.288 10.438 10.350 10.337 10.371 10.423 10.298 10.410 10.515 10.542 10.649 10.671
    7.515882 0.5400000  4.3516 -1.3494 10.219 10.295 10.444 10.356 10.343 10.377 10.429 10.304 10.416 10.520 10.548 10.655 10.677
    7.528229 0.5400000  4.3489 -1.3609 10.224 10.300 10.449 10.361 10.348 10.382 10.433 10.308 10.421 10.525 10.552 10.659 10.681
    7.540679 0.5400000  4.3462 -1.3726 10.229 10.305 10.454 10.366 10.353 10.387 10.438 10.313 10.425 10.529 10.557 10.663 10.686
    7.553148 0.5400000  4.3437 -1.3842 10.236 10.311 10.460 10.372 10.359 10.393 10.444 10.318 10.431 10.534 10.562 10.669 10.691
    7.565704 0.5400000  4.3410 -1.3957 10.243 10.318 10.467 10.378 10.365 10.398 10.449 10.324 10.436 10.540 10.568 10.674 10.696
    7.578341 0.5400000  4.3383 -1.4074 10.251 10.326 10.474 10.385 10.373 10.406 10.456 10.331 10.443 10.546 10.574 10.680 10.702
    7.591013 0.5400000  4.3355 -1.4190 10.259 10.334 10.481 10.392 10.380 10.413 10.463 10.337 10.449 10.552 10.580 10.686 10.708
    7.603750 0.5400000  4.3326 -1.4306 10.267 10.341 10.488 10.399 10.387 10.420 10.469 10.343 10.455 10.558 10.586 10.691 10.713
    7.616506 0.5400000  4.3301 -1.4422 10.278 10.352 10.499 10.410 10.398 10.430 10.479 10.353 10.465 10.567 10.595 10.700 10.722
    7.629308 0.5400000  4.3270 -1.4538 10.285 10.358 10.505 10.415 10.404 10.435 10.484 10.357 10.470 10.571 10.599 10.704 10.726
    7.642132 0.5400000  4.3252 -1.4655 10.301 10.375 10.520 10.431 10.420 10.451 10.500 10.372 10.485 10.586 10.614 10.719 10.741
    7.654962 0.5400000  4.3197 -1.4771 10.293 10.365 10.510 10.420 10.409 10.440 10.488 10.360 10.472 10.573 10.600 10.705 10.727
    7.667820 0.5400000  4.3197 -1.4888 10.321 10.394 10.538 10.449 10.438 10.469 10.516 10.388 10.501 10.602 10.629 10.734 10.755
    7.680653 0.5400000  4.3171 -1.5004 10.333 10.406 10.549 10.460 10.449 10.479 10.527 10.398 10.510 10.611 10.638 10.743 10.764
    7.693488 0.5400000  4.3133 -1.5121 10.337 10.409 10.552 10.462 10.452 10.482 10.528 10.399 10.512 10.612 10.639 10.743 10.764
    7.706296 0.5400000  4.3112 -1.5238 10.352 10.424 10.566 10.477 10.466 10.496 10.542 10.413 10.525 10.625 10.652 10.756 10.777
    7.719093 0.5400000  4.3086 -1.5354 10.365 10.437 10.578 10.489 10.478 10.507 10.553 10.424 10.535 10.635 10.662 10.766 10.787
    7.731885 0.5400000  4.3061 -1.5471 10.378 10.449 10.590 10.501 10.490 10.519 10.564 10.434 10.546 10.646 10.672 10.776 10.797
    7.744655 0.5400000  4.3034 -1.5588 10.391 10.462 10.601 10.512 10.502 10.531 10.576 10.445 10.557 10.656 10.682 10.785 10.807
    7.757390 0.5400000  4.3007 -1.5705 10.404 10.474 10.613 10.524 10.514 10.542 10.586 10.455 10.567 10.666 10.692 10.795 10.816
    7.770083 0.5400000  4.2979 -1.5822 10.416 10.486 10.623 10.535 10.525 10.552 10.596 10.465 10.576 10.675 10.701 10.804 10.825
    7.782736 0.5400000  4.2951 -1.5939 10.428 10.498 10.634 10.546 10.536 10.564 10.607 10.475 10.586 10.685 10.711 10.813 10.834
    7.795358 0.5400000  4.2924 -1.6055 10.441 10.511 10.646 10.558 10.548 10.575 10.618 10.485 10.596 10.695 10.721 10.823 10.844
    7.807957 0.5400000  4.2896 -1.6172 10.454 10.523 10.657 10.570 10.560 10.587 10.629 10.496 10.607 10.705 10.731 10.832 10.853
    7.820517 0.5400000  4.2867 -1.6289 10.466 10.535 10.668 10.581 10.572 10.598 10.639 10.505 10.616 10.714 10.740 10.841 10.862
    7.833006 0.5400000  4.2836 -1.6406 10.478 10.547 10.678 10.592 10.583 10.608 10.649 10.514 10.625 10.723 10.748 10.849 10.870
    7.845477 0.5400000  4.2806 -1.6523 10.490 10.558 10.688 10.603 10.594 10.619 10.659 10.523 10.634 10.732 10.757 10.858 10.879
    7.857887 0.5400000  4.2771 -1.6640 10.500 10.568 10.696 10.612 10.603 10.627 10.666 10.530 10.641 10.739 10.764 10.864 10.885
    7.870265 0.5400000  4.2751 -1.6758 10.519 10.587 10.713 10.630 10.621 10.645 10.683 10.547 10.657 10.755 10.780 10.880 10.901
    7.882569 0.5400000  4.2727 -1.6874 10.535 10.603 10.728 10.646 10.636 10.660 10.698 10.561 10.671 10.769 10.794 10.893 10.914
    7.894868 0.5400000  4.2682 -1.6992 10.541 10.608 10.731 10.650 10.641 10.663 10.700 10.562 10.672 10.770 10.795 10.893 10.914
    7.907049 0.5400000  4.2682 -1.7107 10.570 10.637 10.760 10.679 10.670 10.692 10.729 10.591 10.701 10.799 10.823 10.922 10.943
    7.919405 0.5400000  4.2602 -1.7230 10.559 10.626 10.744 10.666 10.657 10.678 10.713 10.573 10.682 10.780 10.804 10.902 10.923
    7.931188 0.5400000  4.2615 -1.7343 10.594 10.661 10.780 10.702 10.693 10.714 10.749 10.609 10.718 10.816 10.841 10.939 10.960
    7.943280 0.5400000  4.2576 -1.7462 10.605 10.671 10.787 10.711 10.702 10.723 10.757 10.615 10.724 10.822 10.847 10.944 10.965
    7.955210 0.5400000  4.2556 -1.7579 10.624 10.691 10.806 10.730 10.721 10.741 10.775 10.633 10.742 10.840 10.864 10.961 10.982
    7.967065 0.5400000  4.2517 -1.7697 10.634 10.701 10.813 10.739 10.730 10.749 10.782 10.639 10.748 10.846 10.870 10.966 10.987
    7.978790 0.5400000  4.2503 -1.7814 10.656 10.722 10.834 10.761 10.752 10.771 10.803 10.660 10.768 10.866 10.890 10.987 11.007
    7.990475 0.5400000  4.2472 -1.7932 10.671 10.737 10.846 10.774 10.765 10.784 10.815 10.671 10.779 10.878 10.901 10.997 11.018
    8.002046 0.5400000  4.2442 -1.8050 10.686 10.751 10.859 10.788 10.779 10.797 10.828 10.683 10.791 10.889 10.913 11.008 11.028
    8.013549 0.5400000  4.2399 -1.8168 10.695 10.760 10.865 10.796 10.787 10.804 10.833 10.688 10.795 10.893 10.917 11.012 11.032
    8.024974 0.5400000  4.2389 -1.8285 10.719 10.784 10.888 10.820 10.811 10.828 10.857 10.711 10.818 10.917 10.940 11.035 11.055
    8.036356 0.5400000  4.2349 -1.8403 10.729 10.794 10.896 10.830 10.821 10.837 10.865 10.718 10.824 10.923 10.946 11.041 11.060
    8.047606 0.5400000  4.2326 -1.8521 10.748 10.813 10.913 10.848 10.839 10.855 10.882 10.734 10.841 10.939 10.962 11.056 11.076
    8.058814 0.5400000  4.2302 -1.8639 10.767 10.831 10.930 10.866 10.857 10.872 10.898 10.751 10.857 10.955 10.978 11.072 11.091
    8.069930 0.5400000  4.2284 -1.8757 10.788 10.853 10.950 10.887 10.878 10.893 10.918 10.770 10.876 10.974 10.998 11.091 11.110
    8.080949 0.5400000  4.2234 -1.8874 10.794 10.858 10.952 10.891 10.882 10.896 10.920 10.771 10.876 10.975 10.997 11.090 11.109
    8.091887 0.5400000  4.2216 -1.8992 10.815 10.879 10.972 10.912 10.903 10.916 10.940 10.791 10.896 10.994 11.017 11.109 11.128
    8.102767 0.5400000  4.2178 -1.9111 10.827 10.891 10.981 10.923 10.914 10.926 10.949 10.799 10.903 11.001 11.024 11.116 11.134
    8.113517 0.5400000  4.2156 -1.9228 10.847 10.910 10.999 10.942 10.933 10.945 10.967 10.816 10.920 11.018 11.041 11.132 11.151
    8.124206 0.5400000  4.2131 -1.9346 10.865 10.928 11.015 10.959 10.950 10.962 10.983 10.831 10.936 11.033 11.055 11.146 11.165
    8.134833 0.5400000  4.2102 -1.9465 10.882 10.944 11.030 10.975 10.966 10.977 10.997 10.845 10.949 11.046 11.068 11.159 11.177
    8.145340 0.5400000  4.2074 -1.9582 10.899 10.961 11.045 10.991 10.982 10.992 11.012 10.859 10.963 11.060 11.082 11.172 11.190
    8.155786 0.5400000  4.2043 -1.9701 10.915 10.977 11.058 11.005 10.997 11.006 11.025 10.872 10.975 11.072 11.094 11.183 11.201
    8.166072 0.5400000  4.1983 -1.9820 10.918 10.979 11.057 11.006 10.998 11.006 11.024 10.869 10.972 11.068 11.089 11.177 11.196
    8.176224 0.5400000  4.2005 -1.9935 10.957 11.018 11.097 11.046 11.037 11.046 11.064 10.910 11.013 11.109 11.131 11.219 11.238
    8.186554 0.5400000  4.1959 -2.0055 10.967 11.028 11.104 11.054 11.046 11.054 11.071 10.915 11.018 11.113 11.135 11.222 11.241
    8.196661 0.5400000  4.1930 -2.0174 10.984 11.045 11.119 11.070 11.062 11.069 11.085 10.929 11.032 11.127 11.148 11.235 11.253
    8.206665 0.5400000  4.1902 -2.0291 11.002 11.062 11.135 11.087 11.078 11.085 11.100 10.943 11.046 11.140 11.161 11.248 11.266
    8.216613 0.5400000  4.1875 -2.0410 11.020 11.080 11.151 11.104 11.096 11.102 11.116 10.959 11.061 11.155 11.176 11.262 11.280
    8.226500 0.5400000  4.1836 -2.0529 11.034 11.093 11.161 11.116 11.107 11.113 11.126 10.968 11.070 11.163 11.184 11.269 11.287
    8.239963 0.5400000  4.1802 -2.0677 11.056 11.116 11.181 11.137 11.129 11.134 11.146 10.987 11.089 11.181 11.202 11.286 11.305
    8.244153 0.5400000  4.1774 -2.0746 11.062 11.121 11.185 11.141 11.133 11.137 11.149 10.989 11.091 11.183 11.203 11.286 11.305
    8.247890 0.5400000  4.1771 -2.0785 11.071 11.129 11.193 11.149 11.141 11.146 11.157 10.997 11.100 11.191 11.211 11.294 11.313
    8.253437 0.5400000  4.1765 -2.0854 11.086 11.144 11.208 11.164 11.156 11.160 11.172 11.012 11.114 11.205 11.225 11.309 11.327
    8.261626 0.5400000  4.1734 -2.0957 11.098 11.157 11.218 11.175 11.167 11.171 11.181 11.021 11.123 11.213 11.233 11.316 11.335
    8.271028 0.5400000  4.1704 -2.1073 11.115 11.172 11.232 11.190 11.182 11.185 11.194 11.033 11.135 11.225 11.245 11.326 11.345
    8.280518 0.5400000  4.1675 -2.1191 11.132 11.189 11.247 11.205 11.198 11.200 11.209 11.047 11.149 11.238 11.258 11.339 11.357
    8.289961 0.5400000  4.1646 -2.1309 11.150 11.206 11.263 11.221 11.214 11.216 11.223 11.061 11.163 11.251 11.271 11.351 11.370
    8.299361 0.5400000  4.1618 -2.1427 11.168 11.224 11.278 11.237 11.230 11.231 11.238 11.075 11.177 11.264 11.284 11.363 11.382
    8.308714 0.5400000  4.1589 -2.1545 11.186 11.241 11.294 11.253 11.246 11.247 11.253 11.089 11.191 11.278 11.297 11.375 11.394
    8.318026 0.5400000  4.1560 -2.1663 11.203 11.258 11.309 11.269 11.263 11.262 11.267 11.103 11.204 11.291 11.309 11.387 11.406
    8.327267 0.5400000  4.1532 -2.1781 11.221 11.275 11.325 11.285 11.279 11.278 11.282 11.117 11.218 11.304 11.322 11.399 11.418
    8.336489 0.5400000  4.1503 -2.1899 11.239 11.292 11.341 11.300 11.295 11.293 11.296 11.131 11.232 11.317 11.335 11.411 11.430
    8.345647 0.5400000  4.1474 -2.2017 11.257 11.310 11.356 11.316 11.311 11.308 11.311 11.145 11.246 11.330 11.348 11.423 11.442
    8.354758 0.5400000  4.1446 -2.2136 11.276 11.327 11.372 11.332 11.327 11.324 11.326 11.159 11.260 11.343 11.361 11.436 11.455
    8.363808 0.5400000  4.1417 -2.2254 11.294 11.344 11.388 11.348 11.343 11.339 11.340 11.173 11.274 11.356 11.374 11.447 11.466
    8.372813 0.5400000  4.1388 -2.2372 11.312 11.362 11.404 11.364 11.360 11.355 11.354 11.187 11.288 11.369 11.386 11.459 11.478
    8.381776 0.5400000  4.1360 -2.2490 11.330 11.379 11.420 11.379 11.376 11.370 11.369 11.201 11.302 11.382 11.399 11.471 11.490
    8.390689 0.5400000  4.1331 -2.2608 11.348 11.396 11.435 11.395 11.392 11.385 11.383 11.215 11.316 11.394 11.412 11.483 11.502
    8.399541 0.5400000  4.1302 -2.2727 11.366 11.414 11.451 11.411 11.408 11.401 11.398 11.230 11.330 11.407 11.424 11.495 11.514
    8.408346 0.5400000  4.1273 -2.2845 11.385 11.431 11.467 11.427 11.424 11.416 11.413 11.244 11.344 11.420 11.437 11.507 11.526
    8.417110 0.5400000  4.1244 -2.2963 11.403 11.449 11.483 11.442 11.440 11.432 11.427 11.258 11.358 11.433 11.449 11.518 11.537
    8.425836 0.5400000  4.1216 -2.3081 11.421 11.466 11.499 11.458 11.456 11.447 11.441 11.272 11.372 11.445 11.462 11.530 11.549
    8.434523 0.5400000  4.1187 -2.3199 11.440 11.484 11.515 11.474 11.472 11.462 11.456 11.286 11.386 11.458 11.474 11.542 11.561
    8.443172 0.5400000  4.1158 -2.3317 11.458 11.501 11.531 11.489 11.488 11.478 11.470 11.300 11.400 11.471 11.487 11.553 11.572
    8.451786 0.5400000  4.1129 -2.3435 11.476 11.519 11.547 11.505 11.504 11.493 11.485 11.314 11.414 11.483 11.499 11.565 11.584
    8.460367 0.5400000  4.1100 -2.3554 11.495 11.537 11.563 11.521 11.521 11.509 11.499 11.328 11.428 11.496 11.512 11.577 11.596
    8.468910 0.5400000  4.1072 -2.3672 11.514 11.555 11.579 11.537 11.537 11.524 11.514 11.342 11.442 11.509 11.525 11.589 11.608
    8.477419 0.5400000  4.1043 -2.3790 11.533 11.573 11.596 11.553 11.554 11.540 11.528 11.356 11.456 11.522 11.537 11.601 11.620
    8.485890 0.5400000  4.1014 -2.3908 11.552 11.591 11.612 11.569 11.570 11.556 11.543 11.370 11.470 11.535 11.550 11.612 11.631
    8.494327 0.5400000  4.0985 -2.4026 11.571 11.609 11.628 11.585 11.587 11.571 11.558 11.384 11.484 11.548 11.562 11.624 11.643
    8.502728 0.5400000  4.0956 -2.4145 11.591 11.627 11.645 11.601 11.603 11.587 11.572 11.399 11.499 11.561 11.575 11.636 11.655
    8.511092 0.5400000  4.0927 -2.4263 11.610 11.645 11.662 11.617 11.620 11.603 11.587 11.413 11.513 11.574 11.588 11.648 11.667
    8.519424 0.5400000  4.0899 -2.4381 11.630 11.663 11.678 11.633 11.636 11.619 11.602 11.427 11.527 11.586 11.600 11.660 11.679
    8.527724 0.5400000  4.0870 -2.4499 11.649 11.682 11.695 11.649 11.653 11.634 11.616 11.441 11.541 11.599 11.613 11.671 11.690
    8.535992 0.5400000  4.0841 -2.4617 11.669 11.700 11.712 11.665 11.670 11.650 11.631 11.456 11.556 11.612 11.626 11.683 11.702
    8.544226 0.5400000  4.0812 -2.4736 11.689 11.718 11.729 11.682 11.687 11.666 11.646 11.470 11.570 11.625 11.638 11.695 11.714
    8.552421 0.5400000  4.0783 -2.4854 11.708 11.737 11.746 11.698 11.703 11.682 11.661 11.484 11.584 11.638 11.651 11.707 11.726
    8.560576 0.5400000  4.0754 -2.4972 11.728 11.756 11.763 11.714 11.720 11.698 11.676 11.499 11.599 11.651 11.664 11.719 11.738
    8.568711 0.5400000  4.0725 -2.5090 11.748 11.774 11.780 11.731 11.737 11.714 11.691 11.514 11.614 11.665 11.677 11.731 11.750
    8.576833 0.5400000  4.0696 -2.5208 11.768 11.793 11.797 11.747 11.754 11.730 11.706 11.528 11.628 11.678 11.690 11.743 11.762
    8.584928 0.5400000  4.0667 -2.5326 11.789 11.813 11.815 11.764 11.771 11.747 11.721 11.543 11.643 11.691 11.703 11.755 11.774
    8.593015 0.5400000  4.0638 -2.5444 11.809 11.832 11.832 11.781 11.789 11.763 11.736 11.558 11.658 11.705 11.716 11.767 11.786
    8.601075 0.5400000  4.0609 -2.5562 11.830 11.851 11.850 11.798 11.806 11.779 11.751 11.572 11.672 11.718 11.729 11.779 11.798
    8.609136 0.5400000  4.0580 -2.5680 11.850 11.870 11.868 11.814 11.823 11.796 11.767 11.587 11.687 11.731 11.743 11.791 11.811
    8.617177 0.5400000  4.0552 -2.5798 11.871 11.890 11.886 11.831 11.841 11.812 11.782 11.602 11.702 11.745 11.756 11.803 11.823
    8.625211 0.5400000  4.0523 -2.5916 11.892 11.909 11.904 11.848 11.858 11.829 11.798 11.617 11.717 11.758 11.769 11.816 11.835
    8.633231 0.5400000  4.0494 -2.6034 11.913 11.929 11.922 11.865 11.876 11.845 11.813 11.632 11.732 11.772 11.783 11.828 11.848
    8.641239 0.5400000  4.0465 -2.6153 11.934 11.949 11.940 11.883 11.894 11.862 11.829 11.647 11.747 11.786 11.796 11.840 11.860
    8.649202 0.5400000  4.0437 -2.6269 11.955 11.968 11.958 11.900 11.911 11.879 11.845 11.662 11.762 11.799 11.809 11.852 11.872
    8.657266 0.5400000  4.0407 -2.6389 11.976 11.989 11.977 11.917 11.929 11.896 11.861 11.678 11.778 11.813 11.823 11.865 11.885
    8.665175 0.5400000  4.0379 -2.6505 11.998 12.009 11.995 11.935 11.947 11.913 11.877 11.693 11.793 11.827 11.837 11.878 11.898
    8.673211 0.5400000  4.0349 -2.6625 12.020 12.030 12.014 11.953 11.966 11.931 11.893 11.709 11.809 11.842 11.851 11.891 11.911
    8.681096 0.5400000  4.0321 -2.6741 12.041 12.050 12.033 11.970 11.984 11.948 11.909 11.725 11.825 11.856 11.865 11.904 11.924
    8.689111 0.5400000  4.0292 -2.6859 12.064 12.071 12.053 11.988 12.003 11.966 11.926 11.741 11.841 11.871 11.879 11.917 11.937
    8.697104 0.5400000  4.0263 -2.6979 12.086 12.092 12.072 12.007 12.022 11.984 11.943 11.757 11.857 11.886 11.894 11.931 11.951
    8.704960 0.5400000  4.0235 -2.7093 12.108 12.112 12.091 12.025 12.041 12.002 11.959 11.773 11.873 11.900 11.908 11.944 11.964
    8.713057 0.5400000  4.0205 -2.7215 12.131 12.134 12.112 12.044 12.060 12.020 11.977 11.790 11.890 11.915 11.923 11.958 11.978
    8.720869 0.5400000  4.0177 -2.7329 12.153 12.155 12.131 12.062 12.079 12.038 11.993 11.806 11.906 11.930 11.937 11.971 11.991
    8.728944 0.5400000  4.0147 -2.7451 12.177 12.177 12.152 12.081 12.099 12.057 12.011 11.823 11.923 11.946 11.953 11.985 12.005
    8.736753 0.5400000  4.0119 -2.7566 12.200 12.198 12.171 12.099 12.118 12.075 12.028 11.840 11.939 11.960 11.967 11.999 12.019
    8.744778 0.5400000  4.0090 -2.7685 12.223 12.220 12.192 12.119 12.138 12.094 12.046 11.857 11.956 11.976 11.982 12.013 12.033
    8.752736 0.5400000  4.0061 -2.7804 12.247 12.242 12.213 12.138 12.158 12.113 12.063 11.874 11.973 11.992 11.997 12.027 12.047
    8.760592 0.5400000  4.0032 -2.7921 12.270 12.264 12.233 12.157 12.178 12.132 12.081 11.891 11.990 12.007 12.013 12.042 12.062
    8.768504 0.5400000  4.0003 -2.8041 12.294 12.287 12.255 12.177 12.199 12.152 12.099 11.909 12.008 12.023 12.028 12.056 12.076
    8.776262 0.5400000  3.9975 -2.8156 12.318 12.308 12.275 12.195 12.218 12.170 12.116 11.925 12.024 12.038 12.043 12.070 12.090
    8.784226 0.5400000  3.9945 -2.8276 12.342 12.331 12.296 12.215 12.238 12.189 12.134 11.942 12.041 12.053 12.058 12.083 12.104
    8.792018 0.5400000  3.9916 -2.8395 12.366 12.353 12.317 12.234 12.259 12.208 12.151 11.959 12.058 12.069 12.073 12.097 12.117
    8.799780 0.5400000  3.9888 -2.8513 12.390 12.376 12.338 12.253 12.279 12.227 12.169 11.976 12.075 12.084 12.087 12.111 12.131
    8.807518 0.5400000  3.9861 -2.8629 12.415 12.398 12.359 12.273 12.299 12.246 12.187 11.994 12.092 12.100 12.103 12.125 12.146
    8.815379 0.5400000  3.9839 -2.8731 12.436 12.418 12.378 12.291 12.318 12.264 12.203 12.010 12.108 12.115 12.117 12.138 12.159
    8.824493 0.5400000  3.9813 -2.8841 12.460 12.440 12.398 12.309 12.337 12.282 12.220 12.026 12.124 12.129 12.132 12.152 12.172
    8.834184 0.5400000  3.9787 -2.8955 12.484 12.462 12.419 12.328 12.357 12.301 12.238 12.043 12.141 12.145 12.147 12.165 12.186
    8.844180 0.5400000  3.9760 -2.9069 12.508 12.485 12.440 12.348 12.377 12.319 12.256 12.060 12.158 12.160 12.162 12.179 12.200
    8.854405 0.5400000  3.9732 -2.9185 12.533 12.508 12.461 12.368 12.398 12.339 12.274 12.078 12.176 12.176 12.177 12.193 12.214
    8.864803 0.5400000  3.9705 -2.9298 12.557 12.530 12.483 12.387 12.418 12.358 12.292 12.095 12.193 12.192 12.193 12.207 12.228
    8.875511 0.5400000  3.9677 -2.9414 12.582 12.553 12.505 12.407 12.439 12.378 12.310 12.113 12.210 12.208 12.208 12.222 12.243
    8.886322 0.5400000  3.9649 -2.9530 12.607 12.577 12.527 12.428 12.460 12.398 12.329 12.130 12.228 12.224 12.224 12.237 12.257
    8.897216 0.5400000  3.9621 -2.9647 12.633 12.601 12.549 12.448 12.482 12.418 12.348 12.148 12.246 12.240 12.240 12.252 12.272
    8.908172 0.5400000  3.9593 -2.9763 12.658 12.624 12.571 12.469 12.503 12.438 12.367 12.166 12.264 12.257 12.256 12.266 12.287
    8.919177 0.5400000  3.9565 -2.9879 12.684 12.648 12.594 12.489 12.525 12.459 12.386 12.185 12.283 12.273 12.272 12.281 12.301
    8.930265 0.5400000  3.9537 -2.9995 12.710 12.672 12.617 12.510 12.546 12.479 12.405 12.203 12.301 12.289 12.288 12.296 12.316
    8.941436 0.5400000  3.9509 -3.0112 12.736 12.697 12.640 12.531 12.569 12.500 12.424 12.222 12.319 12.306 12.305 12.311 12.331
    8.952686 0.5400000  3.9481 -3.0228 12.762 12.721 12.663 12.553 12.591 12.521 12.444 12.240 12.338 12.323 12.321 12.326 12.346
    8.964020 0.5400000  3.9453 -3.0344 12.788 12.746 12.686 12.574 12.613 12.542 12.463 12.259 12.357 12.340 12.338 12.342 12.362
    8.975426 0.5400000  3.9425 -3.0460 12.815 12.770 12.709 12.595 12.635 12.563 12.483 12.278 12.376 12.357 12.354 12.357 12.377
    8.986864 0.5400000  3.9397 -3.0577 12.842 12.795 12.733 12.617 12.658 12.584 12.503 12.297 12.395 12.374 12.371 12.373 12.392
    8.998318 0.5400000  3.9368 -3.0694 12.869 12.821 12.757 12.639 12.680 12.606 12.523 12.316 12.414 12.392 12.388 12.388 12.408
    9.009752 0.5400000  3.9340 -3.0811 12.896 12.846 12.781 12.661 12.703 12.627 12.543 12.336 12.434 12.409 12.406 12.404 12.424
    9.021144 0.5400000  3.9311 -3.0929 12.924 12.872 12.805 12.683 12.727 12.649 12.564 12.356 12.454 12.427 12.423 12.420 12.440
    9.032494 0.5400000  3.9283 -3.1047 12.952 12.898 12.830 12.706 12.750 12.671 12.585 12.376 12.474 12.445 12.441 12.436 12.456
    9.043766 0.5400000  3.9254 -3.1165 12.980 12.924 12.854 12.728 12.774 12.694 12.606 12.395 12.493 12.463 12.458 12.452 12.472
    9.054931 0.5400000  3.9225 -3.1283 13.009 12.951 12.879 12.751 12.797 12.716 12.627 12.416 12.514 12.481 12.476 12.468 12.489
    9.065975 0.5400000  3.9196 -3.1401 13.037 12.977 12.904 12.774 12.821 12.738 12.648 12.436 12.534 12.499 12.493 12.485 12.505
    9.076878 0.5400000  3.9167 -3.1521 13.066 13.004 12.929 12.798 12.846 12.762 12.669 12.456 12.554 12.518 12.512 12.501 12.522
    9.087585 0.5400000  3.9138 -3.1640 13.096 13.031 12.955 12.821 12.870 12.784 12.691 12.477 12.575 12.536 12.530 12.518 12.539
    9.098118 0.5400000  3.9110 -3.1757 13.124 13.058 12.980 12.844 12.894 12.807 12.712 12.497 12.595 12.555 12.548 12.534 12.555
    9.108643 0.5400000  3.9080 -3.1877 13.154 13.086 13.006 12.868 12.919 12.831 12.734 12.518 12.617 12.574 12.566 12.551 12.572
    9.118885 0.5400000  3.9050 -3.2002 13.185 13.115 13.034 12.894 12.945 12.855 12.757 12.541 12.639 12.594 12.585 12.569 12.590
    9.128529 0.5400000  3.9021 -3.2121 13.215 13.142 13.060 12.918 12.970 12.879 12.779 12.562 12.660 12.613 12.604 12.586 12.607
    9.138012 0.5400000  3.8991 -3.2240 13.245 13.170 13.086 12.942 12.995 12.902 12.801 12.583 12.681 12.632 12.622 12.603 12.624
    9.147373 0.5400000  3.8962 -3.2360 13.276 13.198 13.112 12.966 13.021 12.926 12.823 12.604 12.702 12.651 12.641 12.620 12.641
    9.156513 0.5400000  3.8932 -3.2481 13.307 13.227 13.139 12.991 13.046 12.950 12.846 12.626 12.724 12.670 12.660 12.637 12.659
    9.165440 0.5400000  3.8903 -3.2601 13.337 13.256 13.166 13.016 13.072 12.974 12.868 12.647 12.745 12.690 12.678 12.655 12.676
    9.174143 0.5400000  3.8873 -3.2722 13.369 13.285 13.193 13.041 13.098 12.999 12.891 12.669 12.767 12.709 12.697 12.672 12.694
    9.182651 0.5400000  3.8843 -3.2842 13.400 13.314 13.220 13.065 13.124 13.023 12.914 12.691 12.789 12.729 12.716 12.689 12.711
    9.190967 0.5400000  3.8814 -3.2962 13.431 13.343 13.248 13.090 13.150 13.048 12.937 12.713 12.810 12.748 12.735 12.707 12.729
    9.199137 0.5400000  3.8784 -3.3082 13.463 13.372 13.275 13.116 13.176 13.072 12.960 12.735 12.832 12.768 12.754 12.724 12.746
    9.207167 0.5400000  3.8755 -3.3201 13.494 13.401 13.302 13.141 13.202 13.097 12.983 12.757 12.854 12.787 12.773 12.742 12.764
    9.215069 0.5400000  3.8725 -3.3322 13.526 13.431 13.330 13.166 13.229 13.121 13.006 12.779 12.876 12.807 12.793 12.759 12.781
    9.222803 0.5400000  3.8696 -3.3442 13.558 13.460 13.358 13.191 13.255 13.146 13.029 12.801 12.898 12.827 12.812 12.777 12.799
    9.230424 0.5400000  3.8666 -3.3561 13.590 13.490 13.386 13.217 13.282 13.171 13.052 12.823 12.920 12.846 12.831 12.794 12.816
    9.237940 0.5400000  3.8637 -3.3681 13.622 13.520 13.414 13.242 13.308 13.196 13.075 12.845 12.942 12.866 12.850 12.812 12.834
    9.245360 0.5400000  3.8607 -3.3801 13.655 13.550 13.442 13.268 13.335 13.220 13.098 12.868 12.965 12.886 12.869 12.829 12.851
    9.252658 0.5400000  3.8578 -3.3920 13.687 13.579 13.470 13.294 13.361 13.245 13.122 12.890 12.987 12.906 12.889 12.847 12.869
    9.259871 0.5400000  3.8548 -3.4040 13.720 13.609 13.498 13.319 13.388 13.270 13.145 12.912 13.009 12.925 12.908 12.864 12.886
    9.266988 0.5400000  3.8519 -3.4159 13.753 13.640 13.526 13.345 13.415 13.295 13.168 12.934 13.031 12.945 12.927 12.882 12.904
    9.274035 0.5400000  3.8489 -3.4278 13.786 13.670 13.555 13.371 13.442 13.320 13.191 12.957 13.054 12.965 12.947 12.899 12.921
    9.281007 0.5400000  3.8460 -3.4397 13.819 13.700 13.583 13.397 13.469 13.345 13.215 12.979 13.076 12.985 12.966 12.917 12.939
    9.287925 0.5400000  3.8430 -3.4515 13.852 13.730 13.612 13.423 13.496 13.370 13.238 13.002 13.098 13.005 12.985 12.934 12.956
    9.294852 0.5400000  3.8401 -3.4636 13.886 13.762 13.641 13.450 13.524 13.397 13.262 13.025 13.122 13.025 13.005 12.952 12.974
    9.303260 0.5400000  3.8371 -3.4756 13.921 13.793 13.671 13.476 13.552 13.422 13.286 13.047 13.144 13.045 13.025 12.970 12.992
    9.312275 0.5400000  3.8340 -3.4876 13.955 13.825 13.700 13.503 13.580 13.448 13.310 13.070 13.167 13.065 13.044 12.987 13.010
    9.320900 0.5400000  3.8311 -3.4994 13.990 13.856 13.730 13.530 13.607 13.474 13.334 13.093 13.190 13.085 13.064 13.005 13.027
    9.330583 0.5400000  3.8281 -3.5112 14.024 13.888 13.759 13.556 13.635 13.500 13.358 13.116 13.212 13.105 13.083 13.023 13.045
    9.339684 0.5400000  3.8252 -3.5232 14.060 13.920 13.789 13.583 13.664 13.526 13.382 13.139 13.236 13.126 13.103 13.041 13.063
    9.348717 0.5400000  3.8222 -3.5353 14.096 13.953 13.819 13.611 13.692 13.553 13.407 13.163 13.259 13.147 13.123 13.059 13.081
    9.357743 0.5400000  3.8192 -3.5472 14.131 13.985 13.850 13.638 13.721 13.579 13.432 13.186 13.282 13.167 13.143 13.077 13.100
    9.366076 0.5400000  3.8163 -3.5592 14.167 14.018 13.880 13.665 13.750 13.606 13.456 13.210 13.306 13.188 13.163 13.095 13.118
    9.375013 0.5400000  3.8133 -3.5711 14.203 14.050 13.911 13.693 13.779 13.633 13.481 13.233 13.329 13.209 13.183 13.113 13.136
    9.383276 0.5400000  3.8104 -3.5831 14.240 14.084 13.942 13.721 13.808 13.660 13.506 13.257 13.353 13.230 13.203 13.131 13.154
    9.391493 0.5400000  3.8074 -3.5950 14.277 14.117 13.973 13.749 13.837 13.687 13.531 13.281 13.377 13.250 13.223 13.150 13.173
    9.399455 0.5400000  3.8044 -3.6070 14.315 14.151 14.004 13.777 13.867 13.714 13.556 13.305 13.401 13.271 13.243 13.168 13.191
    9.407399 0.5400000  3.8014 -3.6190 14.353 14.186 14.036 13.805 13.897 13.741 13.581 13.329 13.424 13.292 13.264 13.186 13.209
    9.415484 0.5400000  3.7985 -3.6309 14.391 14.220 14.068 13.834 13.927 13.769 13.607 13.353 13.448 13.313 13.284 13.204 13.227
    9.422796 0.5400000  3.7955 -3.6428 14.430 14.255 14.100 13.862 13.957 13.796 13.632 13.377 13.472 13.334 13.304 13.223 13.246
    9.430045 0.5400000  3.7926 -3.6547 14.468 14.289 14.132 13.891 13.987 13.824 13.657 13.401 13.497 13.355 13.325 13.241 13.264
    9.437287 0.5400000  3.7896 -3.6668 14.508 14.325 14.165 13.920 14.018 13.852 13.683 13.425 13.521 13.377 13.345 13.260 13.283
    9.444587 0.5400000  3.7866 -3.6787 14.547 14.360 14.198 13.949 14.048 13.880 13.709 13.450 13.545 13.398 13.366 13.278 13.301
    9.451788 0.5400000  3.7837 -3.6906 14.587 14.396 14.230 13.978 14.079 13.907 13.734 13.474 13.570 13.419 13.386 13.296 13.319
    9.458304 0.5400000  3.7807 -3.7025 14.627 14.431 14.263 14.007 14.110 13.935 13.760 13.498 13.594 13.440 13.407 13.315 13.338
    9.465479 0.5400000  3.7778 -3.7144 14.668 14.468 14.297 14.037 14.141 13.964 13.786 13.523 13.619 13.462 13.427 13.333 13.356
    9.472608 0.5400000  3.7748 -3.7266 14.711 14.506 14.332 14.068 14.174 13.993 13.813 13.548 13.644 13.483 13.449 13.352 13.375
    9.479589 0.5400000  3.7718 -3.7385 14.754 14.543 14.366 14.098 14.206 14.022 13.840 13.573 13.669 13.505 13.469 13.371 13.394
    9.485848 0.5400000  3.7689 -3.7504 14.797 14.581 14.401 14.129 14.238 14.051 13.866 13.599 13.694 13.526 13.490 13.389 13.412
    9.492414 0.5400000  3.7659 -3.7623 14.841 14.620 14.437 14.160 14.271 14.081 13.893 13.624 13.720 13.548 13.511 13.407 13.431
    9.497645 0.5400000  3.7629 -3.7743 14.885 14.659 14.473 14.191 14.304 14.111 13.920 13.649 13.745 13.570 13.532 13.426 13.450
    9.502858 0.5400000  3.7599 -3.7862 14.930 14.699 14.509 14.222 14.338 14.141 13.947 13.675 13.771 13.591 13.553 13.444 13.468
    9.508828 0.5400000  3.7570 -3.7981 14.976 14.738 14.545 14.254 14.371 14.171 13.975 13.700 13.796 13.613 13.574 13.463 13.487
    9.515448 0.5400000  3.7540 -3.8100 15.022 14.778 14.582 14.286 14.405 14.201 14.002 13.726 13.822 13.635 13.595 13.482 13.506
    9.521480 0.5400000  3.7510 -3.8220 15.069 14.819 14.619 14.318 14.439 14.232 14.030 13.752 13.848 13.657 13.616 13.500 13.524
    9.527424 0.5400000  3.7481 -3.8339 15.116 14.860 14.656 14.350 14.473 14.262 14.058 13.778 13.874 13.679 13.637 13.519 13.543
    9.533769 0.5400000  3.7451 -3.8460 15.164 14.902 14.695 14.383 14.508 14.294 14.086 13.805 13.900 13.701 13.659 13.538 13.563
    9.539598 0.5400000  3.7422 -3.8579 15.212 14.943 14.733 14.416 14.543 14.325 14.114 13.831 13.926 13.724 13.680 13.557 13.581
    9.545383 0.5400000  3.7392 -3.8699 15.262 14.987 14.772 14.450 14.579 14.357 14.143 13.858 13.953 13.746 13.702 13.576 13.601
    9.551115 0.5400000  3.7362 -3.8819 15.314 15.031 14.813 14.485 14.616 14.390 14.173 13.886 13.981 13.769 13.724 13.595 13.620
    9.556793 0.5400000  3.7332 -3.8938 15.366 15.077 14.854 14.520 14.654 14.423 14.202 13.914 14.009 13.792 13.746 13.615 13.640
    9.562468 0.5400000  3.7302 -3.9057 15.420 15.123 14.896 14.555 14.692 14.456 14.232 13.942 14.037 13.816 13.768 13.634 13.659
    9.567630 0.5400000  3.7273 -3.9177 15.475 15.170 14.938 14.591 14.731 14.490 14.263 13.970 14.065 13.839 13.791 13.654 13.679
    9.573197 0.5400000  3.7243 -3.9296 15.530 15.217 14.981 14.628 14.770 14.525 14.293 13.999 14.094 13.863 13.814 13.674 13.699
    9.578717 0.5400000  3.7213 -3.9416 15.586 15.265 15.025 14.665 14.809 14.559 14.324 14.028 14.123 13.887 13.836 13.693 13.719
    9.583737 0.5400000  3.7184 -3.9535 15.644 15.314 15.069 14.702 14.850 14.595 14.356 14.057 14.152 13.911 13.859 13.713 13.739
    9.588732 0.5400000  3.7154 -3.9654 15.702 15.364 15.115 14.741 14.891 14.631 14.388 14.087 14.182 13.936 13.883 13.734 13.760
    9.594100 0.5400000  3.7124 -3.9774 15.762 15.415 15.161 14.780 14.933 14.667 14.421 14.117 14.212 13.960 13.906 13.754 13.780
    9.598996 0.5400000  3.7094 -3.9893 15.822 15.467 15.209 14.820 14.975 14.704 14.454 14.148 14.242 13.985 13.930 13.774 13.801
    9.603867 0.5400000  3.7065 -4.0013 15.884 15.520 15.257 14.860 15.018 14.742 14.487 14.179 14.274 14.011 13.954 13.795 13.822
    9.608702 0.5400000  3.7035 -4.0132 15.946 15.573 15.306 14.901 15.062 14.779 14.521 14.211 14.305 14.036 13.978 13.816 13.842
    9.613502 0.5400000  3.7005 -4.0251 16.010 15.627 15.355 14.942 15.106 14.818 14.555 14.242 14.336 14.061 14.003 13.836 13.863
    9.618274 0.5400000  3.6975 -4.0371 16.074 15.682 15.406 14.984 15.152 14.857 14.591 14.275 14.369 14.088 14.028 13.858 13.885
    9.622635 0.5400000  3.6946 -4.0490 16.140 15.738 15.457 15.027 15.198 14.896 14.626 14.308 14.401 14.114 14.053 13.879 13.906
    9.627719 0.5400000  3.6916 -4.0610 16.206 15.795 15.509 15.071 15.244 14.937 14.662 14.342 14.435 14.141 14.079 13.901 13.928
    9.632027 0.5400000  3.6886 -4.0729 16.273 15.852 15.562 15.115 15.292 14.977 14.699 14.375 14.469 14.168 14.104 13.923 13.951
    9.636699 0.5400000  3.6856 -4.0848 16.341 15.910 15.616 15.160 15.340 15.019 14.736 14.410 14.503 14.196 14.131 13.945 13.973
    9.640976 0.5400000  3.6827 -4.0967 16.410 15.969 15.670 15.206 15.389 15.060 14.773 14.445 14.537 14.224 14.157 13.968 13.996
    9.645246 0.5400000  3.6796 -4.1089 16.482 16.030 15.726 15.253 15.439 15.104 14.812 14.481 14.573 14.253 14.184 13.991 14.019
    9.649649 0.5400000  3.6766 -4.1210 16.554 16.092 15.784 15.301 15.491 15.148 14.852 14.518 14.609 14.282 14.212 14.015 14.043
    9.653899 0.5400000  3.6736 -4.1329 16.625 16.152 15.840 15.349 15.541 15.191 14.891 14.554 14.646 14.311 14.239 14.038 14.066
    9.658087 0.5400000  3.6707 -4.1447 16.695 16.213 15.897 15.397 15.592 15.235 14.930 14.591 14.682 14.341 14.267 14.062 14.090
    9.661853 0.5400000  3.6678 -4.1564 16.767 16.274 15.954 15.445 15.644 15.278 14.970 14.628 14.719 14.370 14.295 14.086 14.114
    9.666238 0.5400000  3.6648 -4.1684 16.840 16.338 16.014 15.495 15.697 15.324 15.011 14.666 14.758 14.401 14.324 14.110 14.139
    9.670161 0.5400000  3.6618 -4.1803 16.914 16.401 16.074 15.545 15.750 15.370 15.052 14.704 14.796 14.432 14.353 14.135 14.164
    9.674042 0.5400000  3.6588 -4.1923 16.989 16.466 16.135 15.596 15.804 15.416 15.095 14.744 14.836 14.463 14.383 14.160 14.190
    9.677935 0.5400000  3.6558 -4.2042 17.064 16.531 16.196 15.648 15.859 15.463 15.137 14.783 14.875 14.495 14.413 14.185 14.215
    9.682294 0.5400000  3.6528 -4.2161 17.140 16.597 16.258 15.700 15.915 15.510 15.180 14.824 14.915 14.527 14.443 14.211 14.241
    9.686399 0.5400000  3.6499 -4.2280 17.216 16.663 16.321 15.753 15.971 15.558 15.224 14.864 14.956 14.559 14.474 14.237 14.267
    9.690499 0.5400000  3.6469 -4.2399 17.293 16.730 16.384 15.807 16.027 15.607 15.268 14.906 14.997 14.592 14.505 14.263 14.294
    9.694208 0.5400000  3.6439 -4.2519 17.370 16.797 16.448 15.861 16.085 15.656 15.313 14.948 15.039 14.626 14.536 14.290 14.321
    9.698298 0.5400000  3.6409 -4.2638 17.448 16.865 16.513 15.916 16.142 15.705 15.358 14.990 15.081 14.659 14.568 14.317 14.348
    9.702271 0.5400000  3.6380 -4.2758 17.527 16.934 16.578 15.972 16.201 15.755 15.404 15.033 15.124 14.693 14.601 14.344 14.376
    9.706137 0.5400000  3.6350 -4.2877 17.606 17.003 16.644 16.028 16.260 15.806 15.450 15.077 15.167 14.728 14.633 14.372 14.403
    9.709982 0.5400000  3.6320 -4.2997 17.686 17.073 16.711 16.085 16.320 15.857 15.498 15.121 15.211 14.763 14.666 14.400 14.432
    9.713802 0.5400000  3.6290 -4.3116 17.767 17.143 16.778 16.142 16.381 15.909 15.545 15.166 15.255 14.798 14.699 14.428 14.460
    9.717614 0.5400000  3.6260 -4.3236 17.848 17.214 16.846 16.200 16.442 15.961 15.593 15.211 15.301 14.834 14.733 14.457 14.489
    9.721404 0.5400000  3.6230 -4.3355 17.929 17.285 16.914 16.259 16.503 16.013 15.642 15.256 15.346 14.870 14.768 14.486 14.518
    9.725170 0.5400000  3.6200 -4.3475 18.011 17.357 16.983 16.318 16.565 16.067 15.691 15.303 15.392 14.907 14.802 14.515 14.548
    9.728726 0.5400000  3.6170 -4.3595 18.093 17.430 17.053 16.378 16.628 16.120 15.741 15.350 15.439 14.944 14.837 14.545 14.578
    9.732466 0.5400000  3.6141 -4.3714 18.176 17.502 17.123 16.439 16.691 16.174 15.791 15.397 15.486 14.982 14.873 14.575 14.609
    9.736181 0.5400000  3.6111 -4.3834 18.259 17.576 17.194 16.500 16.755 16.229 15.842 15.445 15.534 15.020 14.909 14.606 14.640
    9.739897 0.5400000  3.6081 -4.3953 18.342 17.649 17.265 16.561 16.819 16.283 15.893 15.493 15.582 15.059 14.945 14.636 14.671
    9.743400 0.5400000  3.6051 -4.4072 18.426 17.723 17.336 16.623 16.883 16.339 15.944 15.541 15.630 15.097 14.981 14.667 14.702
    9.747048 0.5400000  3.6022 -4.4191 18.510 17.798 17.408 16.685 16.948 16.394 15.997 15.590 15.679 15.136 15.018 14.699 14.734
    9.750641 0.5400000  3.5992 -4.4311 18.595 17.873 17.481 16.748 17.014 16.451 16.049 15.640 15.729 15.176 15.056 14.731 14.766
    9.754217 0.5400000  3.5962 -4.4430 18.680 17.948 17.554 16.812 17.080 16.507 16.102 15.690 15.779 15.216 15.093 14.763 14.799
    9.757788 0.5400000  3.5932 -4.4549 18.765 18.023 17.627 16.875 17.146 16.564 16.156 15.741 15.830 15.257 15.131 14.795 14.831
    9.761347 0.5400000  3.5903 -4.4669 18.851 18.100 17.701 16.940 17.213 16.622 16.210 15.793 15.881 15.298 15.170 14.828 14.865
    9.764791 0.5400000  3.5873 -4.4789 18.938 18.177 17.776 17.005 17.281 16.680 16.265 15.845 15.933 15.340 15.209 14.861 14.898
    9.768319 0.5400000  3.5843 -4.4908 19.024 18.253 17.851 17.071 17.348 16.738 16.320 15.897 15.985 15.381 15.248 14.894 14.932
    9.771836 0.5400000  3.5813 -4.5027 19.111 18.331 17.927 17.137 17.417 16.797 16.375 15.949 16.037 15.423 15.288 14.928 14.966
    9.775343 0.5400000  3.5783 -4.5147 19.199 18.409 18.003 17.204 17.486 16.856 16.431 16.003 16.091 15.466 15.328 14.962 15.001
    9.778731 0.5400000  3.5754 -4.5266 19.287 18.487 18.080 17.271 17.555 16.916 16.488 16.057 16.144 15.509 15.368 14.997 15.036
    9.782116 0.5400000  3.5724 -4.5386 19.375 18.566 18.157 17.338 17.625 16.976 16.545 16.111 16.199 15.553 15.409 15.031 15.071
    9.785493 0.5400000  3.5694 -4.5505 19.464 18.645 18.234 17.406 17.695 17.036 16.602 16.165 16.253 15.597 15.450 15.066 15.107
    9.788855 0.5400000  3.5664 -4.5625 19.553 18.724 18.312 17.474 17.766 17.097 16.659 16.221 16.308 15.641 15.492 15.102 15.143
    9.792212 0.5400000  3.5635 -4.5744 19.642 18.804 18.390 17.543 17.837 17.158 16.718 16.276 16.363 15.685 15.534 15.138 15.179
    9.795544 0.5400000  3.5605 -4.5863 19.732 18.884 18.468 17.612 17.908 17.219 16.776 16.332 16.419 15.730 15.576 15.174 15.215
    9.798876 0.5400000  3.5575 -4.5983 19.821 18.964 18.547 17.681 17.980 17.281 16.835 16.389 16.475 15.776 15.619 15.210 15.252
    9.802200 0.5400000  3.5545 -4.6102 19.912 19.045 18.627 17.751 18.052 17.344 16.894 16.446 16.532 15.821 15.662 15.247 15.290
    9.805526 0.5400000  3.5516 -4.6222 20.003 19.127 18.707 17.822 18.125 17.407 16.954 16.503 16.589 15.868 15.706 15.284 15.327
